273 360 8 3 12
269 360 13 5 44
280 360 12 4 28
272 360 16 5 72
276 360 10 3 17
282 360 18 5 51
281 360 13 5 39
277 360 13 5 64
267 360 19 6 73
270 360 12 4 45
269 360 6 2 6
272 360 8 3 14
274 360 18 4 30
278 360 9 3 15
280 360 13 5 34
273 360 16 5 57
280 360 14 5 54
271 360 13 5 37
270 360 18 5 58
281 360 4 1 1
267 360 13 5 40
272 360 5 2 7
274 360 10 3 15
283 360 16 5 48
275 360 13 5 37
283 360 17 5 34
273 360 17 4 38
266 360 9 3 17
268 360 14 5 51
272 360 7 4 19
277 360 15 6 66
274 360 15 6 76
280 360 14 5 47
262 360 14 5 45
273 360 14 5 44
272 360 11 5 30
266 360 11 5 42
273 360 8 3 15
278 360 15 6 62
274 360 16 5 54
273 360 11 5 36
275 360 11 5 35
271 360 6 2 6
276 360 12 4 44
274 360 10 3 17
278 360 10 3 18
277 360 8 3 17
270 360 10 4 28
270 360 14 5 78
273 360 12 4 42
272 360 10 3 16
272 360 7 4 21
272 360 12 5 25
269 360 9 3 18
276 360 16 5 56
271 360 12 4 25
272 360 15 6 50
264 360 13 5 47
271 360 15 6 64
266 360 7 4 22
280 360 5 2 7
271 360 13 5 37
273 360 14 5 37
277 360 14 5 35
271 360 18 4 32
276 360 12 4 25
270 360 14 5 40
271 360 10 3 14
273 360 13 5 35
276 360 14 5 44
275 360 17 4 36
269 360 10 3 17
275 360 13 5 50
272 360 7 4 15
273 360 15 6 65
269 360 15 6 61
274 360 11 5 31
269 360 13 5 45
270 360 15 6 79
277 360 13 5 46
271 360 12 4 30
273 360 8 3 23
273 360 6 2 6
276 360 11 5 41
270 360 13 5 36
271 360 10 3 16
283 360 14 5 54
276 360 14 5 35
270 360 12 4 35
272 360 3 1 1
275 360 18 5 32
278 360 9 3 13
275 360 5 2 6
275 360 8 3 19
277 360 7 4 17
269 360 6 2 6
275 360 16 5 64
276 360 20 5 67
273 360 11 5 45
271 360 8 3 19
274 360 7 4 17
