452 600 776 17 349
450 600 349 15 107
451 600 542 14 115
456 600 402 15 117
456 600 207 14 82
451 600 485 16 133
448 600 711 17 329
458 600 439 16 166
453 600 701 17 258
464 600 642 17 198
456 600 751 17 206
459 600 365 15 100
462 600 828 17 279
443 600 425 16 171
459 600 516 11 63
457 600 476 15 138
449 600 600 15 331
456 600 665 17 169
458 600 769 17 215
450 600 79 10 31
452 600 72 9 23
452 600 431 16 123
459 600 556 15 103
467 600 534 15 121
451 600 583 16 249
458 600 362 14 78
457 600 461 16 104
462 600 608 16 170
453 600 581 17 184
457 600 542 14 132
448 600 278 12 67
454 600 760 15 165
453 600 583 16 144
460 600 701 13 137
452 600 807 18 253
457 600 586 16 148
450 600 389 16 164
457 600 307 14 72
454 600 255 14 71
456 600 652 17 167
457 600 464 15 173
459 600 491 16 148
452 600 198 13 56
452 600 354 14 76
453 600 728 16 189
451 600 692 13 87
442 600 487 16 126
457 600 630 16 140
456 600 552 15 140
455 600 692 17 208
453 600 562 14 198
450 600 857 18 377
455 600 633 13 117
452 600 378 14 103
460 600 606 16 185
454 600 513 9 39
454 600 946 17 242
461 600 185 13 73
450 600 689 17 245
457 600 474 15 133
455 600 670 16 201
466 600 865 15 176
452 600 255 14 76
467 600 407 16 140
457 600 401 16 109
461 600 165 13 40
459 600 476 15 116
461 600 747 18 312
450 600 320 13 67
458 600 528 13 82
456 600 458 15 132
461 600 417 16 110
454 600 565 13 139
453 600 603 16 174
463 600 580 16 139
456 600 614 15 199
456 600 677 17 250
457 600 306 14 93
455 600 488 15 158
457 600 399 16 105
460 600 533 14 124
447 600 388 15 117
461 600 521 13 140
453 600 514 11 38
449 600 400 15 129
452 600 540 14 92
459 600 157 12 72
449 600 580 15 146
452 600 443 16 142
461 600 737 17 224
465 600 466 15 131
452 600 490 15 160
458 600 635 16 366
454 600 568 15 105
453 600 716 16 211
467 600 228 13 73
449 600 410 15 127
468 600 507 16 139
456 600 592 15 191
452 600 577 16 126
