96 120 134 11 58
86 120 81 10 63
89 120 103 12 108
89 120 80 10 56
91 120 89 10 73
95 120 126 11 87
90 120 84 10 112
92 120 156 11 104
87 120 87 11 56
93 120 74 10 67
91 120 80 9 38
90 120 85 11 51
91 120 99 12 89
90 120 114 11 86
96 120 66 6 21
93 120 102 10 95
87 120 68 7 29
92 120 103 12 92
93 120 41 8 33
93 120 92 10 55
94 120 105 12 92
93 120 55 10 59
96 120 72 8 48
89 120 119 12 93
95 120 84 10 41
92 120 101 12 70
91 120 122 11 105
92 120 58 9 47
87 120 104 11 62
91 120 108 11 126
90 120 130 7 30
93 120 72 8 35
92 120 103 12 88
91 120 65 6 23
94 120 153 13 130
94 120 84 10 82
93 120 96 10 53
90 120 146 12 112
95 120 112 11 92
91 120 87 11 102
93 120 72 8 37
92 120 103 12 120
91 120 107 12 53
91 120 93 11 65
91 120 98 11 91
92 120 120 11 87
89 120 122 11 107
90 120 79 10 48
91 120 118 11 147
91 120 127 12 119
89 120 64 7 24
91 120 58 9 54
93 120 88 10 64
92 120 127 12 127
94 120 31 8 32
89 120 63 10 84
93 120 145 11 114
91 120 137 11 117
90 120 90 10 77
91 120 139 13 179
89 120 101 12 123
92 120 102 11 67
95 120 115 12 76
90 120 109 12 65
94 120 165 13 140
92 120 113 12 141
89 120 61 10 67
91 120 120 11 128
92 120 154 10 66
93 120 43 9 35
89 120 130 8 29
93 120 83 11 71
91 120 99 12 103
90 120 100 11 71
92 120 62 9 42
91 120 101 12 142
92 120 171 13 156
86 120 130 10 36
88 120 98 11 87
89 120 98 11 50
95 120 143 11 93
91 120 72 8 41
90 120 117 12 99
92 120 113 12 109
95 120 23 7 24
93 120 130 7 36
93 120 103 12 102
90 120 100 11 101
93 120 44 8 52
92 120 95 11 63
96 120 95 11 77
95 120 94 10 61
93 120 97 11 54
89 120 130 8 45
90 120 145 11 93
91 120 63 10 70
92 120 50 9 32
90 120 109 12 83
92 120 103 12 151
90 120 75 10 52
90 120 104 11 129
