644 840 1153 17 352
631 840 484 15 106
643 840 674 16 110
634 840 814 17 160
643 840 755 17 191
635 840 236 13 55
638 840 880 17 224
620 840 111 12 47
642 840 692 16 215
640 840 1028 12 96
642 840 1042 15 162
639 840 382 14 59
634 840 509 16 141
629 840 708 16 150
634 840 643 16 149
636 840 793 18 179
636 840 529 13 77
635 840 984 17 242
625 840 353 15 80
636 840 564 15 88
633 840 693 17 186
636 840 612 16 114
647 840 740 17 133
641 840 311 14 72
638 840 506 15 119
634 840 784 16 135
637 840 905 18 306
652 840 935 18 193
620 840 961 18 218
641 840 1032 14 117
635 840 1040 15 125
641 840 986 17 399
648 840 856 17 196
643 840 809 18 186
640 840 955 18 253
634 840 1168 18 229
645 840 769 17 172
635 840 452 15 94
637 840 647 17 185
645 840 758 16 134
635 840 662 17 213
638 840 498 15 112
623 840 834 17 339
639 840 472 15 97
638 840 927 18 216
632 840 1031 13 152
627 840 832 17 247
635 840 702 16 199
631 840 331 15 75
638 840 686 16 149
634 840 1070 16 230
635 840 688 16 145
645 840 897 18 263
638 840 789 18 218
639 840 934 17 249
636 840 597 16 129
639 840 1082 16 221
638 840 892 17 232
636 840 790 17 229
634 840 682 14 101
637 840 808 17 202
634 840 671 17 177
635 840 620 15 123
637 840 303 14 67
627 840 530 13 101
625 840 1079 16 219
639 840 745 17 187
639 840 652 14 128
637 840 729 17 160
638 840 588 15 102
639 840 406 15 104
629 840 873 18 232
634 840 615 16 171
636 840 1056 15 166
629 840 1104 17 362
651 840 1210 18 278
640 840 674 16 118
640 840 439 16 116
633 840 958 17 270
636 840 335 15 77
631 840 902 17 284
646 840 578 16 126
643 840 1191 16 282
634 840 824 17 198
637 840 1050 15 222
635 840 558 15 139
638 840 787 18 344
645 840 779 18 180
642 840 553 15 117
635 840 1036 14 193
647 840 816 17 258
638 840 921 18 220
636 840 486 15 100
635 840 520 13 67
632 840 657 17 165
636 840 1243 19 365
633 840 943 18 314
642 840 847 18 223
633 840 405 16 102
630 840 576 14 134
641 840 751 17 190
