1362 1800 9 3 20
1367 1800 17 4 46
1370 1800 7 4 23
1374 1800 6 2 7
1375 1800 18 4 40
1369 1800 15 6 75
1366 1800 13 5 68
1364 1800 15 6 80
1348 1800 10 3 19
1362 1800 4 1 1
1352 1800 8 3 16
1361 1800 14 5 45
1370 1800 12 4 40
1377 1800 9 3 22
1365 1800 13 5 49
1372 1800 14 5 50
1368 1800 6 2 7
1365 1800 12 5 35
1363 1800 6 2 6
1372 1800 10 4 17
1363 1800 10 3 18
1358 1800 13 5 47
1368 1800 14 5 57
1354 1800 11 5 71
1360 1800 9 3 17
1351 1800 10 3 19
1375 1800 13 5 50
1368 1800 13 5 52
1368 1800 8 3 29
1365 1800 6 2 7
1361 1800 15 6 68
1383 1800 6 2 8
1359 1800 14 5 54
1361 1800 12 4 33
1365 1800 9 4 24
1360 1800 10 3 20
1370 1800 8 3 27
1363 1800 10 4 30
1348 1800 10 3 19
1354 1800 10 3 21
1382 1800 14 5 60
1359 1800 11 5 50
1360 1800 16 5 88
1372 1800 6 2 9
1367 1800 13 5 52
1371 1800 10 4 26
1357 1800 8 3 32
1365 1800 13 5 47
1362 1800 11 5 52
1377 1800 16 5 73
1372 1800 14 5 51
1379 1800 14 5 55
1357 1800 14 5 50
1372 1800 9 3 19
1369 1800 12 4 38
1357 1800 10 3 21
1366 1800 12 4 30
1359 1800 8 3 18
1354 1800 16 5 74
1351 1800 9 3 18
1368 1800 13 5 64
1355 1800 14 5 62
1378 1800 12 4 32
1353 1800 7 4 41
1352 1800 13 5 48
1389 1800 6 2 7
1361 1800 13 5 47
1382 1800 4 1 1
1363 1800 12 4 37
1368 1800 8 4 20
1353 1800 15 6 88
1378 1800 12 4 31
1348 1800 8 3 27
1365 1800 17 5 42
1382 1800 12 4 28
1366 1800 17 4 49
1377 1800 12 4 39
1373 1800 14 5 44
1365 1800 10 3 19
1357 1800 15 6 89
1334 1800 10 3 23
1374 1800 18 4 44
1361 1800 16 5 69
1358 1800 7 4 21
1370 1800 10 4 19
1353 1800 8 3 17
1349 1800 9 3 24
1362 1800 15 6 82
1375 1800 15 6 122
1365 1800 13 5 56
1367 1800 14 5 47
1386 1800 12 4 36
1373 1800 18 4 58
1360 1800 19 6 121
1370 1800 15 6 79
1361 1800 15 6 83
1364 1800 19 6 117
1378 1800 15 6 72
1353 1800 10 3 23
1356 1800 10 3 19
1357 1800 11 5 44
