916 1200 14 5 70
917 1200 11 5 49
918 1200 12 4 39
914 1200 7 4 21
916 1200 9 3 20
909 1200 10 4 21
908 1200 13 5 70
906 1200 10 3 21
902 1200 8 3 16
911 1200 14 5 42
896 1200 14 5 51
917 1200 14 5 55
888 1200 12 4 37
917 1200 17 4 44
904 1200 14 5 43
905 1200 11 5 42
903 1200 12 4 57
904 1200 14 5 57
911 1200 20 6 82
905 1200 11 5 44
910 1200 13 5 46
913 1200 14 5 51
907 1200 13 5 53
914 1200 12 4 45
902 1200 8 3 25
903 1200 12 4 27
918 1200 7 4 22
898 1200 13 5 46
905 1200 12 4 37
915 1200 12 4 33
889 1200 9 3 19
916 1200 11 5 45
892 1200 12 4 35
921 1200 12 4 33
913 1200 15 6 70
911 1200 6 2 8
917 1200 20 6 70
913 1200 11 5 38
905 1200 13 5 54
908 1200 7 4 23
907 1200 16 5 77
895 1200 8 3 23
900 1200 9 5 30
917 1200 12 4 29
901 1200 13 5 70
915 1200 10 5 44
901 1200 7 4 29
910 1200 13 5 60
915 1200 12 4 28
908 1200 8 3 15
923 1200 8 3 22
908 1200 9 3 20
910 1200 15 6 93
913 1200 14 5 42
926 1200 12 4 29
904 1200 6 2 8
895 1200 17 4 42
919 1200 19 6 75
916 1200 15 6 63
926 1200 17 4 48
923 1200 20 6 74
903 1200 18 4 49
917 1200 11 5 51
920 1200 12 4 32
918 1200 11 5 43
910 1200 10 3 17
899 1200 12 4 30
923 1200 17 4 39
903 1200 14 5 51
903 1200 9 3 19
912 1200 16 5 75
918 1200 23 7 145
915 1200 12 4 38
900 1200 18 4 38
894 1200 16 5 93
926 1200 13 5 64
914 1200 6 2 7
907 1200 16 5 89
906 1200 13 5 45
916 1200 12 4 31
906 1200 16 5 55
912 1200 13 5 61
911 1200 14 5 43
904 1200 13 5 42
900 1200 12 4 29
909 1200 15 6 79
914 1200 14 5 45
911 1200 20 5 77
911 1200 12 4 30
910 1200 8 3 24
909 1200 12 4 36
907 1200 9 3 19
906 1200 7 4 24
913 1200 22 6 104
900 1200 12 4 30
915 1200 7 4 25
921 1200 8 3 22
908 1200 13 5 45
907 1200 15 6 71
911 1200 14 5 52
897 1200 15 6 78
