1627 2160 1679 20 208
1660 2160 2597 21 451
1632 2160 1604 19 188
1644 2160 2016 19 276
1641 2160 1905 20 219
1628 2160 1228 18 131
1633 2160 2108 17 195
1637 2160 1783 20 227
1651 2160 767 17 100
1634 2160 721 17 80
1629 2160 2848 20 351
1634 2160 1899 20 257
1637 2160 2793 21 420
1657 2160 547 15 72
1633 2160 1598 19 163
1644 2160 1042 15 93
1642 2160 1726 19 205
1651 2160 2712 19 319
1630 2160 1584 19 180
1647 2160 2372 20 368
1646 2160 2578 16 217
1640 2160 2146 18 226
1651 2160 1843 20 199
1625 2160 1904 19 267
1627 2160 2700 20 362
1632 2160 1785 20 262
1624 2160 1629 20 187
1633 2160 1675 20 284
1647 2160 1969 20 285
1628 2160 1234 17 113
1638 2160 1170 17 132
1634 2160 2715 20 286
1617 2160 2294 19 224
1627 2160 1810 19 230
1636 2160 2705 21 593
1625 2160 2136 19 218
1644 2160 2093 18 199
1632 2160 2175 18 239
1636 2160 1283 19 161
1641 2160 1000 17 132
1623 2160 2760 20 361
1630 2160 1881 20 250
1632 2160 2390 18 329
1642 2160 1438 18 126
1631 2160 2414 17 206
1630 2160 2478 20 325
1642 2160 2085 17 266
1638 2160 2537 20 319
1654 2160 1656 19 208
1645 2160 2269 19 216
1622 2160 1574 19 219
1625 2160 2847 19 332
1639 2160 1327 19 174
1639 2160 1665 20 226
1640 2160 2169 19 247
1625 2160 2322 19 207
1652 2160 1044 15 88
1639 2160 1639 20 210
1659 2160 2198 19 205
1630 2160 1182 17 158
1626 2160 2081 17 220
1633 2160 2380 19 283
1658 2160 2177 18 216
1644 2160 969 18 161
1639 2160 2405 21 302
1615 2160 1597 20 219
1650 2160 2051 14 126
1625 2160 915 18 134
1632 2160 1962 19 222
1643 2160 1977 20 382
1633 2160 3172 21 610
1656 2160 1568 19 167
1642 2160 1164 17 146
1636 2160 2488 19 470
1639 2160 1205 18 189
1646 2160 2274 13 120
1630 2160 2570 20 321
1634 2160 2472 20 249
1627 2160 1693 20 283
1644 2160 2312 20 253
1642 2160 2017 20 267
1653 2160 1485 19 189
1637 2160 2734 19 379
1634 2160 1538 19 172
1651 2160 1334 18 182
1650 2160 2048 12 61
1625 2160 3036 20 392
1637 2160 891 18 133
1636 2160 1925 20 313
1639 2160 2126 18 177
1647 2160 1137 17 133
1641 2160 1789 20 301
1635 2160 1397 19 141
1638 2160 2452 19 301
1621 2160 1222 17 135
1635 2160 889 18 111
1644 2160 2179 19 256
1655 2160 2042 19 381
1631 2160 1433 19 246
1652 2160 2618 20 416
