1480 1920 1053 16 119
1445 1920 1963 20 290
1454 1920 2313 20 300
1459 1920 872 17 153
1462 1920 1861 20 245
1441 1920 1649 20 272
1451 1920 1268 17 133
1461 1920 1081 16 107
1459 1920 1747 20 292
1452 1920 2105 17 201
1461 1920 2273 20 431
1452 1920 1866 19 260
1443 1920 2274 19 325
1468 1920 1879 20 274
1442 1920 704 16 103
1450 1920 1211 18 167
1450 1920 1737 20 290
1446 1920 1940 19 266
1455 1920 1136 16 117
1451 1920 1688 19 266
1466 1920 1116 16 150
1454 1920 2440 19 331
1441 1920 1507 17 158
1471 1920 2110 16 205
1448 1920 1604 19 187
1459 1920 1468 18 168
1449 1920 2052 13 115
1465 1920 1672 19 224
1476 1920 2410 19 315
1454 1920 2656 19 424
1453 1920 1102 17 106
1440 1920 1909 20 269
1460 1920 3136 21 456
1455 1920 1646 19 234
1442 1920 1697 20 230
1449 1920 1800 19 208
1455 1920 1637 20 207
1446 1920 2072 17 244
1451 1920 1775 20 222
1455 1920 827 18 131
1454 1920 992 17 133
1448 1920 1848 19 253
1451 1920 1048 15 99
1453 1920 1411 19 193
1454 1920 1197 18 196
1440 1920 1696 19 263
1452 1920 2126 18 254
1458 1920 468 15 77
1457 1920 1762 19 301
1464 1920 952 17 164
1457 1920 2082 18 218
1460 1920 1127 17 133
1457 1920 1122 16 107
1443 1920 2086 17 358
1456 1920 1028 12 53
1457 1920 1148 16 138
1435 1920 1482 18 176
1464 1920 2317 21 431
1463 1920 1758 19 239
1461 1920 2319 21 404
1462 1920 1245 14 83
1446 1920 1694 19 205
1455 1920 2084 17 278
1441 1920 2596 21 515
1468 1920 1560 19 197
1453 1920 2080 16 171
1452 1920 1853 20 287
1470 1920 1887 20 323
1435 1920 2427 20 365
1444 1920 2020 19 283
1471 1920 1353 19 188
1456 1920 1947 20 304
1436 1920 794 17 113
1453 1920 1676 19 203
1460 1920 1904 19 338
1436 1920 1930 19 303
1456 1920 2233 18 275
1452 1920 1789 20 248
1460 1920 2202 18 240
1468 1920 1213 18 151
1448 1920 524 13 43
1462 1920 1608 19 217
1448 1920 961 18 149
1452 1920 2550 19 368
1462 1920 1476 18 178
1466 1920 1713 20 221
1479 1920 983 18 220
1465 1920 2038 19 229
1467 1920 1466 18 211
1451 1920 369 15 56
1458 1920 812 17 131
1461 1920 1968 19 260
1451 1920 2538 18 419
1457 1920 2519 19 342
1456 1920 1867 20 271
1448 1920 920 17 137
1455 1920 1789 20 266
1460 1920 1969 20 342
1462 1920 1150 16 108
1452 1920 1292 18 139
