1812 2400 2362 19 215
1810 2400 2558 20 228
1833 2400 2108 17 160
1800 2400 2778 20 321
1810 2400 1485 19 186
1809 2400 1427 19 140
1801 2400 1278 17 129
1820 2400 2412 19 275
1824 2400 2479 21 295
1803 2400 2828 20 439
1812 2400 1929 20 191
1826 2400 1807 20 194
1806 2400 1324 18 136
1819 2400 2539 21 426
1821 2400 1202 17 110
1789 2400 1106 16 114
1821 2400 1668 19 170
1814 2400 1856 19 248
1791 2400 1752 19 209
1815 2400 2267 19 242
1823 2400 1945 20 274
1821 2400 1571 20 200
1825 2400 2571 16 145
1809 2400 3006 20 315
1824 2400 2737 18 241
1814 2400 2186 19 231
1802 2400 2126 18 186
1813 2400 2172 18 184
1826 2400 2860 20 413
1822 2400 1146 17 85
1835 2400 2158 18 183
1822 2400 2784 18 234
1818 2400 1468 18 167
1801 2400 3086 21 375
1820 2400 915 18 106
1818 2400 2006 19 228
1813 2400 1457 19 134
1837 2400 2958 20 332
1812 2400 3712 21 487
1832 2400 2108 17 170
1811 2400 2478 19 244
1817 2400 2326 20 268
1835 2400 1732 19 175
1823 2400 2344 20 212
1819 2400 2626 18 277
1814 2400 1952 19 170
1807 2400 2068 16 156
1816 2400 999 18 120
1805 2400 2402 20 263
1808 2400 1412 18 156
1812 2400 2269 20 239
1843 2400 1428 18 181
1816 2400 2384 20 354
1807 2400 2967 21 369
1832 2400 1322 18 156
1831 2400 2300 18 206
1818 2400 1612 19 167
1834 2400 1564 19 164
1820 2400 1907 20 255
1829 2400 2551 20 399
1817 2400 1584 19 144
1813 2400 1459 19 191
1830 2400 1599 20 189
1824 2400 1686 19 212
1811 2400 1657 20 237
1816 2400 3037 21 389
1833 2400 2899 21 307
1833 2400 2327 21 336
1815 2400 2118 18 187
1823 2400 769 17 107
1829 2400 1952 19 218
1822 2400 2202 19 248
1820 2400 2476 19 403
1824 2400 2500 19 277
1818 2400 3216 21 627
1827 2400 2865 22 438
1826 2400 2914 20 357
1799 2400 2680 20 380
1822 2400 2356 20 293
1828 2400 2358 20 229
1838 2400 1963 20 218
1790 2400 1480 18 153
1823 2400 1832 19 232
1822 2400 2141 19 203
1800 2400 1019 18 120
1827 2400 1795 20 221
1826 2400 3381 22 679
1799 2400 1551 20 153
1814 2400 2854 17 366
1819 2400 3029 21 301
1801 2400 1260 17 102
1814 2400 785 18 102
1820 2400 2445 20 304
1819 2400 3312 21 714
1833 2400 2376 20 223
1814 2400 3581 22 658
1807 2400 2510 20 342
1823 2400 1650 19 255
1823 2400 1911 20 256
1841 2400 2775 20 295
