182 240 271 13 110
184 240 320 11 79
181 240 193 14 129
180 240 226 13 106
182 240 215 14 109
176 240 245 14 219
184 240 289 14 173
179 240 233 14 143
177 240 179 13 87
179 240 288 13 165
179 240 248 13 114
189 240 321 14 122
180 240 170 12 56
183 240 227 14 132
186 240 261 10 61
180 240 84 10 31
181 240 101 12 72
185 240 224 13 137
183 240 215 14 110
179 240 221 14 102
186 240 113 12 60
183 240 205 14 123
179 240 106 11 75
185 240 300 14 186
181 240 149 12 62
187 240 96 10 44
185 240 181 13 114
188 240 210 13 140
176 240 250 13 131
179 240 194 13 94
185 240 132 8 32
182 240 211 14 162
184 240 228 13 106
183 240 226 13 112
186 240 195 14 168
181 240 115 12 77
180 240 219 14 153
185 240 262 11 72
184 240 224 13 161
185 240 203 14 128
186 240 253 14 137
179 240 241 14 231
183 240 222 13 98
173 240 198 13 95
181 240 114 11 60
181 240 214 13 113
182 240 247 14 137
182 240 129 7 23
183 240 214 13 106
183 240 298 13 135
179 240 199 14 148
175 240 192 12 125
179 240 116 11 79
187 240 219 14 112
176 240 228 13 118
182 240 352 14 217
181 240 180 12 69
183 240 234 13 134
180 240 145 11 56
179 240 66 7 25
180 240 234 13 166
187 240 327 15 240
180 240 138 10 66
183 240 196 13 83
188 240 252 13 179
185 240 228 13 125
183 240 241 14 181
189 240 137 10 52
177 240 167 13 109
174 240 212 13 146
177 240 165 13 64
185 240 228 13 162
185 240 214 13 125
175 240 305 12 119
183 240 237 14 150
186 240 148 11 78
183 240 92 10 49
189 240 270 13 91
187 240 160 11 80
184 240 190 10 53
181 240 363 15 201
183 240 208 13 120
182 240 178 12 70
189 240 171 13 78
183 240 212 13 104
182 240 272 12 80
179 240 210 13 113
183 240 76 10 31
180 240 250 13 133
178 240 217 13 111
181 240 187 13 94
180 240 278 12 129
186 240 108 11 47
183 240 243 14 97
185 240 232 13 152
182 240 207 14 89
180 240 316 13 171
184 240 339 15 165
185 240 146 11 43
187 240 370 15 226
182 240 216 13 146
176 240 132 8 37
