552 720 13 5 55
547 720 11 5 41
540 720 12 4 28
537 720 13 5 36
551 720 17 4 53
542 720 18 4 44
545 720 3 1 1
552 720 15 6 82
539 720 10 4 20
537 720 15 6 128
540 720 15 6 63
549 720 13 5 43
548 720 16 5 64
550 720 12 4 31
546 720 7 4 25
550 720 12 4 26
541 720 15 6 56
558 720 17 5 45
563 720 20 5 85
543 720 13 5 47
549 720 11 5 40
552 720 11 5 36
546 720 8 3 17
546 720 10 3 18
565 720 11 5 53
556 720 5 2 7
551 720 18 4 45
555 720 10 3 19
538 720 14 5 41
545 720 4 1 1
544 720 10 3 16
549 720 16 5 78
556 720 12 4 31
558 720 15 6 81
533 720 15 6 59
541 720 11 5 36
547 720 10 4 25
538 720 11 5 40
543 720 11 5 52
547 720 11 5 51
544 720 11 5 42
549 720 10 3 28
544 720 13 5 50
543 720 13 5 46
541 720 12 4 33
548 720 10 3 15
557 720 13 5 52
535 720 8 3 15
549 720 7 4 19
536 720 14 5 45
542 720 11 5 77
549 720 9 3 17
538 720 11 5 41
545 720 14 5 52
544 720 11 5 36
549 720 10 3 19
558 720 17 5 35
548 720 13 5 42
544 720 14 5 46
541 720 12 4 28
534 720 11 5 45
544 720 17 4 36
558 720 9 3 15
540 720 10 4 18
549 720 21 6 69
544 720 10 3 20
543 720 11 5 36
542 720 17 5 46
542 720 13 5 49
546 720 12 4 32
544 720 10 3 23
547 720 14 5 48
560 720 8 3 17
542 720 10 3 22
556 720 14 5 42
540 720 15 6 78
546 720 15 6 66
555 720 18 5 40
547 720 12 4 30
550 720 11 5 38
533 720 14 5 42
538 720 10 5 25
543 720 16 5 95
542 720 12 4 44
545 720 14 5 58
547 720 8 3 16
549 720 9 3 19
546 720 17 6 74
548 720 14 5 44
547 720 9 3 17
547 720 8 3 22
541 720 14 5 32
532 720 6 2 6
538 720 16 5 70
552 720 13 5 42
543 720 10 3 20
548 720 13 5 39
543 720 14 5 54
544 720 10 3 16
544 720 11 5 33
543 720 11 5 34
