1538 2040 1523 19 228
1548 2040 1373 19 181
1542 2040 1952 19 221
1549 2040 1508 18 168
1549 2040 1435 19 155
1549 2040 1097 17 156
1548 2040 2539 20 421
1540 2040 1243 18 182
1551 2040 2257 18 262
1537 2040 2367 20 264
1534 2040 2017 20 301
1541 2040 2033 20 249
1555 2040 933 18 136
1531 2040 1180 17 124
1557 2040 1110 17 125
1553 2040 3043 21 656
1557 2040 2030 19 244
1547 2040 1441 19 178
1538 2040 1393 19 208
1534 2040 1898 19 362
1554 2040 1735 20 293
1562 2040 1934 19 232
1551 2040 1262 17 150
1556 2040 1464 18 149
1547 2040 2057 15 147
1554 2040 2053 14 106
1555 2040 1309 19 134
1532 2040 1210 18 136
1531 2040 1822 19 239
1568 2040 1944 19 250
1536 2040 2635 21 413
1535 2040 1937 20 248
1561 2040 1881 20 447
1548 2040 1873 20 287
1556 2040 1776 19 251
1555 2040 2513 20 326
1542 2040 1156 17 166
1539 2040 2447 21 391
1545 2040 1880 19 217
1540 2040 2940 20 485
1556 2040 1319 19 164
1557 2040 1790 19 225
1548 2040 1892 19 231
1526 2040 778 17 104
1555 2040 2561 20 276
1546 2040 1728 19 189
1539 2040 1820 19 216
1547 2040 1224 18 168
1556 2040 1437 19 214
1547 2040 1564 19 187
1545 2040 1060 15 84
1560 2040 1518 18 236
1545 2040 1804 19 231
1561 2040 2013 20 254
1551 2040 1778 19 175
1544 2040 1182 17 128
1555 2040 1542 19 167
1545 2040 988 17 114
1539 2040 2259 20 302
1537 2040 1387 19 183
1546 2040 1226 18 122
1557 2040 1989 20 239
1566 2040 2464 20 244
1558 2040 1996 19 271
1556 2040 2341 20 277
1551 2040 1544 19 197
1541 2040 1237 18 157
1538 2040 1521 19 220
1547 2040 1854 19 279
1547 2040 2358 20 291
1542 2040 1086 15 106
1551 2040 2015 20 288
1540 2040 1337 19 155
1540 2040 1940 19 214
1549 2040 1799 20 220
1571 2040 2494 20 262
1543 2040 1883 20 209
1522 2040 2306 19 278
1521 2040 2352 19 375
1530 2040 2875 20 378
1537 2040 1779 20 187
1533 2040 1420 19 173
1542 2040 1932 19 226
1553 2040 1138 16 116
1533 2040 2210 20 195
1557 2040 2066 17 148
1541 2040 2288 19 256
1530 2040 2177 19 279
1558 2040 1219 18 151
1531 2040 1334 18 163
1542 2040 1671 20 189
1539 2040 1511 19 167
1552 2040 1964 19 229
1534 2040 1730 18 213
1551 2040 1635 20 188
1538 2040 2160 18 228
1548 2040 2102 17 181
1544 2040 1470 18 199
1555 2040 2022 19 219
1535 2040 1810 19 260
