541 720 1036 13 270
553 720 364 14 98
552 720 1069 16 376
546 720 466 15 87
547 720 353 15 124
553 720 620 16 139
551 720 457 16 145
549 720 230 13 64
539 720 540 14 92
545 720 813 18 229
561 720 679 17 175
550 720 721 17 368
545 720 867 18 244
547 720 780 17 247
546 720 630 15 141
547 720 434 15 112
544 720 895 18 229
546 720 616 15 122
541 720 375 15 89
548 720 164 12 57
561 720 296 13 60
555 720 390 15 95
556 720 77 10 30
549 720 687 17 182
541 720 396 15 130
542 720 548 15 104
550 720 200 13 62
544 720 763 17 229
546 720 390 15 102
536 720 770 17 270
543 720 564 15 95
548 720 332 14 90
545 720 598 16 127
534 720 386 15 87
541 720 484 15 113
533 720 552 15 128
547 720 599 16 128
549 720 722 16 150
534 720 605 16 146
548 720 550 15 103
544 720 882 17 243
536 720 518 12 93
532 720 350 14 99
548 720 595 16 148
548 720 764 16 214
550 720 568 14 121
551 720 772 16 170
551 720 448 15 161
548 720 612 16 116
552 720 447 16 88
539 720 523 13 101
555 720 529 13 88
548 720 589 12 79
549 720 535 15 106
540 720 659 17 208
534 720 410 15 107
549 720 368 14 99
549 720 761 17 219
545 720 537 14 199
550 720 896 17 260
544 720 528 12 83
545 720 469 16 118
531 720 594 15 164
544 720 552 14 101
546 720 566 15 126
548 720 810 17 233
551 720 653 17 230
540 720 788 17 234
558 720 325 15 94
530 720 235 14 60
540 720 930 17 246
535 720 711 14 119
553 720 611 16 149
541 720 628 16 191
541 720 292 13 71
552 720 760 16 163
542 720 783 18 290
559 720 564 14 99
547 720 616 16 157
554 720 775 17 212
546 720 544 14 125
546 720 415 16 129
554 720 534 13 76
538 720 792 17 197
537 720 606 16 122
544 720 654 16 212
545 720 547 15 134
543 720 942 17 253
549 720 888 17 274
548 720 363 15 109
546 720 588 16 122
552 720 462 15 125
549 720 954 17 260
534 720 850 17 243
553 720 445 16 151
547 720 312 13 66
541 720 514 9 35
544 720 684 16 149
557 720 734 16 159
545 720 425 16 129
540 720 321 14 91
