88 120 129 8 53
93 120 94 10 53
90 120 65 6 34
95 120 66 7 24
92 120 60 9 48
93 120 60 9 39
94 120 96 11 110
91 120 52 9 52
93 120 126 11 127
86 120 61 10 74
88 120 77 10 56
95 120 70 8 33
92 120 74 9 37
89 120 121 12 151
97 120 129 9 58
89 120 76 9 55
95 120 80 9 40
97 120 58 9 34
94 120 52 9 36
86 120 41 8 35
89 120 37 7 28
86 120 61 10 66
91 120 88 10 65
96 120 110 11 90
90 120 39 8 38
92 120 84 11 78
91 120 98 11 93
90 120 137 10 80
93 120 120 11 135
89 120 84 10 74
85 120 73 9 82
93 120 85 11 58
92 120 72 9 60
95 120 49 9 33
92 120 134 10 90
94 120 46 8 30
90 120 95 11 114
94 120 89 11 87
91 120 57 10 55
91 120 95 11 93
93 120 62 9 54
91 120 72 8 55
91 120 98 11 91
92 120 136 10 103
87 120 93 11 71
92 120 114 11 86
94 120 26 7 47
92 120 68 7 31
90 120 91 11 56
95 120 70 8 35
92 120 87 11 73
92 120 100 11 116
91 120 104 11 132
93 120 48 8 37
92 120 89 11 126
89 120 110 11 85
88 120 34 5 17
93 120 71 9 51
89 120 66 7 26
93 120 64 9 55
91 120 46 8 30
90 120 105 12 89
91 120 98 11 76
92 120 119 12 94
88 120 32 7 32
95 120 153 12 156
88 120 38 7 31
94 120 96 10 78
94 120 102 11 144
91 120 97 11 79
91 120 66 7 38
97 120 66 6 34
94 120 80 9 54
92 120 36 6 27
94 120 104 11 102
89 120 56 9 40
93 120 68 7 35
91 120 109 12 95
86 120 94 10 61
91 120 68 8 41
93 120 78 9 45
90 120 45 9 35
90 120 140 10 64
94 120 77 10 51
96 120 148 11 102
92 120 84 10 54
85 120 43 9 44
94 120 119 12 116
92 120 81 10 80
91 120 70 9 33
90 120 104 11 103
90 120 78 8 43
95 120 152 11 137
94 120 70 9 36
92 120 70 8 43
86 120 73 10 50
89 120 72 8 50
94 120 34 6 16
93 120 67 8 42
90 120 68 8 31
91 120 109 12 129
