90 120 128 11 126
91 120 43 9 31
93 120 134 10 72
88 120 138 11 101
88 120 87 11 62
92 120 178 12 155
89 120 135 10 81
93 120 89 11 71
93 120 101 12 99
95 120 75 10 81
92 120 134 11 81
92 120 83 11 65
87 120 162 12 107
92 120 130 7 39
86 120 126 11 102
93 120 97 11 84
89 120 122 11 149
89 120 114 11 90
93 120 139 11 85
93 120 103 12 111
89 120 149 13 146
90 120 125 12 80
89 120 56 9 48
92 120 144 11 51
97 120 162 13 146
93 120 89 11 56
94 120 110 11 84
89 120 51 10 48
87 120 68 7 46
87 120 81 10 49
90 120 129 8 45
91 120 65 6 23
94 120 93 11 76
95 120 113 12 120
90 120 27 8 22
89 120 87 11 79
89 120 110 11 84
88 120 96 10 61
91 120 70 8 50
92 120 148 12 101
97 120 155 12 115
90 120 50 9 57
94 120 37 7 22
93 120 92 10 50
92 120 61 10 45
94 120 125 12 120
90 120 103 12 62
91 120 146 12 107
91 120 84 10 61
92 120 111 12 133
93 120 129 8 58
90 120 120 11 91
91 120 112 11 82
90 120 62 9 53
94 120 81 10 67
86 120 123 12 95
91 120 68 8 40
94 120 217 14 258
88 120 111 12 103
90 120 79 10 49
88 120 51 10 35
87 120 29 8 30
90 120 47 9 40
94 120 116 11 91
93 120 130 8 29
94 120 139 12 84
94 120 188 13 135
92 120 63 10 40
90 120 121 12 90
93 120 68 8 30
93 120 78 9 57
91 120 50 9 39
91 120 105 12 80
96 120 93 11 82
90 120 70 9 36
92 120 72 9 42
94 120 132 9 50
92 120 99 12 115
91 120 94 10 64
92 120 142 11 83
89 120 103 12 98
94 120 73 9 75
89 120 125 12 144
89 120 94 10 66
93 120 99 12 99
90 120 103 12 90
89 120 107 12 91
92 120 74 10 52
94 120 154 12 109
95 120 20 5 18
92 120 84 10 71
89 120 137 10 94
95 120 148 12 129
93 120 186 12 124
90 120 94 10 59
91 120 68 7 32
89 120 166 12 112
87 120 127 12 79
93 120 78 10 59
92 120 173 13 121
85 120 68 7 32
