1725 2280 17 4 46
1727 2280 8 4 24
1714 2280 18 5 56
1712 2280 14 5 59
1718 2280 12 5 41
1710 2280 10 3 21
1733 2280 12 4 32
1716 2280 12 4 30
1729 2280 17 6 92
1753 2280 13 5 75
1735 2280 14 5 63
1720 2280 11 5 44
1715 2280 12 4 32
1727 2280 18 4 51
1732 2280 18 4 44
1713 2280 13 5 83
1743 2280 20 5 90
1721 2280 13 5 45
1744 2280 16 5 67
1715 2280 12 4 36
1724 2280 8 3 19
1723 2280 14 5 59
1738 2280 10 3 18
1718 2280 12 4 36
1736 2280 13 5 48
1741 2280 12 5 58
1722 2280 15 6 113
1729 2280 10 3 21
1724 2280 14 5 61
1725 2280 14 5 55
1725 2280 15 6 95
1732 2280 15 6 95
1743 2280 16 5 56
1716 2280 10 3 20
1726 2280 12 4 31
1739 2280 12 4 36
1703 2280 6 2 8
1739 2280 6 2 8
1717 2280 13 5 61
1718 2280 16 5 67
1716 2280 8 3 13
1738 2280 9 3 19
1726 2280 11 5 49
1736 2280 19 6 134
1726 2280 16 5 47
1743 2280 9 3 25
1716 2280 15 6 121
1717 2280 12 5 43
1728 2280 16 5 89
1721 2280 8 3 25
1722 2280 11 5 54
1736 2280 8 3 29
1740 2280 4 1 2
1723 2280 12 4 40
1746 2280 16 5 93
1725 2280 5 2 10
1736 2280 9 3 21
1720 2280 18 4 55
1728 2280 12 4 34
1741 2280 12 4 34
1742 2280 15 6 108
1725 2280 11 5 45
1721 2280 12 4 33
1759 2280 14 5 53
1715 2280 3 1 1
1709 2280 11 5 57
1748 2280 10 3 20
1729 2280 12 4 44
1714 2280 11 5 47
1753 2280 16 5 50
1737 2280 15 6 105
1724 2280 9 3 19
1706 2280 9 3 22
1731 2280 13 5 58
1727 2280 18 6 96
1732 2280 15 6 94
1731 2280 16 5 80
1721 2280 15 6 69
1725 2280 12 4 36
1749 2280 15 6 139
1733 2280 11 5 49
1713 2280 7 4 28
1709 2280 13 5 51
1716 2280 13 5 63
1707 2280 11 5 45
1734 2280 18 5 68
1736 2280 14 5 65
1738 2280 9 3 22
1734 2280 12 4 33
1734 2280 6 2 9
1736 2280 16 5 98
1715 2280 11 5 41
1729 2280 15 6 106
1751 2280 9 3 19
1730 2280 13 5 60
1716 2280 18 4 54
1729 2280 12 4 66
1724 2280 11 5 46
1730 2280 11 5 58
1733 2280 14 5 45
1734 2280 12 4 33
