92 120 8 4 11
92 120 11 5 35
88 120 5 2 6
94 120 12 4 25
91 120 14 5 49
90 120 13 5 43
91 120 11 5 30
89 120 13 5 32
93 120 11 5 32
92 120 7 4 24
92 120 12 5 49
87 120 13 5 36
90 120 5 2 6
93 120 16 5 51
94 120 8 3 10
95 120 14 5 43
89 120 10 3 13
89 120 11 5 30
97 120 13 5 28
91 120 8 3 17
91 120 15 6 64
94 120 12 4 19
93 120 12 4 29
92 120 11 5 33
94 120 7 4 20
94 120 9 3 14
92 120 12 4 32
94 120 19 6 48
91 120 6 2 5
94 120 11 5 27
86 120 9 3 15
93 120 17 4 27
89 120 15 6 60
88 120 7 4 15
90 120 10 3 10
93 120 10 3 12
91 120 8 4 12
96 120 10 3 13
90 120 12 4 24
92 120 11 5 27
94 120 13 5 46
92 120 15 6 48
94 120 17 4 24
93 120 15 6 65
90 120 13 6 41
94 120 12 4 27
91 120 9 4 15
92 120 14 5 28
88 120 8 3 25
90 120 13 5 41
94 120 20 5 67
92 120 6 2 9
92 120 8 3 9
87 120 10 3 14
92 120 8 3 18
93 120 9 3 15
95 120 18 4 29
95 120 5 2 6
89 120 11 5 43
93 120 10 3 14
93 120 18 4 31
91 120 13 5 40
93 120 11 5 25
92 120 14 5 28
93 120 16 5 41
90 120 15 6 59
91 120 9 3 11
89 120 16 5 41
89 120 18 5 35
93 120 6 2 6
91 120 13 5 23
92 120 18 5 33
88 120 15 6 34
92 120 15 6 43
92 120 9 3 11
89 120 17 4 33
93 120 8 3 19
93 120 11 5 45
94 120 6 2 6
91 120 13 5 34
94 120 15 6 50
87 120 15 6 46
93 120 7 4 18
92 120 17 4 28
93 120 17 4 26
95 120 10 4 16
89 120 13 5 35
92 120 12 4 23
85 120 7 4 21
88 120 9 3 12
97 120 12 4 22
92 120 9 3 10
93 120 14 5 42
92 120 13 5 29
91 120 12 4 33
94 120 12 4 23
94 120 8 3 20
94 120 9 3 23
93 120 9 3 10
97 120 17 5 32
93 120 10 3 16
