1361 1800 2043 20 378
1369 1800 710 16 80
1343 1800 1348 18 219
1375 1800 1378 18 204
1384 1800 1495 19 202
1366 1800 1450 18 271
1366 1800 2204 19 355
1350 1800 1245 18 162
1358 1800 2290 19 308
1365 1800 1721 20 289
1359 1800 871 18 111
1371 1800 2114 18 279
1356 1800 2138 18 316
1366 1800 347 15 71
1378 1800 2236 18 305
1364 1800 2112 18 229
1373 1800 1606 19 235
1352 1800 2073 17 205
1370 1800 1420 18 212
1353 1800 334 14 58
1375 1800 1775 20 238
1360 1800 814 17 155
1381 1800 920 17 105
1360 1800 1569 20 292
1359 1800 1541 20 215
1360 1800 1014 17 136
1362 1800 2228 18 417
1364 1800 819 18 118
1362 1800 1066 16 95
1363 1800 2213 20 364
1359 1800 1757 20 296
1374 1800 1868 19 248
1358 1800 2289 19 390
1355 1800 1557 20 276
1375 1800 1355 19 219
1356 1800 1179 18 200
1361 1800 1671 19 214
1361 1800 2062 15 203
1360 1800 1621 20 227
1356 1800 1162 18 162
1344 1800 2018 19 353
1361 1800 2110 16 263
1353 1800 2494 19 351
1369 1800 1225 18 134
1383 1800 1994 19 310
1358 1800 2025 20 305
1363 1800 1846 19 412
1357 1800 556 14 65
1360 1800 1034 14 84
1382 1800 1661 20 238
1368 1800 1000 17 183
1370 1800 1313 19 181
1361 1800 1757 20 197
1378 1800 1042 14 107
1390 1800 753 17 118
1353 1800 861 18 121
1371 1800 1991 20 249
1371 1800 1300 17 155
1378 1800 1146 17 98
1369 1800 2036 19 279
1336 1800 1125 17 130
1368 1800 2118 17 258
1357 1800 594 15 67
1371 1800 1591 20 311
1375 1800 2448 19 337
1362 1800 1606 19 214
1366 1800 1893 20 276
1365 1800 1645 20 187
1361 1800 2368 19 390
1366 1800 1372 18 191
1370 1800 633 16 74
1357 1800 1838 19 257
1359 1800 2096 17 191
1349 1800 1144 16 136
1378 1800 2136 19 322
1365 1800 294 13 45
1352 1800 1775 20 301
1356 1800 1674 19 222
1373 1800 1650 19 228
1354 1800 1529 19 198
1361 1800 1242 17 139
1364 1800 839 18 111
1367 1800 1565 20 231
1366 1800 1401 19 242
1354 1800 2086 16 158
1351 1800 1620 19 229
1361 1800 1138 17 121
1358 1800 1359 19 175
1353 1800 1617 20 249
1374 1800 1711 20 242
1379 1800 1036 14 87
1361 1800 1293 19 178
1360 1800 1045 15 105
1362 1800 1317 19 194
1369 1800 1053 16 125
1373 1800 1972 19 299
1373 1800 1649 20 227
1373 1800 1998 19 292
1365 1800 1498 18 189
1366 1800 1619 20 262
