1006 1320 700 16 113
992 1320 937 18 201
1005 1320 1599 20 393
999 1320 466 15 84
986 1320 1350 18 279
1012 1320 1399 19 250
1004 1320 1854 19 383
1016 1320 997 18 241
991 1320 1228 18 206
1003 1320 1004 17 142
1008 1320 733 17 170
1010 1320 1525 19 237
1004 1320 1176 17 209
999 1320 1452 19 230
1027 1320 1506 18 257
989 1320 1535 20 350
1001 1320 1595 20 421
990 1320 1132 17 239
1018 1320 1070 16 150
1009 1320 840 17 161
1006 1320 1423 19 248
1007 1320 1100 17 135
1002 1320 1799 20 332
1010 1320 344 14 75
1002 1320 869 18 137
1008 1320 714 16 92
1000 1320 782 17 141
1005 1320 902 17 144
1000 1320 829 18 198
1014 1320 1555 20 309
996 1320 1334 13 112
991 1320 1082 16 136
1001 1320 570 14 71
992 1320 1764 18 312
982 1320 913 18 162
993 1320 847 18 158
998 1320 1026 11 50
1004 1320 1451 19 317
1008 1320 718 16 114
1006 1320 554 14 73
995 1320 1077 16 154
995 1320 1479 19 217
1000 1320 1026 12 40
1009 1320 1220 18 176
1000 1320 1703 20 360
982 1320 953 18 162
1002 1320 1894 19 363
998 1320 1602 19 253
1002 1320 934 17 153
1010 1320 1131 17 214
1012 1320 1211 18 202
993 1320 1712 18 282
1009 1320 1141 17 179
984 1320 1104 17 139
1001 1320 1047 16 179
989 1320 1043 17 140
1002 1320 1544 19 254
990 1320 1017 18 166
998 1320 1763 20 353
997 1320 1231 18 220
987 1320 1035 14 141
1003 1320 1512 18 271
1008 1320 1274 17 177
998 1320 991 18 199
993 1320 1263 18 229
1012 1320 1168 18 172
997 1320 1369 19 255
996 1320 1074 16 138
986 1320 880 17 138
1006 1320 867 18 153
997 1320 1559 20 292
999 1320 1424 18 226
1003 1320 950 17 125
1000 1320 1454 18 250
1002 1320 1573 20 367
992 1320 1920 19 690
1005 1320 884 17 149
1002 1320 1186 17 176
1027 1320 1220 18 145
1009 1320 1246 17 154
1011 1320 1258 17 248
1005 1320 965 18 148
995 1320 1131 17 172
992 1320 1479 19 374
999 1320 435 16 113
1019 1320 584 15 101
1010 1320 1309 19 222
997 1320 1009 18 167
991 1320 486 15 87
1003 1320 1437 19 268
1001 1320 1424 18 232
994 1320 1188 17 171
997 1320 1004 17 177
1003 1320 1136 17 162
993 1320 961 18 151
1002 1320 1319 19 239
1003 1320 1021 18 180
996 1320 1117 17 126
1005 1320 888 17 119
998 1320 1380 18 208
998 1320 1579 20 343
