1647 2160 8 3 25
1638 2160 8 3 18
1620 2160 9 3 16
1631 2160 9 3 21
1638 2160 13 5 61
1629 2160 11 5 39
1617 2160 14 5 66
1639 2160 14 5 61
1634 2160 14 5 52
1642 2160 13 5 56
1657 2160 9 3 23
1644 2160 15 6 64
1624 2160 14 5 51
1612 2160 10 3 18
1623 2160 14 5 74
1629 2160 10 4 22
1649 2160 12 4 36
1647 2160 9 3 20
1640 2160 10 3 17
1631 2160 13 5 57
1645 2160 8 4 19
1635 2160 9 3 18
1643 2160 11 5 44
1647 2160 15 6 89
1639 2160 17 5 63
1631 2160 15 6 110
1640 2160 13 5 62
1643 2160 18 5 53
1610 2160 14 5 63
1627 2160 14 5 58
1639 2160 9 3 21
1621 2160 16 5 72
1638 2160 17 4 47
1624 2160 10 3 16
1640 2160 11 5 43
1639 2160 9 3 19
1626 2160 10 4 23
1643 2160 11 5 44
1637 2160 11 5 45
1631 2160 12 4 32
1646 2160 13 5 76
1644 2160 17 6 78
1641 2160 14 5 59
1647 2160 16 5 85
1661 2160 16 5 42
1646 2160 16 5 106
1637 2160 15 6 77
1640 2160 14 5 50
1633 2160 9 3 19
1635 2160 10 3 18
1621 2160 14 5 60
1629 2160 13 5 52
1644 2160 8 3 25
1656 2160 10 3 21
1625 2160 17 5 59
1622 2160 10 3 24
1635 2160 14 5 59
1626 2160 14 5 94
1633 2160 12 4 37
1623 2160 14 5 52
1640 2160 9 3 17
1635 2160 10 3 16
1632 2160 8 3 25
1645 2160 14 5 53
1628 2160 11 5 43
1641 2160 7 4 21
1645 2160 11 5 50
1645 2160 7 4 23
1633 2160 15 6 96
1636 2160 15 6 89
1639 2160 11 5 45
1632 2160 14 5 71
1638 2160 15 6 75
1641 2160 16 5 75
1636 2160 19 6 134
1639 2160 13 5 80
1636 2160 16 5 90
1638 2160 11 5 39
1636 2160 8 3 17
1646 2160 12 4 39
1621 2160 12 4 32
1631 2160 13 5 73
1636 2160 15 6 60
1633 2160 15 6 140
1638 2160 13 5 61
1636 2160 13 5 55
1641 2160 8 4 21
1647 2160 10 3 17
1635 2160 6 2 6
1646 2160 14 5 54
1641 2160 7 4 21
1630 2160 10 3 21
1648 2160 9 3 18
1639 2160 11 5 43
1616 2160 9 3 19
1627 2160 18 4 47
1634 2160 8 3 15
1638 2160 12 4 36
1631 2160 16 5 102
1638 2160 13 5 45
1632 2160 7 4 24
