629 840 10 3 21
645 840 16 5 69
642 840 15 6 67
631 840 6 2 7
647 840 14 5 54
636 840 13 5 87
647 840 12 4 27
638 840 14 5 64
636 840 16 5 35
623 840 13 5 63
641 840 18 5 50
637 840 17 4 41
645 840 14 5 38
632 840 18 5 57
640 840 17 4 34
636 840 16 5 71
628 840 6 2 8
648 840 12 4 33
636 840 7 4 22
657 840 15 6 80
642 840 16 5 56
638 840 13 5 47
636 840 13 5 47
635 840 6 2 7
654 840 12 4 27
641 840 5 2 6
628 840 11 5 41
639 840 13 5 43
629 840 12 4 55
626 840 13 5 46
644 840 16 5 60
642 840 15 6 59
641 840 4 1 3
629 840 13 5 53
648 840 8 3 20
638 840 7 4 21
640 840 11 5 36
622 840 12 4 34
621 840 12 4 28
637 840 9 3 20
635 840 13 5 75
640 840 18 5 68
635 840 11 5 41
632 840 14 5 55
642 840 18 4 50
631 840 9 3 15
647 840 8 3 27
645 840 16 5 48
645 840 18 4 49
637 840 12 4 42
639 840 17 5 50
630 840 13 5 56
637 840 14 5 47
629 840 10 3 23
647 840 13 6 55
639 840 10 3 17
639 840 12 5 55
638 840 16 5 50
642 840 10 3 23
633 840 13 5 52
636 840 9 3 18
639 840 13 5 44
632 840 13 5 56
628 840 14 5 43
638 840 15 6 76
641 840 7 4 26
631 840 12 4 33
644 840 16 5 96
640 840 8 3 20
628 840 15 6 68
635 840 13 5 92
639 840 10 3 17
630 840 8 3 21
637 840 10 3 17
648 840 16 5 51
635 840 16 5 79
652 840 12 4 31
630 840 11 5 49
648 840 12 5 46
633 840 8 3 24
632 840 13 5 40
643 840 7 4 23
633 840 14 5 49
633 840 16 5 57
649 840 10 3 17
628 840 12 4 32
638 840 10 3 19
640 840 8 3 15
629 840 6 2 7
646 840 14 5 45
627 840 15 6 57
629 840 12 4 33
637 840 15 6 99
639 840 12 4 32
647 840 14 5 75
648 840 14 5 43
641 840 13 5 45
622 840 7 4 19
643 840 10 3 16
637 840 12 4 34
638 840 18 4 42
