903 1200 611 16 133
897 1200 1132 17 188
909 1200 1394 18 262
918 1200 932 17 181
921 1200 1068 16 152
913 1200 1159 17 184
881 1200 1342 18 318
906 1200 797 18 171
904 1200 1281 18 311
904 1200 320 14 70
908 1200 888 17 201
904 1200 1227 18 225
898 1200 512 15 76
907 1200 1614 19 327
911 1200 1035 14 159
914 1200 655 17 144
915 1200 1398 18 229
908 1200 468 15 84
885 1200 1000 17 175
899 1200 1107 18 247
916 1200 658 17 94
902 1200 374 14 86
917 1200 1221 18 258
910 1200 1632 19 341
902 1200 1162 17 134
921 1200 553 15 79
902 1200 1242 17 218
920 1200 1059 16 179
911 1200 344 14 83
918 1200 815 18 155
901 1200 1132 16 184
906 1200 1298 14 127
905 1200 1026 12 51
912 1200 242 13 58
903 1200 826 17 218
902 1200 411 16 81
906 1200 1450 18 304
915 1200 987 18 175
906 1200 1187 19 269
902 1200 608 15 91
896 1200 962 17 183
918 1200 1012 17 191
914 1200 1204 18 237
911 1200 1506 18 281
908 1200 1318 18 220
921 1200 1773 20 408
910 1200 1040 15 127
917 1200 1290 17 221
911 1200 600 15 78
897 1200 859 18 196
903 1200 665 17 119
915 1200 482 15 90
908 1200 1494 18 304
905 1200 1150 16 152
898 1200 1048 15 121
915 1200 612 15 102
906 1200 1015 18 188
905 1200 1196 16 188
914 1200 1193 18 205
900 1200 735 17 170
903 1200 663 17 128
912 1200 856 17 171
903 1200 1040 13 87
910 1200 1462 18 227
908 1200 1563 20 328
911 1200 966 17 159
901 1200 746 17 144
905 1200 1312 18 254
903 1200 844 17 122
908 1200 1327 18 284
925 1200 1261 18 238
927 1200 1155 18 246
906 1200 807 18 149
917 1200 1326 19 256
914 1200 1419 19 320
917 1200 752 16 150
908 1200 760 16 123
915 1200 1250 17 234
905 1200 511 16 100
917 1200 1192 17 147
895 1200 1034 14 104
910 1200 960 17 154
913 1200 677 17 143
906 1200 1047 15 131
911 1200 1055 16 145
911 1200 588 15 90
886 1200 682 16 120
919 1200 585 16 84
911 1200 1040 14 124
903 1200 280 13 53
898 1200 665 17 109
918 1200 1682 19 371
918 1200 1084 15 135
911 1200 682 16 120
909 1200 1144 17 139
908 1200 1365 20 229
912 1200 732 16 106
915 1200 537 14 91
905 1200 717 17 110
917 1200 1009 18 192
