826 1080 1038 13 126
829 1080 972 17 216
809 1080 987 18 202
824 1080 684 16 112
815 1080 1125 17 211
818 1080 406 15 92
824 1080 656 16 102
810 1080 791 18 140
823 1080 938 17 211
816 1080 1021 18 187
806 1080 947 18 207
827 1080 543 14 68
822 1080 1187 18 248
804 1080 777 18 169
816 1080 1508 18 442
820 1080 1286 18 272
827 1080 1114 17 173
822 1080 1669 20 507
813 1080 994 17 222
814 1080 1120 18 219
822 1080 435 16 105
827 1080 917 18 179
826 1080 633 16 101
815 1080 1109 18 272
824 1080 952 17 266
819 1080 337 15 70
815 1080 289 13 53
823 1080 950 17 210
806 1080 537 14 103
810 1080 607 16 98
828 1080 1076 16 190
821 1080 564 14 85
826 1080 652 16 120
812 1080 1144 17 202
833 1080 958 17 170
824 1080 624 15 84
818 1080 1066 15 126
819 1080 658 17 117
800 1080 745 17 146
822 1080 1130 17 211
810 1080 765 17 150
811 1080 785 18 192
823 1080 802 17 149
810 1080 284 12 56
817 1080 1138 17 196
836 1080 807 18 183
818 1080 742 16 138
817 1080 754 16 134
828 1080 952 17 257
822 1080 1066 15 155
816 1080 1078 16 120
821 1080 590 15 103
818 1080 1298 16 190
814 1080 908 17 225
818 1080 1203 18 274
833 1080 864 17 150
814 1080 1284 18 255
817 1080 948 17 224
810 1080 617 16 148
814 1080 824 17 169
828 1080 466 15 87
808 1080 1058 16 178
831 1080 939 18 186
801 1080 684 16 120
833 1080 1334 18 209
816 1080 1064 16 161
823 1080 1293 19 245
810 1080 513 9 42
805 1080 845 18 177
814 1080 1062 16 170
828 1080 1022 17 187
809 1080 913 18 237
816 1080 778 17 129
803 1080 1077 17 203
817 1080 1000 17 186
819 1080 564 14 85
810 1080 1156 16 208
809 1080 1062 16 177
824 1080 934 17 184
821 1080 990 17 180
821 1080 348 14 89
816 1080 755 17 235
824 1080 1506 17 217
809 1080 787 18 189
817 1080 1040 15 136
816 1080 512 15 165
816 1080 1026 11 54
823 1080 1325 19 330
810 1080 1174 18 201
810 1080 802 17 150
811 1080 1002 17 222
808 1080 918 17 264
810 1080 905 18 247
827 1080 887 18 192
830 1080 1457 18 353
821 1080 912 17 174
812 1080 1013 18 233
805 1080 584 15 139
830 1080 1451 19 305
826 1080 1284 17 183
