734 960 13 5 42
738 960 12 4 39
725 960 12 4 28
734 960 13 5 48
725 960 10 3 18
728 960 12 5 42
720 960 15 6 150
721 960 14 5 48
741 960 12 4 28
728 960 15 6 80
735 960 12 4 61
719 960 7 4 20
733 960 13 5 47
725 960 17 4 39
719 960 16 5 51
728 960 14 5 55
734 960 15 6 88
735 960 12 4 34
721 960 12 5 50
741 960 13 5 55
736 960 8 3 22
716 960 13 5 38
723 960 10 4 33
734 960 20 5 78
717 960 4 1 1
733 960 10 3 18
725 960 17 4 47
729 960 16 5 77
716 960 12 4 27
721 960 19 6 149
734 960 11 5 46
729 960 11 5 30
739 960 13 5 43
725 960 12 4 37
735 960 10 3 17
734 960 6 2 9
717 960 8 4 21
730 960 15 6 74
732 960 13 6 53
711 960 14 5 46
733 960 8 4 17
726 960 11 5 48
739 960 18 4 51
736 960 9 3 16
726 960 11 5 48
724 960 8 3 26
714 960 16 5 81
726 960 7 4 22
736 960 11 5 46
730 960 14 5 45
734 960 10 3 15
726 960 9 3 15
732 960 11 5 45
730 960 15 6 99
738 960 20 5 69
725 960 13 5 47
738 960 13 5 54
713 960 16 5 60
715 960 16 5 70
722 960 8 3 21
726 960 10 3 22
724 960 6 2 7
727 960 19 6 100
736 960 10 3 16
734 960 12 4 35
733 960 15 6 99
731 960 13 5 39
732 960 12 4 35
732 960 14 5 41
735 960 18 5 38
724 960 18 4 38
726 960 10 3 20
724 960 9 3 17
714 960 9 3 16
719 960 10 3 20
737 960 6 2 8
743 960 14 5 55
726 960 12 4 42
734 960 16 5 61
735 960 15 6 86
732 960 14 5 66
723 960 11 5 42
738 960 9 3 22
724 960 8 3 14
723 960 17 5 46
734 960 8 3 29
732 960 14 5 48
731 960 13 5 53
717 960 5 2 6
733 960 12 4 31
726 960 9 3 19
722 960 12 4 36
733 960 14 5 61
720 960 11 5 41
731 960 9 3 21
728 960 13 5 44
724 960 8 4 16
715 960 5 2 7
719 960 13 5 50
740 960 7 4 18
726 960 7 4 18
