94 120 80 9 53
87 120 51 10 57
92 120 88 10 85
89 120 107 12 117
90 120 70 9 49
92 120 40 7 25
93 120 104 11 79
87 120 60 9 77
92 120 82 10 73
92 120 76 10 86
94 120 72 9 40
93 120 67 9 59
84 120 67 9 85
93 120 40 8 21
94 120 62 9 58
93 120 39 8 51
91 120 101 12 87
93 120 96 10 59
87 120 86 10 69
91 120 113 12 136
89 120 73 9 50
88 120 131 10 87
90 120 67 9 62
95 120 140 10 136
93 120 77 10 78
93 120 97 11 83
92 120 101 12 133
88 120 71 9 59
88 120 71 9 56
91 120 79 10 75
94 120 64 9 52
89 120 34 5 17
93 120 114 11 77
89 120 71 9 65
93 120 68 7 53
89 120 83 11 70
94 120 97 11 122
90 120 111 12 114
88 120 106 11 89
92 120 73 10 46
92 120 67 8 45
87 120 67 8 40
97 120 74 9 47
94 120 91 11 69
92 120 65 6 25
95 120 143 11 71
89 120 105 12 174
91 120 79 10 56
92 120 94 10 90
89 120 66 6 27
93 120 120 11 88
93 120 71 9 45
93 120 95 11 86
93 120 32 7 27
92 120 45 9 43
92 120 75 11 133
92 120 64 7 31
92 120 80 9 52
91 120 105 12 118
91 120 115 12 104
89 120 43 9 39
91 120 78 10 54
94 120 33 5 19
88 120 60 9 46
94 120 68 7 35
95 120 68 8 40
94 120 72 8 43
93 120 122 11 124
93 120 65 6 27
85 120 68 7 32
94 120 94 10 58
91 120 28 7 53
92 120 67 8 36
87 120 85 9 83
94 120 44 8 43
91 120 134 10 80
92 120 91 11 96
89 120 92 10 83
91 120 54 9 59
91 120 109 12 99
91 120 64 9 50
91 120 65 6 40
88 120 83 11 94
88 120 80 10 66
91 120 94 10 67
93 120 90 10 70
91 120 100 11 105
93 120 86 10 54
92 120 54 9 48
91 120 101 9 73
90 120 102 11 86
92 120 35 7 31
95 120 34 5 14
90 120 103 12 67
90 120 56 9 45
91 120 68 8 41
93 120 69 8 41
91 120 94 11 80
92 120 147 10 115
91 120 68 8 39
94 120 68 8 47
