720 960 781 17 200
717 960 623 16 147
722 960 968 17 192
739 960 815 18 188
728 960 1068 16 241
720 960 855 18 189
727 960 522 12 64
723 960 867 18 289
724 960 557 15 137
719 960 868 17 216
730 960 552 15 86
733 960 1118 17 273
740 960 805 18 136
726 960 274 13 54
716 960 959 18 207
738 960 982 17 160
732 960 1082 16 175
728 960 935 18 264
723 960 886 17 200
733 960 714 16 136
727 960 1243 18 319
728 960 899 18 188
719 960 1110 17 277
728 960 792 17 175
731 960 1162 17 280
731 960 497 16 93
728 960 1106 17 259
731 960 216 13 79
743 960 429 16 90
723 960 1150 17 232
715 960 812 17 194
710 960 967 18 230
735 960 847 18 175
726 960 1263 18 303
730 960 613 16 114
734 960 813 18 146
716 960 856 17 197
739 960 998 17 169
726 960 802 17 146
726 960 690 16 137
731 960 1091 17 235
732 960 262 10 39
731 960 539 14 88
717 960 1040 14 126
735 960 716 16 124
732 960 1090 17 195
728 960 795 18 136
732 960 956 17 166
719 960 680 16 174
726 960 971 18 301
726 960 1042 14 130
722 960 808 17 216
725 960 294 13 85
729 960 707 17 202
729 960 1028 12 77
728 960 980 17 197
725 960 537 14 91
730 960 1056 16 120
710 960 952 17 197
720 960 550 14 100
725 960 1202 16 334
727 960 935 18 198
725 960 870 17 172
727 960 719 17 123
733 960 885 18 198
729 960 716 16 142
722 960 781 18 187
737 960 1022 17 193
720 960 782 17 174
731 960 813 18 204
718 960 916 17 217
734 960 1270 18 242
733 960 538 14 71
726 960 1026 13 52
736 960 820 17 248
725 960 512 15 103
725 960 1421 19 361
722 960 879 18 195
725 960 801 18 210
720 960 896 17 163
737 960 1010 17 205
722 960 1004 17 245
714 960 1015 18 231
738 960 891 18 180
746 960 1142 17 225
722 960 365 15 81
730 960 1374 18 611
718 960 664 16 128
730 960 1061 17 191
727 960 964 17 205
735 960 288 13 58
721 960 874 17 180
726 960 1345 19 311
737 960 1043 15 148
718 960 704 16 135
724 960 530 14 86
722 960 1036 14 129
735 960 491 16 123
713 960 801 18 274
732 960 697 17 179
724 960 727 17 130
