88 120 55 10 78
89 120 86 10 86
89 120 57 10 95
92 120 61 10 108
88 120 44 8 47
93 120 66 7 54
90 120 62 9 78
89 120 54 9 70
94 120 60 9 81
90 120 35 7 30
93 120 48 8 59
91 120 72 9 62
92 120 57 10 76
91 120 31 8 45
89 120 20 5 16
88 120 39 8 30
94 120 89 11 142
94 120 38 8 29
92 120 80 9 100
93 120 83 9 72
91 120 45 9 68
93 120 34 5 16
94 120 61 10 76
94 120 60 9 59
90 120 34 5 25
94 120 42 8 33
91 120 33 6 28
93 120 60 9 66
93 120 21 6 21
90 120 62 9 70
87 120 68 8 52
89 120 55 8 81
89 120 22 6 35
92 120 74 10 67
95 120 85 12 116
92 120 54 9 71
92 120 92 10 86
89 120 40 7 47
93 120 74 9 68
92 120 75 10 90
94 120 34 6 21
92 120 58 9 101
89 120 81 10 66
85 120 56 9 75
94 120 53 10 59
89 120 8 3 7
92 120 50 9 52
90 120 60 9 111
93 120 58 9 46
93 120 32 7 31
86 120 31 8 54
89 120 40 7 37
92 120 42 8 52
93 120 46 8 53
92 120 50 9 43
90 120 64 9 56
92 120 69 8 62
91 120 66 7 28
89 120 35 7 36
94 120 33 5 19
96 120 74 10 63
95 120 27 8 35
89 120 27 8 39
97 120 89 11 130
94 120 50 9 73
91 120 75 10 61
98 120 15 6 21
91 120 37 7 28
93 120 46 8 29
91 120 46 8 42
92 120 46 8 51
92 120 56 9 53
96 120 50 9 92
88 120 34 5 24
94 120 70 8 44
95 120 51 10 66
92 120 47 9 49
86 120 64 9 70
88 120 84 10 105
92 120 63 10 61
91 120 60 9 86
92 120 56 9 97
91 120 68 8 57
90 120 70 9 58
92 120 48 8 33
94 120 73 10 100
95 120 79 10 98
97 120 72 8 90
91 120 78 10 69
90 120 62 9 88
93 120 49 9 77
92 120 63 10 51
92 120 63 10 88
88 120 24 6 35
93 120 66 7 27
91 120 68 8 42
92 120 56 9 78
91 120 40 7 34
91 120 40 7 46
94 120 75 10 137
93 120 52 9 55
