453 600 9 3 18
454 600 8 3 17
452 600 12 4 31
459 600 4 1 2
459 600 17 4 39
455 600 14 5 53
449 600 11 5 37
454 600 13 5 46
451 600 16 5 56
453 600 11 5 51
450 600 16 5 53
456 600 12 4 27
457 600 8 3 26
461 600 18 4 39
456 600 21 6 98
461 600 10 3 15
463 600 10 3 18
451 600 9 3 16
461 600 9 3 15
450 600 15 6 71
455 600 10 3 16
456 600 13 5 38
448 600 13 5 59
462 600 10 4 16
457 600 12 5 32
452 600 12 4 28
449 600 15 6 86
457 600 14 5 37
452 600 11 5 43
450 600 14 5 56
451 600 14 5 56
454 600 9 3 17
457 600 16 5 65
457 600 16 5 76
472 600 12 4 26
460 600 16 5 48
454 600 14 5 49
446 600 9 3 18
456 600 14 5 49
453 600 9 3 23
458 600 14 5 37
460 600 8 3 17
460 600 8 3 21
457 600 16 5 75
452 600 11 5 25
456 600 14 5 40
458 600 9 4 20
457 600 14 6 70
454 600 12 4 25
462 600 13 5 43
459 600 16 5 67
448 600 12 4 26
451 600 15 6 71
450 600 13 5 40
459 600 10 3 23
460 600 11 5 48
453 600 10 4 18
456 600 16 5 69
454 600 13 5 57
460 600 17 4 39
457 600 7 4 18
457 600 15 6 56
456 600 11 5 42
453 600 9 3 19
458 600 12 4 23
463 600 12 4 54
450 600 13 6 41
460 600 16 5 80
454 600 7 4 20
462 600 14 5 47
458 600 16 5 47
457 600 18 5 45
438 600 10 3 22
450 600 12 4 32
459 600 13 5 36
449 600 16 5 74
461 600 7 4 24
458 600 14 5 47
458 600 14 5 44
453 600 12 4 26
453 600 18 4 57
461 600 17 5 85
461 600 13 5 33
450 600 13 5 39
462 600 13 5 41
453 600 14 5 48
461 600 18 4 31
452 600 11 5 40
446 600 17 4 36
461 600 21 6 110
454 600 9 3 20
447 600 10 3 15
457 600 9 3 18
460 600 7 4 19
452 600 10 3 15
453 600 11 5 33
458 600 16 5 77
460 600 5 2 7
453 600 16 5 57
450 600 14 5 40
451 600 14 5 47
