1082 1440 1442 18 207
1099 1440 1407 19 259
1093 1440 980 17 137
1100 1440 799 18 176
1082 1440 1445 19 290
1089 1440 1541 20 308
1106 1440 1976 19 375
1087 1440 562 14 69
1084 1440 1178 18 169
1082 1440 1352 18 243
1085 1440 1847 20 343
1090 1440 1116 17 156
1087 1440 888 17 111
1088 1440 1186 18 184
1101 1440 1796 19 314
1090 1440 1264 17 132
1096 1440 538 14 68
1090 1440 1174 18 185
1093 1440 2125 18 322
1092 1440 655 17 108
1094 1440 1833 20 299
1090 1440 1074 16 114
1094 1440 1420 18 245
1087 1440 1493 19 317
1108 1440 819 18 186
1094 1440 2046 19 360
1087 1440 1252 18 145
1101 1440 802 17 146
1104 1440 967 18 187
1098 1440 2140 18 385
1101 1440 1059 16 155
1093 1440 1430 18 245
1087 1440 1082 15 112
1097 1440 890 17 149
1081 1440 2025 20 436
1085 1440 1697 20 330
1098 1440 1717 20 307
1089 1440 1189 18 184
1098 1440 1509 19 240
1082 1440 688 16 95
1100 1440 727 17 141
1093 1440 1292 18 230
1090 1440 742 16 97
1087 1440 1883 20 326
1095 1440 996 17 152
1080 1440 1467 19 274
1095 1440 1061 16 183
1081 1440 1591 17 273
1092 1440 1378 18 259
1097 1440 1110 16 145
1097 1440 831 18 109
1101 1440 891 18 153
1095 1440 1027 12 76
1096 1440 1522 18 244
1082 1440 1271 18 195
1097 1440 1422 18 286
1092 1440 1491 19 331
1106 1440 1090 16 138
1084 1440 1564 19 451
1093 1440 1474 18 200
1081 1440 464 15 86
1091 1440 1281 18 206
1099 1440 805 18 148
1096 1440 893 18 131
1078 1440 1216 17 153
1108 1440 1606 19 256
1098 1440 1096 16 143
1101 1440 2152 17 468
1084 1440 1490 18 208
1087 1440 1362 18 207
1095 1440 1208 18 176
1092 1440 1250 18 155
1074 1440 1280 18 194
1096 1440 895 18 124
1075 1440 1547 20 279
1100 1440 843 18 143
1081 1440 1413 19 253
1083 1440 1005 18 160
1093 1440 1343 19 233
1106 1440 1675 20 258
1093 1440 1030 13 73
1088 1440 1623 20 295
1082 1440 1182 18 158
1083 1440 2013 20 363
1088 1440 1509 19 335
1089 1440 1288 18 182
1081 1440 902 17 121
1094 1440 1025 10 41
1108 1440 1230 18 251
1091 1440 1692 19 273
1077 1440 1503 18 300
1097 1440 1736 19 231
1089 1440 1114 16 118
1098 1440 1380 18 257
1099 1440 1743 20 312
1102 1440 1356 18 155
1088 1440 1186 18 138
1101 1440 1384 18 268
1082 1440 1115 18 178
1103 1440 1598 19 318
