1563 2040 12 4 37
1541 2040 8 4 18
1547 2040 16 5 55
1546 2040 11 5 47
1548 2040 5 2 8
1551 2040 13 5 49
1539 2040 15 6 97
1560 2040 11 5 50
1549 2040 3 1 1
1537 2040 12 4 35
1536 2040 11 5 49
1556 2040 15 6 83
1545 2040 15 6 96
1556 2040 10 3 19
1536 2040 11 5 41
1546 2040 9 4 27
1553 2040 14 5 61
1545 2040 8 3 17
1551 2040 5 2 9
1533 2040 11 5 41
1547 2040 9 3 21
1562 2040 17 5 62
1551 2040 12 4 35
1536 2040 11 5 43
1549 2040 15 6 77
1544 2040 13 5 57
1547 2040 12 4 37
1545 2040 10 3 21
1561 2040 12 4 34
1535 2040 8 3 18
1552 2040 14 5 49
1547 2040 10 3 24
1545 2040 8 4 21
1517 2040 13 5 65
1548 2040 14 5 51
1547 2040 12 4 33
1530 2040 8 3 20
1549 2040 11 5 46
1547 2040 10 3 21
1552 2040 4 1 1
1551 2040 15 6 117
1543 2040 18 4 47
1551 2040 4 1 1
1554 2040 7 4 28
1559 2040 19 6 95
1552 2040 14 5 50
1539 2040 10 3 22
1537 2040 11 5 48
1540 2040 11 5 43
1552 2040 18 5 66
1536 2040 10 3 17
1540 2040 17 5 52
1556 2040 16 5 82
1553 2040 8 3 16
1555 2040 16 5 74
1542 2040 15 6 86
1538 2040 14 5 60
1549 2040 8 3 15
1549 2040 13 5 56
1543 2040 10 3 17
1553 2040 14 5 55
1541 2040 9 3 20
1545 2040 10 3 19
1555 2040 11 5 48
1544 2040 13 5 44
1534 2040 9 3 20
1542 2040 13 5 51
1560 2040 16 5 62
1561 2040 8 4 20
1554 2040 11 5 46
1531 2040 12 4 43
1544 2040 14 5 59
1536 2040 14 5 50
1550 2040 10 3 19
1551 2040 10 3 18
1543 2040 20 5 78
1552 2040 12 4 33
1540 2040 18 4 51
1543 2040 9 3 18
1546 2040 9 3 20
1554 2040 17 4 48
1529 2040 13 5 63
1539 2040 11 5 41
1536 2040 14 5 44
1530 2040 18 5 59
1551 2040 17 5 81
1545 2040 7 4 26
1535 2040 13 5 54
1538 2040 15 6 92
1564 2040 8 3 29
1547 2040 14 5 46
1548 2040 15 6 111
1540 2040 8 3 16
1564 2040 10 3 20
1560 2040 8 3 28
1541 2040 13 5 74
1532 2040 11 5 51
1545 2040 15 6 76
1542 2040 17 4 56
1542 2040 12 4 38
1543 2040 3 1 1
