1259 1680 1680 19 227
1262 1680 1648 19 260
1273 1680 864 17 109
1278 1680 2070 15 210
1277 1680 2101 18 285
1279 1680 1663 20 203
1273 1680 1687 20 262
1278 1680 1489 19 227
1268 1680 1865 20 293
1268 1680 1048 16 93
1268 1680 1508 18 245
1269 1680 290 14 56
1275 1680 1208 17 143
1267 1680 1075 17 121
1285 1680 1555 20 238
1287 1680 1542 19 222
1266 1680 1374 18 201
1265 1680 1178 18 184
1261 1680 1451 19 215
1274 1680 1323 19 230
1274 1680 1607 20 198
1256 1680 314 14 69
1274 1680 1143 17 157
1292 1680 1602 19 228
1280 1680 1798 19 227
1280 1680 1673 20 287
1271 1680 1220 17 163
1272 1680 1336 18 149
1264 1680 2420 20 372
1285 1680 1500 18 217
1267 1680 1518 18 238
1272 1680 1684 19 318
1268 1680 1448 18 278
1278 1680 1223 18 172
1242 1680 1050 14 108
1275 1680 2141 19 368
1273 1680 1668 19 210
1281 1680 1058 15 110
1282 1680 1471 19 209
1275 1680 471 16 72
1264 1680 2081 18 433
1268 1680 1265 18 180
1271 1680 1577 20 213
1279 1680 1657 19 293
1277 1680 1182 17 169
1257 1680 1913 20 302
1274 1680 1009 18 162
1282 1680 1662 19 266
1263 1680 944 17 129
1271 1680 1359 19 222
1286 1680 1735 20 281
1264 1680 1334 18 129
1267 1680 1066 17 92
1273 1680 1537 19 205
1279 1680 727 17 114
1266 1680 882 17 129
1276 1680 953 18 145
1274 1680 2467 20 549
1291 1680 1056 14 78
1275 1680 2450 19 338
1261 1680 1096 17 162
1279 1680 1611 20 275
1271 1680 1574 19 356
1267 1680 1689 19 264
1269 1680 1275 18 156
1255 1680 1792 19 404
1283 1680 1547 20 246
1272 1680 1399 19 261
1272 1680 1495 19 340
1277 1680 1289 19 171
1269 1680 1581 20 253
1273 1680 1543 20 230
1256 1680 2325 21 342
1281 1680 1434 18 189
1278 1680 2331 20 359
1257 1680 870 17 120
1261 1680 1963 20 280
1282 1680 1377 18 189
1277 1680 1523 19 210
1271 1680 1451 19 191
1275 1680 1523 19 240
1253 1680 1398 18 234
1268 1680 909 18 150
1269 1680 1532 17 192
1262 1680 2052 13 165
1277 1680 2061 16 200
1266 1680 1228 17 136
1268 1680 1380 18 216
1262 1680 1272 17 193
1286 1680 1810 19 284
1274 1680 496 15 68
1276 1680 1777 20 317
1265 1680 917 18 155
1276 1680 1398 18 180
1262 1680 1301 19 174
1278 1680 1387 19 224
1254 1680 794 17 97
1285 1680 1646 19 219
1273 1680 1564 19 199
1258 1680 686 16 88
