1832 2400 10 3 25
1834 2400 14 5 66
1800 2400 12 4 28
1826 2400 10 3 20
1821 2400 15 6 95
1820 2400 13 5 52
1805 2400 12 4 38
1822 2400 9 3 22
1811 2400 19 6 117
1811 2400 14 5 47
1831 2400 11 5 54
1822 2400 10 4 19
1813 2400 7 4 23
1829 2400 13 5 51
1818 2400 13 5 88
1832 2400 12 4 33
1823 2400 17 4 57
1794 2400 9 3 20
1846 2400 12 4 31
1825 2400 18 5 69
1811 2400 9 3 22
1818 2400 9 3 25
1807 2400 10 4 32
1825 2400 8 3 31
1832 2400 10 4 20
1801 2400 13 5 49
1812 2400 8 3 16
1794 2400 7 4 27
1814 2400 8 3 18
1818 2400 18 4 51
1836 2400 12 5 42
1831 2400 14 5 57
1826 2400 15 6 83
1797 2400 8 4 18
1818 2400 6 2 9
1823 2400 12 4 28
1806 2400 7 4 29
1822 2400 16 5 96
1839 2400 22 6 134
1804 2400 8 3 25
1810 2400 14 5 60
1803 2400 13 5 50
1816 2400 11 5 53
1806 2400 12 4 41
1808 2400 6 2 8
1816 2400 13 5 47
1799 2400 10 4 22
1849 2400 13 5 45
1822 2400 12 4 45
1822 2400 12 4 31
1821 2400 9 3 18
1811 2400 13 5 49
1800 2400 16 5 92
1836 2400 15 6 94
1828 2400 15 6 139
1813 2400 16 5 86
1799 2400 12 5 60
1804 2400 10 3 19
1813 2400 8 3 21
1825 2400 4 1 1
1820 2400 17 4 42
1783 2400 11 5 35
1796 2400 15 6 87
1824 2400 6 2 9
1832 2400 13 5 58
1808 2400 9 3 18
1811 2400 12 4 46
1851 2400 9 3 18
1816 2400 15 6 91
1829 2400 9 3 21
1838 2400 10 3 21
1841 2400 11 5 54
1805 2400 15 6 82
1809 2400 8 3 28
1810 2400 13 5 52
1836 2400 15 6 95
1806 2400 11 5 54
1828 2400 14 5 58
1823 2400 17 4 58
1806 2400 7 4 25
1808 2400 10 3 19
1796 2400 12 4 37
1814 2400 14 5 48
1803 2400 11 5 39
1794 2400 6 2 7
1820 2400 10 3 26
1826 2400 11 5 47
1819 2400 12 4 32
1798 2400 13 5 48
1825 2400 12 4 30
1835 2400 13 5 63
1806 2400 10 3 20
1855 2400 16 5 74
1814 2400 16 5 85
1826 2400 14 5 54
1826 2400 16 5 67
1823 2400 8 3 27
1836 2400 14 5 42
1812 2400 15 6 84
1788 2400 12 4 31
1802 2400 5 2 8
