94 120 70 9 123
89 120 70 9 58
94 120 50 9 56
93 120 45 9 45
93 120 60 9 50
90 120 56 9 62
91 120 55 10 60
94 120 99 12 151
88 120 34 5 16
93 120 53 10 99
93 120 99 12 103
90 120 63 10 78
87 120 42 9 52
96 120 44 8 49
96 120 105 12 126
94 120 52 9 42
89 120 64 9 75
92 120 93 11 68
91 120 46 8 66
89 120 66 8 29
90 120 71 10 68
89 120 114 11 123
86 120 49 9 58
92 120 45 9 44
90 120 119 12 103
89 120 82 8 50
94 120 101 12 117
91 120 71 10 69
96 120 56 9 60
94 120 106 11 104
88 120 96 10 88
88 120 68 8 38
94 120 59 10 82
90 120 25 7 37
96 120 45 9 56
88 120 78 10 72
92 120 45 9 38
91 120 53 10 69
92 120 87 11 111
93 120 93 11 103
90 120 70 8 47
88 120 45 9 41
90 120 46 8 33
92 120 63 10 98
88 120 92 10 113
88 120 22 6 19
92 120 100 11 72
92 120 74 10 80
94 120 55 10 66
95 120 52 9 38
84 120 28 7 38
93 120 80 10 69
92 120 59 10 69
90 120 59 10 65
90 120 92 10 73
94 120 75 10 61
90 120 70 8 62
95 120 60 9 66
91 120 41 8 39
97 120 66 6 23
96 120 68 8 51
90 120 73 9 50
85 120 66 6 24
86 120 62 9 67
92 120 33 5 16
91 120 78 9 78
88 120 36 6 25
96 120 21 6 28
91 120 97 11 108
90 120 75 10 79
92 120 8 4 7
97 120 80 10 48
92 120 72 8 44
91 120 59 10 76
88 120 68 8 36
89 120 51 10 65
94 120 68 8 34
90 120 66 7 32
90 120 77 10 82
89 120 70 9 73
88 120 45 9 39
91 120 78 10 79
90 120 76 9 51
89 120 63 10 61
87 120 44 8 40
92 120 94 10 77
91 120 56 9 50
94 120 100 11 108
91 120 51 10 57
97 120 115 12 177
91 120 72 8 49
90 120 66 7 22
88 120 53 10 50
92 120 27 8 44
91 120 96 10 92
89 120 35 8 28
89 120 27 8 42
94 120 26 7 38
90 120 57 10 102
94 120 68 7 38
95 120 76 10 53
