367 480 289 13 79
360 480 530 13 94
369 480 368 14 100
362 480 461 16 226
358 480 214 13 99
369 480 354 14 100
356 480 258 8 33
366 480 405 16 144
361 480 414 15 139
363 480 333 15 113
364 480 335 15 107
363 480 337 15 123
364 480 266 11 57
366 480 521 13 118
363 480 554 15 114
361 480 416 15 152
367 480 540 14 169
352 480 300 13 106
373 480 424 15 128
355 480 542 14 146
370 480 203 14 75
362 480 367 15 163
361 480 348 14 94
361 480 386 14 122
373 480 318 14 98
371 480 264 11 42
365 480 500 15 121
361 480 495 16 151
370 480 270 11 67
361 480 503 16 204
362 480 415 16 142
373 480 619 16 220
362 480 180 12 61
363 480 222 13 80
377 480 511 16 158
351 480 479 16 190
354 480 360 14 183
374 480 383 15 131
353 480 374 14 92
370 480 337 15 87
358 480 504 15 163
356 480 455 16 150
357 480 522 13 103
365 480 287 13 76
370 480 367 15 161
358 480 285 13 84
363 480 414 15 129
358 480 348 14 132
362 480 330 14 90
372 480 552 15 155
366 480 510 15 152
361 480 575 14 152
367 480 353 15 109
357 480 492 15 163
358 480 183 13 70
363 480 337 15 103
372 480 455 16 164
358 480 556 14 153
369 480 343 15 104
364 480 546 15 150
368 480 340 14 79
365 480 510 15 176
358 480 414 15 135
367 480 379 15 107
356 480 567 16 246
356 480 423 16 182
368 480 520 12 103
360 480 548 15 197
365 480 334 14 93
367 480 460 15 158
359 480 608 16 210
370 480 319 14 89
364 480 413 16 126
364 480 346 14 109
367 480 381 15 125
364 480 244 13 74
362 480 508 15 225
360 480 237 14 68
360 480 650 16 212
372 480 337 15 89
364 480 398 15 121
362 480 398 15 145
366 480 398 15 104
371 480 503 16 156
363 480 467 16 130
358 480 749 17 390
348 480 474 15 177
369 480 238 13 83
363 480 536 15 131
362 480 485 16 151
367 480 640 16 225
370 480 404 15 136
373 480 375 15 96
371 480 268 12 49
364 480 548 15 160
357 480 405 16 132
367 480 202 13 66
356 480 384 14 89
366 480 345 15 126
359 480 258 9 29
364 480 379 15 123
354 480 554 13 126
