1092 1440 6 2 7
1093 1440 13 5 56
1086 1440 9 3 18
1083 1440 9 3 21
1086 1440 18 4 40
1094 1440 8 3 15
1094 1440 14 5 46
1084 1440 9 3 22
1094 1440 7 4 20
1094 1440 13 5 48
1081 1440 11 5 45
1108 1440 15 6 73
1088 1440 19 7 169
1084 1440 11 5 35
1076 1440 12 5 55
1087 1440 9 3 18
1087 1440 11 5 52
1088 1440 13 6 70
1096 1440 15 6 81
1098 1440 10 5 38
1092 1440 15 6 102
1098 1440 7 4 22
1083 1440 15 6 72
1079 1440 10 4 20
1091 1440 15 6 71
1088 1440 10 3 20
1095 1440 10 4 26
1090 1440 17 4 48
1071 1440 12 4 57
1098 1440 12 4 31
1092 1440 16 5 73
1095 1440 11 5 42
1095 1440 11 5 40
1104 1440 13 5 44
1084 1440 9 3 20
1081 1440 10 3 20
1094 1440 14 5 56
1090 1440 7 4 25
1097 1440 12 4 32
1093 1440 14 5 75
1096 1440 18 4 37
1089 1440 7 4 20
1095 1440 10 3 17
1084 1440 14 5 53
1086 1440 7 4 21
1089 1440 13 5 55
1098 1440 13 5 59
1079 1440 18 5 43
1090 1440 11 5 39
1089 1440 12 4 63
1096 1440 17 5 43
1081 1440 16 5 98
1095 1440 10 3 21
1094 1440 12 4 31
1083 1440 13 5 55
1100 1440 13 5 44
1079 1440 3 1 1
1090 1440 6 2 8
1088 1440 18 4 45
1100 1440 8 3 13
1101 1440 14 5 58
1095 1440 10 3 20
1093 1440 17 5 56
1092 1440 18 5 39
1089 1440 9 4 26
1084 1440 18 4 47
1091 1440 19 6 77
1082 1440 7 4 21
1086 1440 7 4 23
1090 1440 10 3 15
1091 1440 11 5 52
1092 1440 18 5 52
1092 1440 16 5 104
1094 1440 13 5 48
1083 1440 11 5 37
1098 1440 14 5 46
1102 1440 16 5 77
1085 1440 11 5 53
1091 1440 16 5 76
1096 1440 12 4 51
1101 1440 13 5 58
1086 1440 12 4 35
1102 1440 11 5 38
1079 1440 15 6 77
1082 1440 15 6 77
1091 1440 9 3 17
1099 1440 16 5 76
1090 1440 14 5 85
1081 1440 10 3 14
1103 1440 11 5 55
1090 1440 17 4 46
1106 1440 6 2 7
1102 1440 11 5 42
1092 1440 18 5 81
1095 1440 13 5 66
1092 1440 12 4 35
1096 1440 12 4 37
1099 1440 6 2 7
1094 1440 14 5 50
1094 1440 9 3 17
1096 1440 13 5 53
