1179 1560 13 5 63
1183 1560 6 2 8
1177 1560 12 4 31
1186 1560 16 5 91
1186 1560 14 5 66
1181 1560 9 3 19
1184 1560 17 4 54
1200 1560 16 5 57
1184 1560 6 2 7
1188 1560 14 5 49
1203 1560 10 3 19
1175 1560 12 4 34
1190 1560 9 3 22
1180 1560 10 3 17
1179 1560 16 5 95
1184 1560 8 3 17
1171 1560 7 4 21
1188 1560 12 4 30
1180 1560 15 6 102
1186 1560 15 6 60
1193 1560 13 5 45
1195 1560 12 4 29
1179 1560 18 5 51
1183 1560 16 5 82
1196 1560 13 5 45
1170 1560 12 4 31
1175 1560 12 4 35
1185 1560 10 3 24
1197 1560 14 5 61
1178 1560 14 5 47
1198 1560 12 4 44
1190 1560 15 6 83
1187 1560 13 5 88
1194 1560 14 5 50
1184 1560 11 5 59
1186 1560 21 6 132
1187 1560 17 4 59
1171 1560 12 4 30
1175 1560 12 4 30
1166 1560 10 3 15
1193 1560 15 6 59
1180 1560 14 5 47
1187 1560 15 6 77
1171 1560 17 4 40
1188 1560 14 5 46
1183 1560 10 3 17
1178 1560 11 5 39
1175 1560 13 5 61
1176 1560 14 5 46
1186 1560 9 3 16
1186 1560 8 3 31
1190 1560 10 3 23
1189 1560 14 5 54
1188 1560 7 4 26
1188 1560 6 2 8
1182 1560 9 3 18
1185 1560 16 5 122
1184 1560 13 5 82
1212 1560 6 2 7
1184 1560 17 5 59
1190 1560 6 2 8
1162 1560 10 3 17
1181 1560 14 5 47
1192 1560 17 4 54
1177 1560 7 4 33
1185 1560 11 5 61
1195 1560 18 4 46
1185 1560 11 5 39
1185 1560 16 5 65
1183 1560 14 5 66
1184 1560 13 6 81
1187 1560 10 4 25
1180 1560 10 3 24
1173 1560 13 5 49
1175 1560 14 5 45
1188 1560 9 3 16
1162 1560 8 3 17
1181 1560 14 5 48
1163 1560 13 5 44
1186 1560 16 5 102
1203 1560 10 3 17
1174 1560 15 6 81
1182 1560 12 4 48
1183 1560 13 5 51
1192 1560 16 5 65
1208 1560 13 5 78
1181 1560 15 6 106
1163 1560 9 3 19
1180 1560 18 4 57
1174 1560 13 5 42
1187 1560 18 5 49
1175 1560 16 5 67
1190 1560 14 5 69
1185 1560 8 3 24
1197 1560 12 4 31
1169 1560 13 5 45
1192 1560 11 5 42
1180 1560 17 4 38
1196 1560 14 5 78
1186 1560 12 4 34
1190 1560 14 5 54
