1258 1680 18 4 42
1269 1680 14 5 50
1262 1680 16 5 70
1276 1680 7 4 26
1278 1680 11 5 41
1269 1680 15 6 73
1264 1680 18 7 126
1273 1680 13 5 52
1274 1680 8 3 23
1269 1680 16 5 86
1263 1680 15 6 80
1287 1680 15 6 89
1278 1680 13 5 50
1272 1680 10 3 14
1283 1680 11 5 43
1271 1680 19 6 106
1267 1680 12 5 55
1262 1680 14 5 77
1269 1680 13 5 68
1287 1680 10 4 22
1287 1680 7 4 21
1276 1680 15 6 64
1284 1680 13 5 53
1280 1680 14 5 44
1278 1680 10 3 19
1295 1680 11 5 41
1289 1680 12 4 32
1284 1680 13 5 47
1272 1680 17 4 47
1284 1680 7 4 39
1293 1680 4 1 1
1263 1680 9 3 21
1277 1680 15 6 66
1269 1680 11 5 45
1265 1680 16 5 53
1254 1680 8 3 25
1273 1680 14 5 68
1253 1680 14 5 47
1273 1680 17 4 43
1280 1680 5 2 7
1282 1680 10 4 20
1287 1680 17 4 39
1268 1680 9 3 19
1270 1680 10 4 26
1263 1680 16 5 53
1281 1680 4 1 1
1261 1680 14 5 55
1266 1680 8 3 28
1274 1680 16 5 68
1266 1680 17 4 64
1273 1680 12 4 34
1286 1680 5 2 8
1279 1680 17 5 45
1271 1680 16 5 93
1274 1680 8 3 16
1277 1680 14 5 47
1286 1680 18 5 60
1272 1680 9 3 19
1268 1680 10 3 18
1278 1680 16 5 91
1304 1680 17 4 48
1274 1680 11 5 44
1278 1680 12 4 35
1275 1680 9 3 18
1269 1680 14 5 49
1274 1680 17 4 45
1273 1680 16 5 88
1277 1680 18 7 105
1273 1680 11 5 42
1252 1680 12 4 27
1258 1680 11 5 38
1270 1680 12 4 44
1281 1680 11 5 52
1275 1680 11 5 46
1294 1680 9 3 18
1291 1680 14 5 77
1282 1680 12 4 36
1267 1680 7 4 25
1268 1680 9 3 25
1282 1680 18 4 40
1276 1680 16 5 50
1266 1680 12 4 38
1273 1680 11 5 47
1261 1680 15 6 54
1265 1680 12 4 30
1283 1680 14 5 67
1280 1680 10 3 19
1280 1680 5 2 8
1282 1680 15 6 82
1268 1680 10 4 24
1268 1680 9 3 18
1275 1680 14 5 43
1283 1680 12 4 32
1267 1680 13 5 48
1270 1680 15 6 69
1275 1680 8 3 26
1268 1680 10 4 23
1277 1680 15 6 71
1260 1680 15 6 70
1264 1680 9 5 32
1274 1680 18 4 47
