802 1080 14 5 46
833 1080 16 5 78
823 1080 18 4 45
826 1080 7 4 39
815 1080 8 3 22
819 1080 10 4 19
816 1080 9 3 22
824 1080 12 4 30
820 1080 17 6 88
827 1080 13 5 49
822 1080 10 3 22
827 1080 11 5 55
814 1080 15 6 77
827 1080 10 3 22
817 1080 13 5 58
804 1080 18 5 53
820 1080 10 4 26
824 1080 10 3 21
826 1080 5 2 9
817 1080 10 3 18
822 1080 13 5 47
821 1080 16 5 64
817 1080 20 5 78
828 1080 10 3 15
828 1080 13 5 61
819 1080 17 5 71
808 1080 8 3 13
821 1080 12 4 42
812 1080 11 5 35
823 1080 18 4 48
812 1080 12 4 30
829 1080 8 3 21
826 1080 14 5 54
820 1080 5 2 7
823 1080 13 5 51
807 1080 12 4 39
826 1080 9 3 14
826 1080 18 5 51
821 1080 9 3 20
817 1080 18 4 41
823 1080 14 5 58
826 1080 15 6 84
837 1080 5 2 6
824 1080 16 5 43
815 1080 9 3 15
816 1080 7 4 21
809 1080 14 5 59
817 1080 10 3 21
826 1080 16 5 80
810 1080 6 2 6
814 1080 9 3 20
830 1080 14 5 54
811 1080 8 3 13
814 1080 8 3 17
810 1080 11 5 44
817 1080 16 5 75
823 1080 11 5 41
816 1080 14 5 63
811 1080 10 3 21
827 1080 8 4 21
836 1080 18 6 96
818 1080 6 2 8
829 1080 19 6 106
819 1080 9 3 18
821 1080 14 5 76
820 1080 14 5 68
822 1080 13 5 47
814 1080 12 5 40
816 1080 10 3 18
813 1080 13 5 42
825 1080 16 5 74
818 1080 14 5 59
826 1080 10 3 16
816 1080 6 2 8
802 1080 10 3 23
835 1080 16 5 86
819 1080 15 6 76
827 1080 16 5 77
809 1080 10 3 19
827 1080 12 4 33
809 1080 16 5 55
826 1080 9 3 15
814 1080 18 4 47
815 1080 14 5 53
814 1080 14 5 43
829 1080 12 5 42
813 1080 10 3 21
834 1080 13 5 46
819 1080 14 5 53
815 1080 11 5 64
828 1080 9 3 20
818 1080 18 4 43
821 1080 13 5 63
819 1080 13 5 39
812 1080 18 4 47
818 1080 11 5 43
809 1080 9 3 19
826 1080 20 5 67
803 1080 10 3 18
811 1080 15 6 85
817 1080 12 4 42
