274 360 419 15 186
276 360 282 12 85
278 360 263 11 65
276 360 104 11 47
274 360 368 14 145
268 360 338 14 108
266 360 286 13 74
266 360 365 15 138
269 360 274 13 72
268 360 83 11 49
266 360 206 13 85
276 360 156 12 57
275 360 265 11 89
270 360 246 13 109
271 360 247 14 131
283 360 139 11 45
278 360 185 13 104
274 360 348 14 170
273 360 247 14 90
271 360 314 13 134
265 360 344 14 175
275 360 326 14 132
275 360 509 16 173
271 360 296 14 103
273 360 190 10 87
264 360 278 12 87
283 360 212 13 70
278 360 391 16 296
274 360 225 14 131
274 360 222 13 79
269 360 312 13 85
272 360 253 14 182
270 360 314 14 106
276 360 405 16 145
269 360 322 14 172
278 360 145 11 56
275 360 433 16 322
268 360 297 14 122
272 360 239 14 98
272 360 278 14 89
273 360 285 13 88
270 360 367 15 124
281 360 153 12 54
272 360 353 14 124
272 360 92 10 35
268 360 395 16 176
275 360 247 14 121
274 360 370 12 100
272 360 458 15 168
278 360 292 13 189
274 360 459 16 175
275 360 313 15 143
269 360 264 11 54
273 360 321 14 90
269 360 231 14 86
263 360 266 13 81
262 360 290 13 124
277 360 354 14 130
271 360 270 12 80
269 360 282 13 96
273 360 119 12 48
275 360 279 13 116
275 360 393 16 167
270 360 279 13 104
272 360 245 14 114
268 360 272 12 74
274 360 246 13 81
275 360 240 13 86
269 360 348 14 120
270 360 311 14 135
271 360 281 14 120
281 360 438 15 148
276 360 244 13 114
270 360 420 15 149
272 360 306 14 103
267 360 133 9 39
268 360 421 16 167
278 360 328 14 133
267 360 363 15 177
282 360 236 13 100
268 360 305 14 134
281 360 131 9 32
268 360 385 15 151
266 360 336 14 92
276 360 144 11 45
273 360 470 15 200
269 360 336 15 162
270 360 285 13 102
270 360 343 15 146
279 360 421 16 211
272 360 109 12 51
266 360 154 11 43
269 360 249 14 85
269 360 476 15 194
264 360 422 15 151
273 360 152 12 38
279 360 230 13 125
273 360 296 13 78
276 360 244 13 81
280 360 268 12 68
