992 1320 13 5 50
989 1320 14 5 50
990 1320 10 3 18
1014 1320 10 3 18
992 1320 16 5 74
998 1320 12 4 32
998 1320 9 3 20
1000 1320 18 5 61
1004 1320 20 6 79
1000 1320 6 2 8
997 1320 12 4 42
1003 1320 12 4 38
993 1320 12 4 32
1004 1320 10 3 15
993 1320 7 4 24
1005 1320 14 5 63
1009 1320 9 3 17
997 1320 11 5 40
1021 1320 10 3 22
983 1320 14 5 41
1002 1320 13 5 59
1006 1320 8 3 22
1007 1320 16 5 53
992 1320 14 5 59
1019 1320 12 4 25
1008 1320 14 5 54
1012 1320 15 6 81
1013 1320 12 4 34
995 1320 15 6 70
1018 1320 14 5 62
1007 1320 9 3 17
1007 1320 12 4 34
1008 1320 11 5 47
1006 1320 11 5 30
999 1320 10 3 16
1006 1320 10 3 16
991 1320 10 3 15
986 1320 7 4 24
997 1320 10 4 18
1008 1320 15 6 82
1018 1320 7 4 27
996 1320 16 5 44
996 1320 10 3 21
1010 1320 10 3 14
992 1320 13 5 50
988 1320 11 5 73
994 1320 17 5 54
1006 1320 16 5 41
1001 1320 13 5 51
1019 1320 14 5 47
1015 1320 9 3 19
1000 1320 12 4 30
977 1320 20 5 94
1002 1320 10 3 20
1005 1320 7 4 31
1005 1320 15 6 63
1010 1320 13 5 48
1002 1320 9 3 16
993 1320 15 6 84
997 1320 12 4 33
1009 1320 12 4 36
1009 1320 11 5 44
1010 1320 10 3 16
1016 1320 14 5 56
1005 1320 8 3 24
1004 1320 11 5 48
998 1320 12 4 28
1003 1320 9 3 23
987 1320 12 4 35
1009 1320 8 3 25
989 1320 3 1 1
1003 1320 10 3 15
1001 1320 14 5 52
989 1320 14 5 55
1012 1320 13 5 69
1001 1320 14 5 84
1005 1320 12 4 27
992 1320 10 3 24
1009 1320 17 4 50
1003 1320 4 1 1
1000 1320 9 3 22
1002 1320 15 6 71
1005 1320 13 5 72
1004 1320 10 4 24
999 1320 8 3 31
995 1320 16 5 56
1001 1320 15 6 105
983 1320 12 4 33
989 1320 14 5 50
990 1320 18 5 54
995 1320 6 2 7
1000 1320 17 5 52
999 1320 13 5 42
1004 1320 10 3 17
1003 1320 17 5 49
1005 1320 8 4 17
993 1320 10 3 20
1007 1320 12 4 30
1003 1320 12 4 34
999 1320 10 3 24
997 1320 9 3 18
