1735 2280 2644 20 248
1727 2280 1078 16 91
1729 2280 2754 19 273
1713 2280 2791 21 329
1717 2280 1530 18 146
1734 2280 2227 19 258
1748 2280 2146 19 222
1727 2280 2501 21 315
1744 2280 3407 21 481
1728 2280 1942 19 213
1725 2280 1556 19 159
1734 2280 2596 20 336
1724 2280 2121 19 199
1716 2280 2290 18 260
1729 2280 2861 20 301
1723 2280 2813 21 345
1736 2280 1353 19 200
1726 2280 2228 18 264
1716 2280 2288 18 251
1728 2280 1247 18 152
1713 2280 1449 19 146
1722 2280 2018 19 235
1741 2280 1476 18 146
1733 2280 1854 19 328
1734 2280 2176 18 193
1728 2280 2691 21 436
1729 2280 2700 20 300
1714 2280 2650 21 346
1743 2280 1876 19 246
1728 2280 1725 20 176
1728 2280 1695 20 232
1721 2280 2037 20 286
1716 2280 956 17 123
1713 2280 828 17 91
1724 2280 1578 19 149
1724 2280 2120 18 177
1730 2280 1692 19 196
1712 2280 1982 19 220
1731 2280 1572 19 238
1736 2280 2453 20 316
1727 2280 2120 17 177
1739 2280 2283 20 264
1722 2280 1521 19 180
1730 2280 2258 18 224
1733 2280 1601 20 187
1733 2280 2210 19 276
1730 2280 3178 20 461
1729 2280 1534 18 177
1737 2280 1364 18 153
1702 2280 2322 20 302
1731 2280 865 18 96
1759 2280 2209 19 226
1742 2280 2204 18 246
1714 2280 1298 18 191
1731 2280 1866 19 218
1730 2280 2046 19 207
1718 2280 2424 20 252
1755 2280 2211 19 233
1727 2280 1260 17 153
1738 2280 2198 19 232
1741 2280 1642 19 202
1728 2280 1853 20 297
1727 2280 2343 20 306
1725 2280 1400 18 136
1741 2280 2784 20 324
1729 2280 1682 19 198
1732 2280 2444 20 328
1718 2280 1742 19 199
1739 2280 2216 19 237
1730 2280 950 17 103
1712 2280 2042 19 257
1721 2280 2600 21 311
1732 2280 1191 18 116
1712 2280 2139 18 211
1722 2280 1603 20 199
1741 2280 1742 19 189
1722 2280 1040 15 67
1741 2280 2518 19 281
1738 2280 2131 19 247
1725 2280 2910 20 399
1736 2280 2402 19 349
1720 2280 1494 18 139
1725 2280 2044 19 211
1711 2280 1562 19 285
1732 2280 1902 19 248
1735 2280 2112 17 209
1736 2280 2124 18 163
1734 2280 2190 18 285
1720 2280 3067 22 420
1731 2280 2501 20 289
1721 2280 1734 19 176
1717 2280 2560 19 248
1742 2280 2639 17 225
1740 2280 1022 17 142
1730 2280 825 18 114
1717 2280 2364 19 268
1717 2280 733 17 87
1716 2280 707 17 92
1731 2280 1980 19 192
1722 2280 1260 17 141
