1185 1560 1872 19 387
1169 1560 895 18 177
1187 1560 1385 19 292
1191 1560 2069 16 301
1204 1560 1531 19 236
1180 1560 1128 17 123
1183 1560 1434 19 279
1189 1560 1073 16 149
1190 1560 1459 19 252
1179 1560 2176 17 271
1171 1560 1389 19 241
1196 1560 1679 20 334
1194 1560 2130 18 307
1185 1560 1260 17 135
1183 1560 1926 19 333
1174 1560 1151 17 147
1177 1560 1278 17 148
1182 1560 1398 18 234
1168 1560 1627 20 272
1192 1560 1321 19 186
1186 1560 878 17 133
1189 1560 2303 19 332
1191 1560 1285 20 262
1177 1560 1182 18 179
1188 1560 1658 19 251
1168 1560 1172 18 153
1177 1560 510 15 87
1190 1560 885 18 142
1187 1560 912 17 130
1180 1560 998 17 132
1177 1560 985 18 144
1171 1560 643 17 100
1182 1560 1643 20 231
1203 1560 1075 16 118
1191 1560 1324 18 169
1193 1560 1228 18 137
1170 1560 1266 17 184
1180 1560 1720 19 199
1167 1560 1344 18 234
1197 1560 1310 18 164
1181 1560 1427 18 288
1175 1560 1134 17 133
1171 1560 1058 17 148
1190 1560 1684 19 231
1204 1560 1279 18 173
1191 1560 1703 17 225
1176 1560 1873 20 389
1192 1560 1608 19 265
1189 1560 1249 18 171
1182 1560 678 16 108
1184 1560 2001 20 421
1179 1560 891 18 177
1191 1560 1631 20 221
1166 1560 1197 17 152
1173 1560 995 18 184
1186 1560 1431 19 152
1193 1560 1540 19 253
1177 1560 1125 17 176
1183 1560 1871 20 415
1171 1560 1158 18 143
1191 1560 1292 18 181
1174 1560 1579 19 264
1181 1560 1261 18 146
1170 1560 1586 19 252
1195 1560 983 18 146
1179 1560 1233 18 247
1181 1560 1102 17 137
1189 1560 1178 18 198
1181 1560 1729 20 268
1181 1560 236 13 46
1185 1560 1148 16 121
1193 1560 1687 20 291
1198 1560 1422 18 166
1186 1560 984 17 152
1168 1560 1468 18 226
1170 1560 1330 18 172
1163 1560 1591 19 286
1186 1560 1066 15 122
1205 1560 1776 19 269
1184 1560 1991 20 413
1188 1560 1203 19 196
1165 1560 968 17 143
1187 1560 1718 19 289
1190 1560 948 17 150
1187 1560 1600 19 216
1187 1560 1232 17 147
1180 1560 1359 19 178
1191 1560 2016 19 294
1183 1560 1482 18 217
1174 1560 1560 19 263
1180 1560 727 17 114
1198 1560 1421 19 207
1171 1560 1401 19 237
1178 1560 1170 17 206
1181 1560 2055 15 206
1164 1560 859 18 144
1186 1560 1469 20 212
1189 1560 101 12 48
1176 1560 1672 19 241
1192 1560 2136 15 240
