370 480 15 6 69
370 480 7 4 26
362 480 17 5 49
367 480 19 6 90
365 480 9 3 16
354 480 11 5 41
369 480 12 4 27
360 480 16 5 50
361 480 9 3 16
364 480 11 5 34
368 480 11 5 35
367 480 17 4 30
368 480 8 3 14
368 480 14 5 58
356 480 19 6 96
359 480 15 6 59
357 480 15 6 54
369 480 6 2 7
364 480 9 3 18
360 480 15 6 55
356 480 15 6 95
370 480 16 5 72
367 480 12 4 25
359 480 15 6 83
362 480 11 5 49
365 480 13 5 37
369 480 13 6 63
375 480 14 6 35
367 480 9 3 15
363 480 15 6 54
356 480 14 5 48
365 480 17 4 49
363 480 14 5 57
367 480 10 3 19
364 480 17 4 51
370 480 12 4 21
368 480 9 3 17
366 480 7 4 23
377 480 15 6 54
364 480 10 3 15
368 480 12 4 36
364 480 14 5 40
366 480 10 3 13
360 480 12 4 25
357 480 11 5 35
372 480 8 4 14
368 480 11 5 39
368 480 7 4 24
367 480 16 5 51
365 480 9 3 20
358 480 16 5 40
361 480 15 6 63
363 480 16 5 63
367 480 11 5 39
369 480 16 5 71
368 480 10 3 18
367 480 6 2 8
358 480 18 4 41
361 480 16 5 59
364 480 18 4 41
374 480 16 5 54
357 480 7 4 18
364 480 14 5 53
372 480 13 5 45
356 480 10 3 17
359 480 8 4 11
367 480 12 4 28
364 480 13 5 56
365 480 15 6 87
352 480 14 5 36
370 480 14 5 45
357 480 10 3 20
370 480 12 4 24
362 480 15 6 99
362 480 9 3 16
374 480 6 2 6
358 480 14 5 46
368 480 15 6 65
368 480 15 6 55
362 480 17 5 51
366 480 7 4 20
368 480 12 4 26
364 480 13 5 45
367 480 14 5 58
362 480 20 5 70
360 480 10 3 15
370 480 8 4 15
368 480 11 5 33
361 480 17 4 43
368 480 12 5 29
380 480 12 4 26
369 480 16 5 57
361 480 8 3 18
353 480 6 2 8
368 480 15 6 51
372 480 13 5 58
363 480 15 6 66
362 480 15 6 94
364 480 14 5 57
361 480 13 5 63
364 480 5 2 7
