92 120 54 9 99
84 120 64 9 77
87 120 51 10 83
89 120 56 9 85
92 120 38 7 40
92 120 38 8 33
92 120 44 8 50
89 120 36 7 63
93 120 69 8 62
92 120 49 9 102
93 120 65 8 58
92 120 60 9 130
87 120 49 9 62
95 120 36 6 45
90 120 29 8 37
89 120 49 9 50
90 120 57 10 88
97 120 48 8 60
89 120 32 6 22
91 120 53 10 93
90 120 50 9 62
92 120 36 6 30
88 120 52 9 63
91 120 58 9 83
90 120 15 6 22
93 120 51 10 82
91 120 32 7 56
90 120 43 9 113
94 120 45 9 47
94 120 40 8 43
91 120 57 10 101
88 120 32 6 33
91 120 49 9 84
91 120 45 9 59
94 120 34 5 21
89 120 45 9 50
90 120 37 7 32
95 120 72 8 59
96 120 27 8 90
91 120 29 8 47
90 120 67 9 67
90 120 59 10 120
93 120 52 9 76
92 120 43 9 53
90 120 52 9 81
93 120 20 5 16
94 120 65 6 28
94 120 59 10 67
91 120 57 10 114
92 120 43 9 89
90 120 58 9 71
90 120 66 7 57
92 120 20 5 23
89 120 47 9 60
90 120 36 7 26
95 120 63 10 81
96 120 23 7 39
93 120 48 8 64
91 120 37 7 41
93 120 41 8 52
92 120 36 6 36
88 120 38 7 52
90 120 33 5 25
89 120 56 9 70
86 120 65 7 67
89 120 44 8 40
88 120 65 7 38
90 120 32 7 53
89 120 25 7 51
89 120 67 8 73
90 120 25 7 49
89 120 36 7 28
93 120 42 8 45
92 120 33 5 23
91 120 66 6 42
90 120 22 6 30
91 120 55 10 97
90 120 68 8 64
95 120 18 5 10
91 120 56 9 71
96 120 49 9 56
94 120 65 7 55
91 120 48 8 43
92 120 34 6 24
89 120 29 8 49
87 120 30 7 41
93 120 30 7 43
93 120 49 9 65
92 120 52 9 56
94 120 56 9 71
88 120 18 4 11
91 120 35 8 36
93 120 56 9 61
89 120 49 9 93
94 120 34 6 18
91 120 70 8 93
92 120 41 8 43
91 120 52 9 71
89 120 58 9 79
94 120 47 9 57
94 120 48 8 54
