90 120 44 9 149
91 120 13 5 19
93 120 34 6 27
89 120 43 9 54
94 120 35 8 60
93 120 50 9 92
96 120 29 8 46
94 120 29 8 64
95 120 32 6 30
93 120 25 7 44
91 120 38 8 41
95 120 41 8 55
94 120 30 7 45
91 120 27 8 46
94 120 14 5 20
92 120 34 6 41
89 120 44 9 81
90 120 38 8 48
91 120 35 7 42
90 120 29 8 54
91 120 32 7 71
93 120 49 9 52
93 120 44 8 82
91 120 24 6 33
90 120 31 8 57
92 120 48 8 56
88 120 17 4 13
90 120 32 7 51
92 120 21 6 29
90 120 34 6 33
96 120 37 7 51
94 120 21 6 33
95 120 33 5 25
92 120 35 7 61
91 120 25 7 47
92 120 43 9 80
86 120 7 4 13
93 120 30 7 50
89 120 52 9 79
89 120 31 8 48
94 120 26 7 39
92 120 36 7 44
92 120 18 5 13
92 120 21 6 38
94 120 31 8 66
94 120 46 8 65
92 120 54 9 81
89 120 27 8 56
93 120 21 6 25
90 120 28 7 46
90 120 34 6 23
94 120 36 6 39
89 120 32 7 61
91 120 36 7 34
92 120 51 10 100
89 120 45 9 76
91 120 37 7 36
94 120 51 10 164
93 120 28 8 53
92 120 32 6 25
91 120 33 5 24
90 120 18 4 17
93 120 24 6 32
93 120 17 4 15
92 120 30 7 49
92 120 30 7 54
86 120 28 7 47
89 120 48 8 82
94 120 46 9 61
93 120 38 8 62
92 120 36 6 29
88 120 24 6 32
96 120 19 6 39
91 120 31 8 42
93 120 42 8 63
94 120 26 7 34
89 120 36 7 41
89 120 33 5 36
94 120 33 5 28
89 120 28 7 42
84 120 27 8 56
92 120 49 9 84
95 120 44 8 54
96 120 35 7 48
90 120 50 9 64
90 120 21 6 37
92 120 29 8 45
89 120 32 7 38
93 120 38 7 53
93 120 32 7 57
94 120 28 7 52
93 120 52 9 79
93 120 39 8 52
92 120 25 7 45
89 120 39 9 77
90 120 21 7 51
89 120 38 7 49
92 120 15 6 23
92 120 39 8 61
92 120 27 8 52
88 120 39 8 60
