1465 1920 14 5 52
1454 1920 12 4 29
1458 1920 13 5 50
1438 1920 11 5 47
1453 1920 15 6 103
1467 1920 14 5 56
1451 1920 8 3 17
1453 1920 17 4 48
1459 1920 13 5 90
1456 1920 9 3 15
1458 1920 13 5 63
1460 1920 9 3 21
1457 1920 8 4 17
1456 1920 15 6 85
1461 1920 9 3 17
1459 1920 11 5 53
1439 1920 14 5 59
1458 1920 10 3 23
1450 1920 12 4 33
1444 1920 9 3 23
1443 1920 15 6 76
1458 1920 10 3 17
1451 1920 16 5 59
1456 1920 12 4 31
1452 1920 6 2 9
1465 1920 6 2 7
1453 1920 12 4 43
1434 1920 10 3 21
1480 1920 15 6 93
1444 1920 22 6 130
1451 1920 8 4 24
1455 1920 13 5 54
1474 1920 16 5 82
1466 1920 8 4 23
1445 1920 10 3 19
1463 1920 10 4 17
1451 1920 9 3 23
1438 1920 14 5 79
1472 1920 15 6 81
1445 1920 16 5 59
1440 1920 10 3 18
1461 1920 12 4 40
1434 1920 16 5 73
1451 1920 14 5 65
1470 1920 14 5 61
1445 1920 12 4 41
1474 1920 12 4 41
1476 1920 14 5 80
1455 1920 13 5 64
1461 1920 8 3 22
1469 1920 11 5 48
1465 1920 18 4 56
1460 1920 9 3 19
1463 1920 11 5 41
1463 1920 9 3 18
1460 1920 13 5 59
1466 1920 10 3 23
1465 1920 9 3 18
1463 1920 18 5 45
1464 1920 7 4 28
1448 1920 17 4 57
1454 1920 15 6 80
1472 1920 12 4 36
1442 1920 19 6 141
1448 1920 12 4 38
1480 1920 14 5 49
1443 1920 17 4 50
1464 1920 9 3 17
1437 1920 14 5 54
1443 1920 17 4 47
1450 1920 20 6 120
1468 1920 8 4 18
1481 1920 10 3 23
1468 1920 17 7 85
1452 1920 15 6 71
1476 1920 16 5 78
1458 1920 17 4 49
1455 1920 13 5 49
1443 1920 18 5 52
1449 1920 15 6 76
1447 1920 13 5 52
1461 1920 13 5 60
1442 1920 8 3 25
1460 1920 13 5 48
1444 1920 18 4 49
1433 1920 12 4 43
1449 1920 16 5 83
1444 1920 16 5 54
1455 1920 14 5 55
1446 1920 17 4 44
1452 1920 18 5 44
1455 1920 13 5 51
1456 1920 14 6 74
1465 1920 10 3 19
1469 1920 8 3 26
1454 1920 10 3 20
1457 1920 9 3 18
1447 1920 18 5 41
1449 1920 16 5 96
1451 1920 13 5 84
1451 1920 7 4 23
