183 240 16 5 49
177 240 8 4 16
182 240 8 3 22
178 240 7 4 21
184 240 12 4 27
182 240 14 5 58
188 240 17 4 25
179 240 14 5 50
187 240 11 5 26
178 240 13 5 41
178 240 15 6 42
182 240 15 6 91
181 240 10 3 16
178 240 13 5 39
184 240 7 4 26
175 240 9 5 31
184 240 13 5 75
182 240 15 6 53
186 240 15 6 76
179 240 11 5 37
192 240 10 3 17
177 240 10 3 17
184 240 12 4 32
184 240 11 5 25
187 240 13 5 40
186 240 13 5 38
188 240 11 5 25
177 240 13 5 40
183 240 18 4 42
183 240 16 5 48
185 240 15 6 73
183 240 15 6 58
181 240 9 3 15
184 240 10 3 11
180 240 10 3 19
188 240 7 4 21
181 240 14 5 56
183 240 18 5 42
177 240 11 5 48
182 240 13 5 33
184 240 13 5 28
182 240 10 3 14
185 240 10 3 12
189 240 11 5 42
185 240 17 5 38
185 240 15 6 94
178 240 8 3 13
182 240 9 3 29
171 240 13 5 49
181 240 13 5 45
187 240 12 4 21
181 240 14 6 65
185 240 16 5 61
183 240 13 5 48
182 240 17 5 34
180 240 9 3 16
183 240 14 5 39
187 240 4 1 1
181 240 15 6 50
181 240 10 3 13
182 240 15 6 55
185 240 10 3 11
184 240 13 5 59
186 240 17 4 31
175 240 14 5 35
183 240 13 6 60
189 240 11 5 29
182 240 10 3 17
183 240 9 3 13
186 240 18 4 29
181 240 16 5 44
188 240 10 3 12
187 240 17 4 30
180 240 13 5 35
182 240 22 6 90
186 240 18 5 48
180 240 10 3 23
188 240 15 6 53
182 240 13 5 35
179 240 18 4 35
180 240 13 5 42
181 240 12 4 22
182 240 15 6 58
183 240 16 5 49
185 240 14 5 29
180 240 13 5 39
175 240 14 5 67
187 240 11 5 28
188 240 8 3 19
174 240 19 6 57
187 240 13 5 52
185 240 11 5 24
182 240 14 5 41
179 240 10 4 14
184 240 10 3 15
177 240 13 5 40
184 240 6 2 5
183 240 11 5 49
181 240 16 5 70
180 240 15 6 40
182 240 8 3 21
