89 120 20 5 25
87 120 16 5 25
91 120 24 6 39
89 120 10 3 11
91 120 12 4 16
90 120 17 4 17
92 120 23 7 40
90 120 27 8 58
90 120 15 6 31
95 120 20 5 24
90 120 20 5 28
93 120 31 8 82
92 120 16 5 34
93 120 22 6 33
90 120 24 6 45
94 120 32 7 60
93 120 25 7 39
90 120 26 7 56
90 120 24 6 35
93 120 28 7 77
93 120 28 7 66
88 120 26 7 53
91 120 16 5 42
95 120 20 5 25
91 120 16 5 33
92 120 22 6 59
90 120 23 7 51
91 120 24 6 35
92 120 21 6 26
91 120 29 8 72
93 120 27 8 69
96 120 32 7 56
91 120 21 7 54
92 120 20 5 27
94 120 20 5 28
93 120 30 7 55
90 120 28 7 57
97 120 31 8 105
91 120 26 7 57
87 120 16 5 20
92 120 18 4 19
96 120 31 8 82
91 120 30 7 61
92 120 19 6 35
90 120 25 7 44
89 120 23 7 45
98 120 26 7 54
90 120 17 4 14
89 120 11 5 34
89 120 11 5 22
93 120 13 5 20
91 120 22 6 42
94 120 24 6 34
92 120 34 5 33
93 120 20 5 35
92 120 18 5 22
90 120 23 7 51
89 120 30 7 70
89 120 29 8 75
94 120 42 8 92
89 120 17 4 24
93 120 27 8 60
91 120 16 5 27
91 120 22 6 35
87 120 15 6 30
92 120 25 7 50
91 120 18 4 21
90 120 23 7 44
89 120 23 7 45
94 120 25 7 61
92 120 32 7 83
91 120 19 6 37
93 120 18 5 18
92 120 40 7 63
90 120 29 8 80
92 120 26 7 61
95 120 27 8 56
94 120 23 7 45
93 120 12 4 15
92 120 20 6 23
89 120 18 4 20
92 120 29 8 66
91 120 38 7 60
91 120 11 5 19
90 120 31 8 102
89 120 27 8 81
91 120 26 7 39
96 120 21 6 42
92 120 26 7 55
94 120 38 7 57
94 120 25 7 56
92 120 26 7 50
91 120 21 6 33
89 120 19 6 48
94 120 16 5 25
92 120 34 6 49
96 120 16 5 30
92 120 26 7 70
95 120 22 6 41
88 120 13 5 41
93 120 16 5 21
