183 240 176
177 240 178
182 240 177
178 240 172
184 240 184
182 240 180
188 240 180
179 240 185
187 240 179
178 240 182
178 240 183
182 240 182
181 240 177
178 240 175
184 240 182
175 240 178
184 240 177
182 240 180
186 240 185
179 240 176
192 240 189
177 240 178
184 240 186
184 240 183
187 240 183
186 240 184
188 240 187
177 240 179
183 240 176
183 240 182
185 240 186
183 240 183
181 240 184
184 240 182
180 240 170
188 240 179
181 240 174
183 240 186
177 240 180
182 240 188
184 240 189
182 240 180
185 240 184
189 240 181
185 240 185
185 240 189
178 240 179
182 240 178
171 240 170
181 240 177
187 240 188
181 240 184
185 240 187
183 240 185
182 240 180
180 240 182
183 240 177
187 240 181
181 240 181
181 240 175
182 240 176
185 240 180
184 240 185
186 240 186
175 240 174
183 240 179
189 240 189
182 240 182
183 240 184
186 240 186
181 240 183
188 240 191
187 240 189
180 240 180
182 240 183
186 240 189
180 240 186
188 240 186
182 240 185
179 240 176
180 240 173
181 240 180
182 240 183
183 240 184
185 240 180
180 240 170
175 240 174
187 240 187
188 240 190
174 240 173
187 240 188
185 240 180
182 240 184
179 240 181
184 240 178
177 240 177
184 240 185
183 240 187
181 240 184
180 240 182
182 240 183
