370 480 370
370 480 367
362 480 349
367 480 359
365 480 354
354 480 349
369 480 371
360 480 347
361 480 354
364 480 354
368 480 363
367 480 362
368 480 352
368 480 361
356 480 352
359 480 358
357 480 354
369 480 358
364 480 364
360 480 341
356 480 348
370 480 362
367 480 359
359 480 355
362 480 359
365 480 355
369 480 364
375 480 358
367 480 355
363 480 357
356 480 347
365 480 360
363 480 353
367 480 357
364 480 360
370 480 370
368 480 342
366 480 357
377 480 361
364 480 353
368 480 360
364 480 366
366 480 354
360 480 349
357 480 351
372 480 372
368 480 358
368 480 354
367 480 363
365 480 352
358 480 357
361 480 356
363 480 353
367 480 353
369 480 361
368 480 355
367 480 360
358 480 348
361 480 356
364 480 357
374 480 371
357 480 353
364 480 364
372 480 375
356 480 347
359 480 347
367 480 357
364 480 355
365 480 361
352 480 352
370 480 358
357 480 348
370 480 349
362 480 348
362 480 358
374 480 354
358 480 356
368 480 363
368 480 359
362 480 357
366 480 363
368 480 369
364 480 360
367 480 358
362 480 358
360 480 345
370 480 356
368 480 371
361 480 359
368 480 352
380 480 367
369 480 371
361 480 352
353 480 346
368 480 365
372 480 363
363 480 352
362 480 356
364 480 362
361 480 347
364 480 366
