94 120 94
89 120 94
94 120 87
93 120 95
93 120 95
90 120 94
91 120 91
94 120 97
88 120 89
93 120 93
93 120 96
90 120 92
87 120 91
96 120 98
96 120 97
94 120 90
89 120 88
92 120 93
91 120 84
89 120 92
90 120 91
89 120 92
86 120 89
92 120 96
90 120 94
89 120 94
94 120 97
91 120 86
96 120 93
94 120 97
88 120 90
88 120 92
94 120 94
90 120 91
96 120 87
88 120 93
92 120 93
91 120 96
92 120 93
93 120 96
90 120 94
88 120 88
90 120 93
92 120 96
88 120 93
88 120 92
92 120 92
92 120 90
94 120 90
95 120 101
84 120 87
93 120 95
92 120 88
90 120 92
90 120 92
94 120 101
90 120 94
95 120 95
91 120 89
97 120 97
96 120 99
90 120 88
85 120 86
86 120 88
92 120 91
91 120 92
88 120 87
96 120 97
91 120 93
90 120 91
92 120 95
97 120 103
92 120 93
91 120 94
88 120 87
89 120 86
94 120 94
90 120 94
90 120 91
89 120 96
88 120 88
91 120 89
90 120 95
89 120 94
87 120 83
92 120 95
91 120 94
94 120 96
91 120 95
97 120 99
91 120 92
90 120 94
88 120 90
92 120 93
91 120 89
89 120 92
89 120 86
94 120 99
90 120 90
94 120 98
95 120 92
