453 600 444
454 600 450
452 600 451
459 600 456
459 600 449
455 600 436
449 600 446
454 600 446
451 600 443
453 600 438
450 600 445
456 600 446
457 600 440
461 600 445
456 600 444
461 600 457
463 600 458
451 600 452
461 600 436
450 600 442
455 600 444
456 600 442
448 600 422
462 600 452
457 600 448
452 600 442
449 600 442
457 600 447
452 600 444
450 600 433
451 600 436
454 600 447
457 600 449
457 600 447
472 600 456
460 600 450
454 600 447
446 600 437
456 600 449
453 600 445
458 600 452
460 600 456
460 600 448
457 600 449
452 600 444
456 600 439
458 600 449
457 600 444
454 600 454
462 600 456
459 600 450
448 600 437
451 600 444
450 600 439
459 600 450
460 600 447
453 600 452
456 600 436
454 600 441
460 600 447
457 600 454
457 600 441
456 600 443
453 600 440
458 600 449
463 600 445
450 600 435
460 600 447
454 600 449
462 600 457
458 600 448
457 600 439
438 600 435
450 600 449
459 600 431
449 600 449
461 600 439
458 600 449
458 600 443
453 600 448
453 600 443
461 600 455
461 600 433
450 600 449
462 600 451
453 600 445
461 600 451
452 600 444
446 600 441
461 600 458
454 600 448
447 600 424
457 600 453
460 600 454
452 600 448
453 600 441
458 600 452
460 600 452
453 600 447
450 600 449
451 600 453
