1725 2280 1674
1727 2280 1685
1714 2280 1656
1712 2280 1661
1718 2280 1653
1710 2280 1651
1733 2280 1658
1716 2280 1663
1729 2280 1690
1753 2280 1714
1735 2280 1676
1720 2280 1678
1715 2280 1680
1727 2280 1682
1732 2280 1692
1713 2280 1673
1743 2280 1684
1721 2280 1668
1744 2280 1686
1715 2280 1678
1724 2280 1681
1723 2280 1675
1738 2280 1675
1718 2280 1662
1736 2280 1676
1741 2280 1662
1722 2280 1663
1729 2280 1688
1724 2280 1699
1725 2280 1685
1725 2280 1682
1732 2280 1658
1743 2280 1701
1716 2280 1670
1726 2280 1669
1739 2280 1651
1703 2280 1658
1739 2280 1686
1717 2280 1676
1718 2280 1665
1716 2280 1673
1738 2280 1701
1726 2280 1670
1736 2280 1680
1726 2280 1690
1743 2280 1688
1716 2280 1671
1717 2280 1668
1728 2280 1676
1721 2280 1678
1722 2280 1679
1736 2280 1668
1740 2280 1699
1723 2280 1687
1746 2280 1691
1725 2280 1682
1736 2280 1657
1720 2280 1680
1728 2280 1663
1741 2280 1676
1742 2280 1689
1725 2280 1680
1721 2280 1666
1759 2280 1700
1715 2280 1661
1709 2280 1647
1748 2280 1688
1729 2280 1671
1714 2280 1670
1753 2280 1699
1737 2280 1685
1724 2280 1674
1706 2280 1663
1731 2280 1666
1727 2280 1690
1732 2280 1668
1731 2280 1667
1721 2280 1658
1725 2280 1686
1749 2280 1689
1733 2280 1689
1713 2280 1669
1709 2280 1646
1716 2280 1660
1707 2280 1646
1734 2280 1682
1736 2280 1653
1738 2280 1678
1734 2280 1658
1734 2280 1680
1736 2280 1680
1715 2280 1658
1729 2280 1661
1751 2280 1709
1730 2280 1683
1716 2280 1664
1729 2280 1684
1724 2280 1685
1730 2280 1679
1733 2280 1696
1734 2280 1688
