734 960 712
738 960 710
725 960 705
734 960 732
725 960 713
728 960 701
720 960 705
721 960 698
741 960 717
728 960 716
735 960 722
719 960 698
733 960 713
725 960 711
719 960 694
728 960 695
734 960 718
735 960 705
721 960 704
741 960 723
736 960 727
716 960 689
723 960 706
734 960 715
717 960 693
733 960 714
725 960 716
729 960 715
716 960 701
721 960 710
734 960 709
729 960 716
739 960 723
725 960 706
735 960 714
734 960 707
717 960 688
730 960 706
732 960 709
711 960 703
733 960 720
726 960 702
739 960 733
736 960 715
726 960 699
724 960 708
714 960 696
726 960 708
736 960 712
730 960 705
734 960 695
726 960 704
732 960 702
730 960 726
738 960 713
725 960 711
738 960 718
713 960 697
715 960 701
722 960 712
726 960 688
724 960 699
727 960 701
736 960 720
734 960 729
733 960 727
731 960 719
732 960 703
732 960 706
735 960 713
724 960 726
726 960 703
724 960 710
714 960 700
719 960 698
737 960 711
743 960 711
726 960 717
734 960 721
735 960 701
732 960 718
723 960 705
738 960 718
724 960 711
723 960 711
734 960 714
732 960 705
731 960 715
717 960 711
733 960 708
726 960 708
722 960 720
733 960 717
720 960 708
731 960 715
728 960 727
724 960 706
715 960 701
719 960 709
740 960 711
726 960 710
