802 1080 777
833 1080 813
823 1080 803
826 1080 803
815 1080 790
819 1080 800
816 1080 798
824 1080 816
820 1080 789
827 1080 816
822 1080 796
827 1080 823
814 1080 798
827 1080 820
817 1080 807
804 1080 796
820 1080 788
824 1080 802
826 1080 815
817 1080 797
822 1080 808
821 1080 791
817 1080 787
828 1080 815
828 1080 793
819 1080 794
808 1080 787
821 1080 786
812 1080 797
823 1080 811
812 1080 780
829 1080 813
826 1080 801
820 1080 799
823 1080 809
807 1080 785
826 1080 803
826 1080 798
821 1080 795
817 1080 792
823 1080 800
826 1080 804
837 1080 811
824 1080 793
815 1080 785
816 1080 802
809 1080 801
817 1080 797
826 1080 806
810 1080 781
814 1080 796
830 1080 819
811 1080 797
814 1080 786
810 1080 808
817 1080 805
823 1080 811
816 1080 797
811 1080 786
827 1080 812
836 1080 820
818 1080 796
829 1080 812
819 1080 795
821 1080 788
820 1080 796
822 1080 806
814 1080 800
816 1080 792
813 1080 811
825 1080 804
818 1080 796
826 1080 811
816 1080 790
802 1080 779
835 1080 815
819 1080 806
827 1080 791
809 1080 786
827 1080 803
809 1080 789
826 1080 813
814 1080 815
815 1080 803
814 1080 802
829 1080 803
813 1080 790
834 1080 817
819 1080 789
815 1080 807
828 1080 807
818 1080 792
821 1080 783
819 1080 782
812 1080 781
818 1080 802
809 1080 788
826 1080 801
803 1080 791
811 1080 798
817 1080 796
