1832 2400 1771
1834 2400 1787
1800 2400 1760
1826 2400 1751
1821 2400 1761
1820 2400 1755
1805 2400 1747
1822 2400 1745
1811 2400 1768
1811 2400 1763
1831 2400 1766
1822 2400 1770
1813 2400 1750
1829 2400 1781
1818 2400 1759
1832 2400 1772
1823 2400 1761
1794 2400 1744
1846 2400 1761
1825 2400 1761
1811 2400 1752
1818 2400 1772
1807 2400 1759
1825 2400 1772
1832 2400 1766
1801 2400 1751
1812 2400 1753
1794 2400 1752
1814 2400 1752
1818 2400 1771
1836 2400 1768
1831 2400 1757
1826 2400 1734
1797 2400 1754
1818 2400 1756
1823 2400 1765
1806 2400 1731
1822 2400 1751
1839 2400 1755
1804 2400 1736
1810 2400 1748
1803 2400 1768
1816 2400 1764
1806 2400 1739
1808 2400 1773
1816 2400 1766
1799 2400 1745
1849 2400 1772
1822 2400 1745
1822 2400 1740
1821 2400 1776
1811 2400 1769
1800 2400 1744
1836 2400 1772
1828 2400 1781
1813 2400 1759
1799 2400 1771
1804 2400 1752
1813 2400 1766
1825 2400 1768
1820 2400 1780
1783 2400 1740
1796 2400 1733
1824 2400 1777
1832 2400 1767
1808 2400 1749
1811 2400 1751
1851 2400 1806
1816 2400 1751
1829 2400 1779
1838 2400 1783
1841 2400 1781
1805 2400 1744
1809 2400 1752
1810 2400 1741
1836 2400 1773
1806 2400 1736
1828 2400 1768
1823 2400 1753
1806 2400 1747
1808 2400 1754
1796 2400 1749
1814 2400 1765
1803 2400 1760
1794 2400 1757
1820 2400 1762
1826 2400 1765
1819 2400 1767
1798 2400 1740
1825 2400 1762
1835 2400 1789
1806 2400 1756
1855 2400 1765
1814 2400 1733
1826 2400 1779
1826 2400 1766
1823 2400 1775
1836 2400 1777
1812 2400 1747
1788 2400 1734
1802 2400 1744
