1258 1680 1224
1269 1680 1229
1262 1680 1245
1276 1680 1234
1278 1680 1250
1269 1680 1241
1264 1680 1237
1273 1680 1238
1274 1680 1251
1269 1680 1234
1263 1680 1230
1287 1680 1250
1278 1680 1245
1272 1680 1234
1283 1680 1231
1271 1680 1242
1267 1680 1229
1262 1680 1224
1269 1680 1239
1287 1680 1246
1287 1680 1241
1276 1680 1243
1284 1680 1241
1280 1680 1249
1278 1680 1226
1295 1680 1258
1289 1680 1253
1284 1680 1236
1272 1680 1236
1284 1680 1262
1293 1680 1236
1263 1680 1225
1277 1680 1249
1269 1680 1237
1265 1680 1240
1254 1680 1209
1273 1680 1219
1253 1680 1212
1273 1680 1233
1280 1680 1253
1282 1680 1253
1287 1680 1255
1268 1680 1227
1270 1680 1226
1263 1680 1240
1281 1680 1241
1261 1680 1224
1266 1680 1219
1274 1680 1249
1266 1680 1225
1273 1680 1225
1286 1680 1257
1279 1680 1254
1271 1680 1216
1274 1680 1225
1277 1680 1250
1286 1680 1256
1272 1680 1228
1268 1680 1228
1278 1680 1235
1304 1680 1262
1274 1680 1227
1278 1680 1234
1275 1680 1251
1269 1680 1244
1274 1680 1240
1273 1680 1252
1277 1680 1243
1273 1680 1239
1252 1680 1224
1258 1680 1237
1270 1680 1231
1281 1680 1243
1275 1680 1243
1294 1680 1276
1291 1680 1265
1282 1680 1242
1267 1680 1236
1268 1680 1220
1282 1680 1249
1276 1680 1244
1266 1680 1226
1273 1680 1246
1261 1680 1244
1265 1680 1231
1283 1680 1231
1280 1680 1243
1280 1680 1230
1282 1680 1251
1268 1680 1236
1268 1680 1227
1275 1680 1235
1283 1680 1234
1267 1680 1225
1270 1680 1224
1275 1680 1234
1268 1680 1224
1277 1680 1236
1260 1680 1208
1264 1680 1228
1274 1680 1239
