916 1200 888
917 1200 903
918 1200 899
914 1200 885
916 1200 894
909 1200 887
908 1200 891
906 1200 888
902 1200 876
911 1200 899
896 1200 869
917 1200 899
888 1200 865
917 1200 896
904 1200 880
905 1200 873
903 1200 874
904 1200 862
911 1200 889
905 1200 899
910 1200 881
913 1200 878
907 1200 879
914 1200 892
902 1200 875
903 1200 875
918 1200 883
898 1200 876
905 1200 877
915 1200 897
889 1200 875
916 1200 894
892 1200 880
921 1200 899
913 1200 873
911 1200 891
917 1200 902
913 1200 893
905 1200 881
908 1200 892
907 1200 876
895 1200 880
900 1200 878
917 1200 892
901 1200 881
915 1200 896
901 1200 875
910 1200 878
915 1200 878
908 1200 883
923 1200 893
908 1200 896
910 1200 872
913 1200 886
926 1200 887
904 1200 881
895 1200 888
919 1200 903
916 1200 887
926 1200 914
923 1200 886
903 1200 889
917 1200 887
920 1200 900
918 1200 900
910 1200 890
899 1200 868
923 1200 904
903 1200 889
903 1200 882
912 1200 888
918 1200 898
915 1200 879
900 1200 866
894 1200 870
926 1200 901
914 1200 881
907 1200 887
906 1200 869
916 1200 887
906 1200 889
912 1200 879
911 1200 897
904 1200 893
900 1200 876
909 1200 892
914 1200 896
911 1200 894
911 1200 881
910 1200 890
909 1200 889
907 1200 875
906 1200 887
913 1200 895
900 1200 882
915 1200 890
921 1200 893
908 1200 882
907 1200 868
911 1200 889
897 1200 871
