629 840 598
645 840 626
642 840 617
631 840 609
647 840 632
636 840 627
647 840 635
638 840 624
636 840 621
623 840 599
641 840 627
637 840 620
645 840 631
632 840 622
640 840 613
636 840 622
628 840 618
648 840 634
636 840 603
657 840 645
642 840 623
638 840 620
636 840 629
635 840 606
654 840 634
641 840 631
628 840 611
639 840 623
629 840 614
626 840 597
644 840 632
642 840 629
641 840 631
629 840 602
648 840 624
638 840 626
640 840 619
622 840 616
621 840 617
637 840 630
635 840 612
640 840 615
635 840 635
632 840 627
642 840 623
631 840 628
647 840 629
645 840 629
645 840 639
637 840 611
639 840 620
630 840 615
637 840 615
629 840 593
647 840 632
639 840 621
639 840 628
638 840 628
642 840 624
633 840 611
636 840 629
639 840 613
632 840 621
628 840 607
638 840 624
641 840 631
631 840 623
644 840 633
640 840 620
628 840 600
635 840 617
639 840 619
630 840 612
637 840 631
648 840 632
635 840 611
652 840 643
630 840 610
648 840 628
633 840 628
632 840 607
643 840 623
633 840 629
633 840 611
649 840 629
628 840 598
638 840 616
640 840 628
629 840 609
646 840 631
627 840 616
629 840 624
637 840 607
639 840 624
647 840 631
648 840 633
641 840 623
622 840 605
643 840 631
637 840 621
638 840 621
