90 120 91
91 120 92
93 120 94
89 120 85
94 120 91
93 120 93
96 120 90
94 120 95
95 120 93
93 120 95
91 120 92
95 120 97
94 120 89
91 120 93
94 120 95
92 120 91
89 120 94
90 120 92
91 120 95
90 120 92
91 120 98
93 120 96
93 120 94
91 120 90
90 120 91
92 120 91
88 120 88
90 120 90
92 120 93
90 120 91
96 120 86
94 120 90
95 120 97
92 120 94
91 120 90
92 120 96
86 120 91
93 120 95
89 120 83
89 120 89
94 120 94
92 120 97
92 120 93
92 120 93
94 120 97
94 120 91
92 120 93
89 120 90
93 120 94
90 120 89
90 120 97
94 120 88
89 120 90
91 120 88
92 120 89
89 120 92
91 120 90
94 120 87
93 120 93
92 120 91
91 120 92
90 120 88
93 120 98
93 120 91
92 120 97
92 120 88
86 120 89
89 120 92
94 120 94
93 120 91
92 120 93
88 120 92
96 120 94
91 120 97
93 120 95
94 120 93
89 120 86
89 120 93
94 120 93
89 120 91
84 120 86
92 120 93
95 120 95
96 120 92
90 120 90
90 120 93
92 120 89
89 120 89
93 120 97
93 120 93
94 120 89
93 120 96
93 120 92
92 120 94
89 120 92
90 120 93
89 120 90
92 120 91
92 120 89
92 120 92
88 120 90
