96 120 89
86 120 88
89 120 91
89 120 88
91 120 90
95 120 101
90 120 88
92 120 93
87 120 85
93 120 92
91 120 91
90 120 92
91 120 88
90 120 94
96 120 101
93 120 96
87 120 89
92 120 95
93 120 90
93 120 92
94 120 96
93 120 96
96 120 100
89 120 90
95 120 94
92 120 90
91 120 91
92 120 93
87 120 85
91 120 95
90 120 88
93 120 91
92 120 92
91 120 91
94 120 93
94 120 98
93 120 89
90 120 91
95 120 97
91 120 94
93 120 96
92 120 97
91 120 94
91 120 89
91 120 93
92 120 89
89 120 89
90 120 91
91 120 89
91 120 93
89 120 89
91 120 96
93 120 93
92 120 96
94 120 97
89 120 91
93 120 91
91 120 92
90 120 92
91 120 94
89 120 90
92 120 81
95 120 98
90 120 88
94 120 91
92 120 90
89 120 93
91 120 92
92 120 95
93 120 98
89 120 92
93 120 90
91 120 97
90 120 88
92 120 92
91 120 90
92 120 91
86 120 92
88 120 86
89 120 89
95 120 98
91 120 94
90 120 88
92 120 93
95 120 90
93 120 91
93 120 92
90 120 89
93 120 92
92 120 87
96 120 100
95 120 94
93 120 94
89 120 90
90 120 93
91 120 94
92 120 88
90 120 84
92 120 86
90 120 87
90 120 87
