992 1320 981
989 1320 959
990 1320 970
1014 1320 987
992 1320 961
998 1320 980
998 1320 955
1000 1320 979
1004 1320 985
1000 1320 971
997 1320 983
1003 1320 965
993 1320 969
1004 1320 987
993 1320 974
1005 1320 989
1009 1320 982
997 1320 971
1021 1320 990
983 1320 953
1002 1320 970
1006 1320 980
1007 1320 969
992 1320 963
1019 1320 969
1008 1320 985
1012 1320 978
1013 1320 984
995 1320 962
1018 1320 997
1007 1320 968
1007 1320 983
1008 1320 982
1006 1320 975
999 1320 976
1006 1320 975
991 1320 962
986 1320 948
997 1320 959
1008 1320 979
1018 1320 1001
996 1320 997
996 1320 953
1010 1320 957
992 1320 967
988 1320 973
994 1320 978
1006 1320 978
1001 1320 967
1019 1320 981
1015 1320 963
1000 1320 977
977 1320 961
1002 1320 976
1005 1320 986
1005 1320 970
1010 1320 979
1002 1320 981
993 1320 965
997 1320 976
1009 1320 986
1009 1320 972
1010 1320 981
1016 1320 988
1005 1320 985
1004 1320 975
998 1320 975
1003 1320 976
987 1320 974
1009 1320 986
989 1320 958
1003 1320 964
1001 1320 967
989 1320 969
1012 1320 970
1001 1320 958
1005 1320 964
992 1320 930
1009 1320 973
1003 1320 966
1000 1320 993
1002 1320 973
1005 1320 982
1004 1320 980
999 1320 972
995 1320 979
1001 1320 991
983 1320 969
989 1320 976
990 1320 969
995 1320 965
1000 1320 982
999 1320 976
1004 1320 968
1003 1320 971
1005 1320 981
993 1320 967
1007 1320 974
1003 1320 981
999 1320 983
997 1320 960
