94 120 85
87 120 91
92 120 91
89 120 93
90 120 94
92 120 93
93 120 96
87 120 86
92 120 96
92 120 98
94 120 91
93 120 93
84 120 86
93 120 95
94 120 88
93 120 91
91 120 92
93 120 100
87 120 82
91 120 91
89 120 92
88 120 92
90 120 93
95 120 99
93 120 90
93 120 88
92 120 90
88 120 90
88 120 89
91 120 89
94 120 94
89 120 89
93 120 95
89 120 93
93 120 95
89 120 90
94 120 99
90 120 87
88 120 86
92 120 91
92 120 96
87 120 91
97 120 102
94 120 94
92 120 90
95 120 98
89 120 92
91 120 92
92 120 90
89 120 90
93 120 93
93 120 87
93 120 97
93 120 94
92 120 94
92 120 93
92 120 96
92 120 90
91 120 93
91 120 93
89 120 92
91 120 93
94 120 98
88 120 87
94 120 94
95 120 90
94 120 96
93 120 95
93 120 97
85 120 90
94 120 96
91 120 93
92 120 93
87 120 91
94 120 91
91 120 94
92 120 93
89 120 94
91 120 95
91 120 91
91 120 94
91 120 87
88 120 88
88 120 87
91 120 95
93 120 94
91 120 93
93 120 91
92 120 97
91 120 93
90 120 90
92 120 92
95 120 92
90 120 95
90 120 91
91 120 91
93 120 93
91 120 95
92 120 91
91 120 92
94 120 94
