273 360 260
269 360 263
280 360 274
272 360 265
276 360 267
282 360 281
281 360 266
277 360 265
267 360 259
270 360 265
269 360 268
272 360 277
274 360 268
278 360 274
280 360 276
273 360 268
280 360 272
271 360 271
270 360 273
281 360 272
267 360 269
272 360 271
274 360 270
283 360 276
275 360 281
283 360 266
273 360 273
266 360 264
268 360 265
272 360 277
277 360 265
274 360 264
280 360 269
262 360 256
273 360 273
272 360 270
266 360 252
273 360 266
278 360 272
274 360 268
273 360 272
275 360 267
271 360 270
276 360 271
274 360 260
278 360 268
277 360 261
270 360 264
270 360 269
273 360 270
272 360 260
272 360 274
272 360 259
269 360 265
276 360 271
271 360 267
272 360 270
264 360 262
271 360 270
266 360 264
280 360 272
271 360 267
273 360 270
277 360 266
271 360 262
276 360 275
270 360 265
271 360 269
273 360 266
276 360 270
275 360 268
269 360 257
275 360 274
272 360 269
273 360 265
269 360 262
274 360 267
269 360 265
270 360 273
277 360 269
271 360 264
273 360 270
273 360 272
276 360 275
270 360 271
271 360 271
283 360 277
276 360 280
270 360 261
272 360 271
275 360 282
278 360 272
275 360 271
275 360 276
277 360 274
269 360 263
275 360 271
276 360 270
273 360 266
271 360 264
274 360 270
