1647 2160 1588
1638 2160 1577
1620 2160 1572
1631 2160 1580
1638 2160 1592
1629 2160 1586
1617 2160 1569
1639 2160 1570
1634 2160 1574
1642 2160 1603
1657 2160 1615
1644 2160 1586
1624 2160 1577
1612 2160 1571
1623 2160 1577
1629 2160 1582
1649 2160 1605
1647 2160 1602
1640 2160 1598
1631 2160 1588
1645 2160 1593
1635 2160 1599
1643 2160 1598
1647 2160 1586
1639 2160 1597
1631 2160 1599
1640 2160 1591
1643 2160 1592
1610 2160 1572
1627 2160 1580
1639 2160 1588
1621 2160 1578
1638 2160 1602
1624 2160 1561
1640 2160 1598
1639 2160 1574
1626 2160 1569
1643 2160 1586
1637 2160 1599
1631 2160 1572
1646 2160 1589
1644 2160 1577
1641 2160 1587
1647 2160 1604
1661 2160 1591
1646 2160 1594
1637 2160 1591
1640 2160 1613
1633 2160 1574
1635 2160 1599
1621 2160 1584
1629 2160 1583
1644 2160 1580
1656 2160 1588
1625 2160 1579
1622 2160 1566
1635 2160 1596
1626 2160 1585
1633 2160 1575
1623 2160 1587
1640 2160 1607
1635 2160 1592
1632 2160 1576
1645 2160 1603
1628 2160 1574
1641 2160 1587
1645 2160 1592
1645 2160 1592
1633 2160 1570
1636 2160 1575
1639 2160 1592
1632 2160 1582
1638 2160 1586
1641 2160 1619
1636 2160 1589
1639 2160 1571
1636 2160 1607
1638 2160 1584
1636 2160 1584
1646 2160 1590
1621 2160 1551
1631 2160 1597
1636 2160 1616
1633 2160 1557
1638 2160 1587
1636 2160 1586
1641 2160 1595
1647 2160 1594
1635 2160 1593
1646 2160 1607
1641 2160 1603
1630 2160 1590
1648 2160 1595
1639 2160 1583
1616 2160 1570
1627 2160 1579
1634 2160 1606
1638 2160 1578
1631 2160 1567
1638 2160 1586
1632 2160 1574
