1563 2040 1503
1541 2040 1478
1547 2040 1505
1546 2040 1486
1548 2040 1500
1551 2040 1491
1539 2040 1513
1560 2040 1497
1549 2040 1497
1537 2040 1483
1536 2040 1482
1556 2040 1525
1545 2040 1484
1556 2040 1522
1536 2040 1502
1546 2040 1490
1553 2040 1502
1545 2040 1508
1551 2040 1501
1533 2040 1503
1547 2040 1494
1562 2040 1504
1551 2040 1510
1536 2040 1493
1549 2040 1493
1544 2040 1495
1547 2040 1506
1545 2040 1499
1561 2040 1522
1535 2040 1493
1552 2040 1514
1547 2040 1507
1545 2040 1484
1517 2040 1475
1548 2040 1498
1547 2040 1510
1530 2040 1469
1549 2040 1490
1547 2040 1505
1552 2040 1504
1551 2040 1503
1543 2040 1493
1551 2040 1485
1554 2040 1498
1559 2040 1511
1552 2040 1508
1539 2040 1504
1537 2040 1491
1540 2040 1495
1552 2040 1504
1536 2040 1470
1540 2040 1494
1556 2040 1503
1553 2040 1492
1555 2040 1515
1542 2040 1498
1538 2040 1493
1549 2040 1505
1549 2040 1512
1543 2040 1504
1553 2040 1500
1541 2040 1495
1545 2040 1499
1555 2040 1515
1544 2040 1487
1534 2040 1494
1542 2040 1503
1560 2040 1513
1561 2040 1497
1554 2040 1499
1531 2040 1484
1544 2040 1508
1536 2040 1504
1550 2040 1495
1551 2040 1496
1543 2040 1505
1552 2040 1518
1540 2040 1486
1543 2040 1511
1546 2040 1511
1554 2040 1488
1529 2040 1484
1539 2040 1506
1536 2040 1507
1530 2040 1483
1551 2040 1490
1545 2040 1498
1535 2040 1510
1538 2040 1494
1564 2040 1523
1547 2040 1492
1548 2040 1507
1540 2040 1490
1564 2040 1507
1560 2040 1517
1541 2040 1504
1532 2040 1492
1545 2040 1508
1542 2040 1520
1542 2040 1512
1543 2040 1486
