1465 1920 1411
1454 1920 1433
1458 1920 1401
1438 1920 1401
1453 1920 1421
1467 1920 1430
1451 1920 1400
1453 1920 1414
1459 1920 1420
1456 1920 1416
1458 1920 1412
1460 1920 1408
1457 1920 1416
1456 1920 1422
1461 1920 1398
1459 1920 1421
1439 1920 1394
1458 1920 1420
1450 1920 1407
1444 1920 1401
1443 1920 1417
1458 1920 1401
1451 1920 1417
1456 1920 1403
1452 1920 1402
1465 1920 1428
1453 1920 1414
1434 1920 1377
1480 1920 1444
1444 1920 1387
1451 1920 1421
1455 1920 1413
1474 1920 1419
1466 1920 1419
1445 1920 1385
1463 1920 1418
1451 1920 1412
1438 1920 1391
1472 1920 1420
1445 1920 1408
1440 1920 1392
1461 1920 1403
1434 1920 1412
1451 1920 1404
1470 1920 1410
1445 1920 1408
1474 1920 1433
1476 1920 1406
1455 1920 1420
1461 1920 1416
1469 1920 1442
1465 1920 1433
1460 1920 1416
1463 1920 1422
1463 1920 1411
1460 1920 1421
1466 1920 1411
1465 1920 1425
1463 1920 1421
1464 1920 1414
1448 1920 1408
1454 1920 1410
1472 1920 1422
1442 1920 1389
1448 1920 1424
1480 1920 1417
1443 1920 1402
1464 1920 1427
1437 1920 1393
1443 1920 1395
1450 1920 1412
1468 1920 1429
1481 1920 1430
1468 1920 1419
1452 1920 1417
1476 1920 1429
1458 1920 1418
1455 1920 1407
1443 1920 1404
1449 1920 1407
1447 1920 1422
1461 1920 1422
1442 1920 1416
1460 1920 1423
1444 1920 1399
1433 1920 1385
1449 1920 1419
1444 1920 1395
1455 1920 1428
1446 1920 1412
1452 1920 1403
1455 1920 1388
1456 1920 1426
1465 1920 1410
1469 1920 1430
1454 1920 1429
1457 1920 1408
1447 1920 1399
1449 1920 1415
1451 1920 1399
1451 1920 1408
