552 720 543
547 720 536
540 720 538
537 720 540
551 720 542
542 720 538
545 720 540
552 720 535
539 720 519
537 720 517
540 720 527
549 720 531
548 720 541
550 720 529
546 720 528
550 720 531
541 720 519
558 720 543
563 720 551
543 720 524
549 720 541
552 720 535
546 720 534
546 720 525
565 720 546
556 720 545
551 720 535
555 720 541
538 720 529
545 720 531
544 720 539
549 720 546
556 720 549
558 720 550
533 720 526
541 720 529
547 720 538
538 720 527
543 720 530
547 720 539
544 720 523
549 720 544
544 720 533
543 720 541
541 720 540
548 720 537
557 720 550
535 720 518
549 720 542
536 720 520
542 720 522
549 720 526
538 720 514
545 720 537
544 720 521
549 720 535
558 720 538
548 720 536
544 720 518
541 720 528
534 720 523
544 720 535
558 720 536
540 720 516
549 720 520
544 720 534
543 720 540
542 720 521
542 720 532
546 720 530
544 720 525
547 720 523
560 720 551
542 720 534
556 720 539
540 720 533
546 720 533
555 720 549
547 720 529
550 720 529
533 720 514
538 720 521
543 720 536
542 720 516
545 720 533
547 720 530
549 720 535
546 720 532
548 720 533
547 720 548
547 720 533
541 720 522
532 720 524
538 720 517
552 720 543
543 720 528
548 720 540
543 720 535
544 720 534
544 720 527
543 720 528
