1179 1560 1121
1183 1560 1150
1177 1560 1147
1186 1560 1148
1186 1560 1146
1181 1560 1165
1184 1560 1139
1200 1560 1170
1184 1560 1156
1188 1560 1146
1203 1560 1178
1175 1560 1132
1190 1560 1160
1180 1560 1160
1179 1560 1150
1184 1560 1150
1171 1560 1150
1188 1560 1160
1180 1560 1147
1186 1560 1144
1193 1560 1146
1195 1560 1162
1179 1560 1148
1183 1560 1133
1196 1560 1156
1170 1560 1145
1175 1560 1139
1185 1560 1158
1197 1560 1156
1178 1560 1146
1198 1560 1169
1190 1560 1162
1187 1560 1149
1194 1560 1160
1184 1560 1150
1186 1560 1154
1187 1560 1143
1171 1560 1147
1175 1560 1147
1166 1560 1141
1193 1560 1166
1180 1560 1145
1187 1560 1141
1171 1560 1140
1188 1560 1175
1183 1560 1157
1178 1560 1154
1175 1560 1138
1176 1560 1124
1186 1560 1144
1186 1560 1154
1190 1560 1145
1189 1560 1173
1188 1560 1154
1188 1560 1158
1182 1560 1149
1185 1560 1135
1184 1560 1151
1212 1560 1149
1184 1560 1156
1190 1560 1163
1162 1560 1137
1181 1560 1154
1192 1560 1157
1177 1560 1138
1185 1560 1143
1195 1560 1145
1185 1560 1155
1185 1560 1150
1183 1560 1154
1184 1560 1153
1187 1560 1146
1180 1560 1132
1173 1560 1144
1175 1560 1150
1188 1560 1152
1162 1560 1119
1181 1560 1144
1163 1560 1141
1186 1560 1153
1203 1560 1160
1174 1560 1145
1182 1560 1159
1183 1560 1134
1192 1560 1167
1208 1560 1154
1181 1560 1140
1163 1560 1114
1180 1560 1158
1174 1560 1126
1187 1560 1166
1175 1560 1142
1190 1560 1151
1185 1560 1153
1197 1560 1160
1169 1560 1136
1192 1560 1147
1180 1560 1152
1196 1560 1165
1186 1560 1146
1190 1560 1156
