1362 1800 1329
1367 1800 1353
1370 1800 1325
1374 1800 1341
1375 1800 1316
1369 1800 1326
1366 1800 1333
1364 1800 1321
1348 1800 1312
1362 1800 1339
1352 1800 1299
1361 1800 1316
1370 1800 1329
1377 1800 1335
1365 1800 1322
1372 1800 1318
1368 1800 1321
1365 1800 1327
1363 1800 1335
1372 1800 1310
1363 1800 1323
1358 1800 1330
1368 1800 1337
1354 1800 1304
1360 1800 1337
1351 1800 1322
1375 1800 1330
1368 1800 1323
1368 1800 1331
1365 1800 1329
1361 1800 1331
1383 1800 1344
1359 1800 1321
1361 1800 1325
1365 1800 1325
1360 1800 1319
1370 1800 1326
1363 1800 1333
1348 1800 1303
1354 1800 1319
1382 1800 1325
1359 1800 1314
1360 1800 1323
1372 1800 1343
1367 1800 1322
1371 1800 1317
1357 1800 1313
1365 1800 1311
1362 1800 1328
1377 1800 1343
1372 1800 1350
1379 1800 1345
1357 1800 1299
1372 1800 1322
1369 1800 1347
1357 1800 1316
1366 1800 1332
1359 1800 1314
1354 1800 1309
1351 1800 1320
1368 1800 1327
1355 1800 1333
1378 1800 1329
1353 1800 1324
1352 1800 1323
1389 1800 1349
1361 1800 1319
1382 1800 1352
1363 1800 1315
1368 1800 1333
1353 1800 1321
1378 1800 1329
1348 1800 1322
1365 1800 1303
1382 1800 1331
1366 1800 1335
1377 1800 1336
1373 1800 1338
1365 1800 1314
1357 1800 1298
1334 1800 1302
1374 1800 1336
1361 1800 1314
1358 1800 1324
1370 1800 1347
1353 1800 1312
1349 1800 1307
1362 1800 1323
1375 1800 1333
1365 1800 1336
1367 1800 1333
1386 1800 1327
1373 1800 1314
1360 1800 1314
1370 1800 1323
1361 1800 1310
1364 1800 1335
1378 1800 1322
1353 1800 1320
1356 1800 1317
1357 1800 1338
