89 120 91
87 120 90
91 120 89
89 120 94
91 120 92
90 120 90
92 120 94
90 120 86
90 120 88
95 120 94
90 120 90
93 120 95
92 120 93
93 120 94
90 120 85
94 120 91
93 120 97
90 120 89
90 120 87
93 120 97
93 120 90
88 120 88
91 120 94
95 120 96
91 120 90
92 120 93
90 120 92
91 120 92
92 120 96
91 120 95
93 120 93
96 120 98
91 120 91
92 120 91
94 120 96
93 120 93
90 120 93
97 120 101
91 120 92
87 120 89
92 120 95
96 120 91
91 120 97
92 120 94
90 120 92
89 120 88
98 120 92
90 120 87
89 120 90
89 120 88
93 120 98
91 120 92
94 120 96
92 120 92
93 120 97
92 120 90
90 120 93
89 120 90
89 120 86
94 120 95
89 120 87
93 120 91
91 120 91
91 120 86
87 120 91
92 120 93
91 120 93
90 120 91
89 120 88
94 120 93
92 120 88
91 120 91
93 120 98
92 120 96
90 120 86
92 120 94
95 120 89
94 120 95
93 120 90
92 120 88
89 120 91
92 120 93
91 120 88
91 120 90
90 120 95
89 120 89
91 120 83
96 120 93
92 120 93
94 120 89
94 120 90
92 120 99
91 120 95
89 120 92
94 120 96
92 120 92
96 120 102
92 120 93
95 120 96
88 120 87
93 120 98
