90 120 93
91 120 92
93 120 96
88 120 91
88 120 91
92 120 93
89 120 92
93 120 99
93 120 90
95 120 97
92 120 86
92 120 95
87 120 90
92 120 93
86 120 89
93 120 96
89 120 93
89 120 94
93 120 99
93 120 95
89 120 86
90 120 91
89 120 90
92 120 89
97 120 99
93 120 85
94 120 95
89 120 91
87 120 88
87 120 91
90 120 93
91 120 95
94 120 97
95 120 94
90 120 88
89 120 94
89 120 88
88 120 90
91 120 91
92 120 90
97 120 97
90 120 89
94 120 95
93 120 95
92 120 92
94 120 92
90 120 93
91 120 96
91 120 91
92 120 98
93 120 93
90 120 88
91 120 94
90 120 89
94 120 99
86 120 85
91 120 93
94 120 94
88 120 85
90 120 90
88 120 87
87 120 89
90 120 89
94 120 95
93 120 91
94 120 93
94 120 92
92 120 95
90 120 95
93 120 94
93 120 92
91 120 89
91 120 93
96 120 100
90 120 92
92 120 93
94 120 93
92 120 94
91 120 96
92 120 91
89 120 93
94 120 93
89 120 91
89 120 90
93 120 85
90 120 89
89 120 89
92 120 94
94 120 95
95 120 95
92 120 95
89 120 91
95 120 96
93 120 90
90 120 89
91 120 84
89 120 91
87 120 88
93 120 91
92 120 92
85 120 84
93 120 93
