92 120 94
84 120 82
87 120 90
89 120 94
92 120 90
92 120 87
92 120 95
89 120 90
93 120 91
92 120 91
93 120 91
92 120 88
87 120 88
95 120 100
90 120 91
89 120 88
90 120 94
97 120 99
89 120 90
91 120 92
90 120 86
92 120 96
88 120 89
91 120 93
90 120 96
93 120 94
91 120 95
90 120 82
94 120 95
94 120 98
91 120 90
88 120 92
91 120 96
91 120 92
94 120 99
89 120 89
90 120 92
95 120 96
96 120 97
91 120 89
90 120 90
90 120 93
93 120 92
92 120 94
90 120 89
93 120 97
94 120 89
94 120 87
91 120 95
92 120 96
90 120 90
90 120 88
92 120 96
89 120 90
90 120 95
95 120 95
96 120 98
93 120 92
91 120 92
93 120 100
92 120 90
88 120 91
90 120 90
89 120 89
86 120 86
89 120 92
88 120 93
90 120 93
89 120 93
89 120 87
90 120 88
89 120 92
93 120 88
92 120 93
91 120 95
90 120 86
91 120 87
90 120 90
95 120 97
91 120 92
96 120 96
94 120 96
91 120 88
92 120 91
89 120 94
87 120 91
93 120 88
93 120 95
92 120 96
94 120 97
88 120 91
91 120 90
93 120 90
89 120 91
94 120 97
91 120 95
92 120 88
91 120 93
89 120 85
94 120 96
94 120 87
