92 120 92
92 120 97
88 120 86
94 120 91
91 120 98
90 120 88
91 120 99
89 120 93
93 120 98
92 120 91
92 120 91
87 120 89
90 120 94
93 120 90
94 120 95
95 120 95
89 120 87
89 120 88
97 120 96
91 120 89
91 120 95
94 120 98
93 120 96
92 120 88
94 120 96
94 120 91
92 120 87
94 120 91
91 120 94
94 120 91
86 120 88
93 120 92
89 120 90
88 120 93
90 120 95
93 120 91
91 120 94
96 120 92
90 120 93
92 120 98
94 120 95
92 120 96
94 120 94
93 120 92
90 120 89
94 120 91
91 120 90
92 120 85
88 120 86
90 120 91
94 120 95
92 120 89
92 120 96
87 120 88
92 120 87
93 120 94
95 120 98
95 120 96
89 120 88
93 120 93
93 120 93
91 120 96
93 120 97
92 120 95
93 120 91
90 120 91
91 120 94
89 120 93
89 120 86
93 120 94
91 120 93
92 120 91
88 120 88
92 120 90
92 120 91
89 120 94
93 120 95
93 120 89
94 120 87
91 120 91
94 120 92
87 120 90
93 120 97
92 120 96
93 120 94
95 120 102
89 120 85
92 120 85
85 120 86
88 120 92
97 120 96
92 120 97
93 120 94
92 120 90
91 120 88
94 120 91
94 120 89
94 120 93
93 120 95
97 120 95
93 120 93
