1092 1440 1071
1093 1440 1072
1086 1440 1053
1083 1440 1057
1086 1440 1056
1094 1440 1065
1094 1440 1074
1084 1440 1062
1094 1440 1047
1094 1440 1063
1081 1440 1056
1108 1440 1068
1088 1440 1059
1084 1440 1054
1076 1440 1042
1087 1440 1050
1087 1440 1040
1088 1440 1062
1096 1440 1077
1098 1440 1072
1092 1440 1066
1098 1440 1078
1083 1440 1056
1079 1440 1049
1091 1440 1056
1088 1440 1065
1095 1440 1070
1090 1440 1072
1071 1440 1046
1098 1440 1064
1092 1440 1054
1095 1440 1072
1095 1440 1067
1104 1440 1076
1084 1440 1043
1081 1440 1065
1094 1440 1069
1090 1440 1064
1097 1440 1062
1093 1440 1077
1096 1440 1062
1089 1440 1070
1095 1440 1067
1084 1440 1069
1086 1440 1061
1089 1440 1043
1098 1440 1064
1079 1440 1044
1090 1440 1063
1089 1440 1068
1096 1440 1060
1081 1440 1043
1095 1440 1043
1094 1440 1057
1083 1440 1051
1100 1440 1069
1079 1440 1053
1090 1440 1059
1088 1440 1064
1100 1440 1068
1101 1440 1075
1095 1440 1048
1093 1440 1058
1092 1440 1068
1089 1440 1068
1084 1440 1058
1091 1440 1060
1082 1440 1051
1086 1440 1067
1090 1440 1063
1091 1440 1053
1092 1440 1075
1092 1440 1055
1094 1440 1060
1083 1440 1059
1098 1440 1066
1102 1440 1056
1085 1440 1054
1091 1440 1058
1096 1440 1058
1101 1440 1092
1086 1440 1053
1102 1440 1071
1079 1440 1050
1082 1440 1052
1091 1440 1066
1099 1440 1071
1090 1440 1052
1081 1440 1041
1103 1440 1066
1090 1440 1060
1106 1440 1067
1102 1440 1058
1092 1440 1058
1095 1440 1061
1092 1440 1058
1096 1440 1072
1099 1440 1065
1094 1440 1069
1094 1440 1057
1096 1440 1068
