88 120 91
89 120 93
89 120 91
92 120 91
88 120 88
93 120 93
90 120 91
89 120 95
94 120 92
90 120 90
93 120 95
91 120 93
92 120 90
91 120 92
89 120 87
88 120 89
94 120 99
94 120 93
92 120 92
93 120 95
91 120 92
93 120 94
94 120 94
94 120 97
90 120 87
94 120 97
91 120 92
93 120 90
93 120 92
90 120 93
87 120 88
89 120 89
89 120 92
92 120 93
95 120 98
92 120 96
92 120 93
89 120 91
93 120 98
92 120 89
94 120 93
92 120 96
89 120 91
85 120 87
94 120 95
89 120 93
92 120 92
90 120 97
93 120 95
93 120 93
86 120 84
89 120 86
92 120 93
93 120 93
92 120 90
90 120 92
92 120 91
91 120 88
89 120 88
94 120 93
96 120 101
95 120 95
89 120 91
97 120 101
94 120 97
91 120 94
98 120 103
91 120 86
93 120 94
91 120 94
92 120 95
92 120 99
96 120 93
88 120 91
94 120 99
95 120 96
92 120 92
86 120 89
88 120 93
92 120 95
91 120 94
92 120 90
91 120 89
90 120 94
92 120 96
94 120 94
95 120 91
97 120 99
91 120 92
90 120 87
93 120 90
92 120 93
92 120 88
88 120 90
93 120 98
91 120 94
92 120 91
91 120 92
91 120 91
94 120 97
93 120 94
