88 120 91
93 120 97
90 120 91
95 120 91
92 120 90
93 120 96
94 120 96
91 120 90
93 120 95
86 120 87
88 120 91
95 120 95
92 120 91
89 120 94
97 120 86
89 120 92
95 120 97
97 120 94
94 120 89
86 120 89
89 120 89
86 120 85
91 120 93
96 120 89
90 120 89
92 120 84
91 120 95
90 120 90
93 120 93
89 120 90
85 120 89
93 120 94
92 120 91
95 120 91
92 120 87
94 120 92
90 120 91
94 120 93
91 120 92
91 120 92
93 120 94
91 120 93
91 120 95
92 120 93
87 120 81
92 120 92
94 120 94
92 120 97
90 120 87
95 120 99
92 120 91
92 120 97
91 120 92
93 120 96
92 120 92
89 120 90
88 120 91
93 120 95
89 120 92
93 120 86
91 120 92
90 120 90
91 120 92
92 120 95
88 120 88
95 120 92
88 120 92
94 120 94
94 120 93
91 120 90
91 120 86
97 120 97
94 120 95
92 120 96
94 120 96
89 120 87
93 120 91
91 120 94
86 120 87
91 120 93
93 120 94
90 120 91
90 120 91
94 120 96
96 120 95
92 120 94
85 120 81
94 120 99
92 120 91
91 120 94
90 120 93
90 120 93
95 120 96
94 120 96
92 120 91
86 120 84
89 120 92
94 120 99
93 120 99
90 120 98
91 120 93
