0 391 6
0 125 3
0 39 1
1 33 6
1 354 9
1 155 3
2 20 2
3 457 7
3 270 1
3 382 10
3 135 6
4 436 6
4 92 8
4 270 6
6 99 9
6 251 6
7 118 5
7 158 3
8 419 10
8 53 1
8 285 8
9 82 6
9 387 4
9 156 7
9 439 2
10 451 2
10 254 4
11 429 2
12 96 2
12 433 1
13 499 7
13 92 10
14 266 7
14 454 8
15 438 6
15 63 5
16 33 1
16 343 1
18 248 7
18 210 6
19 98 8
19 386 5
19 454 8
19 391 10
20 128 9
20 353 9
20 60 4
20 44 5
21 467 2
21 334 9
21 446 1
22 354 8
23 363 9
23 251 3
23 36 1
23 263 9
24 466 3
24 475 5
24 175 5
24 207 1
24 235 7
25 323 4
25 172 9
26 328 7
26 372 10
27 121 3
27 490 9
27 42 10
27 191 5
29 439 7
29 175 1
30 309 9
30 326 4
31 76 4
31 46 3
31 223 7
32 296 5
32 252 10
32 181 9
33 48 5
33 324 8
34 295 5
35 200 8
35 162 8
35 446 6
35 207 10
36 245 7
38 371 1
40 154 1
40 116 4
40 237 2
40 470 5
41 456 8
41 98 10
41 428 4
41 391 10
42 149 5
43 469 7
43 45 3
44 324 1
44 399 5
45 488 8
45 114 6
45 359 10
46 304 1
46 274 1
47 165 1
47 364 8
47 458 1
47 460 5
47 432 4
47 308 3
47 317 9
48 126 6
48 262 10
49 104 6
49 351 6
49 415 8
50 264 9
50 278 3
50 126 1
50 231 2
51 486 9
51 76 1
51 333 4
51 369 8
51 214 2
51 348 2
51 159 5
52 377 4
52 438 5
53 409 2
53 60 9
55 315 5
56 218 10
56 371 1
56 348 2
58 411 3
58 293 4
58 437 4
59 249 2
59 275 8
60 248 1
61 376 10
61 345 5
61 259 2
61 69 4
62 347 2
62 131 6
63 385 6
63 220 3
64 152 8
64 137 8
64 116 5
64 333 7
64 447 10
65 265 7
66 464 10
66 96 10
66 430 7
67 165 9
67 478 9
68 480 4
68 137 9
68 318 5
68 134 2
68 445 8
69 118 2
71 432 3
71 216 10
71 98 5
72 385 8
72 74 3
72 493 1
72 336 9
72 468 8
72 406 4
73 163 3
73 470 2
75 211 8
75 484 5
76 249 4
76 427 6
76 141 4
78 427 10
79 356 1
79 215 2
80 235 6
83 136 2
84 132 9
84 380 1
84 297 5
84 151 5
85 232 8
86 329 7
86 140 7
86 169 7
88 379 6
88 307 1
88 213 7
90 392 9
90 294 2
91 132 5
91 437 3
92 324 9
92 442 7
92 94 7
93 130 7
93 210 2
93 302 6
94 449 2
94 114 9
94 129 5
95 443 6
95 429 6
96 329 10
96 466 9
96 350 10
97 266 9
97 267 7
97 395 10
97 469 10
98 297 3
100 397 5
101 114 10
102 232 4
102 485 4
102 415 6
103 383 5
104 236 5
104 222 1
105 144 9
106 142 7
106 182 2
106 471 8
107 453 8
107 399 8
108 434 4
108 111 1
109 201 3
109 367 1
112 241 7
112 482 2
112 315 5
113 473 9
113 162 1
114 330 3
114 156 9
115 320 6
115 173 9
115 374 5
116 403 8
116 174 7
116 465 10
117 224 6
117 342 9
118 120 1
118 251 8
118 227 4
119 392 9
119 376 4
119 245 8
119 422 3
119 229 3
120 188 9
120 364 4
120 125 4
121 136 10
122 202 4
122 187 9
122 306 3
123 380 6
124 232 4
124 240 7
124 408 5
126 481 8
126 134 2
126 426 5
126 339 9
127 336 9
127 259 7
128 452 4
128 245 9
129 352 3
129 415 2
130 376 8
130 364 5
131 154 6
131 244 8
131 431 4
133 332 5
133 447 7
135 341 9
136 268 8
136 493 2
136 287 7
137 465 5
137 307 3
138 260 9
139 290 2
141 237 9
141 207 8
142 445 8
144 439 10
145 424 6
145 265 2
145 181 4
147 158 7
148 305 6
148 209 8
149 304 1
150 281 9
150 270 7
151 444 7
151 292 9
153 307 8
153 462 1
154 355 7
154 229 6
154 234 5
154 462 5
154 474 2
155 233 7
155 455 2
156 483 5
156 239 4
156 463 4
156 158 3
158 456 1
158 170 7
158 183 3
159 347 3
159 298 2
159 310 10
161 362 6
161 373 1
162 318 7
163 192 9
163 494 7
164 218 6
164 411 5
166 195 8
167 269 4
167 221 5
168 193 4
168 349 6
168 261 9
169 375 7
169 383 6
169 199 1
170 489 1
172 227 10
172 177 7
174 200 9
175 307 4
175 459 4
175 265 8
177 388 8
177 361 8
178 378 4
178 195 7
178 202 10
180 249 2
181 328 7
183 321 1
183 222 8
184 435 9
184 188 7
184 301 5
184 469 7
186 333 3
187 383 8
188 434 4
188 317 5
188 454 5
189 369 5
190 491 6
190 471 2
191 224 2
192 275 10
192 479 1
193 325 9
193 318 6
193 397 9
194 289 10
195 479 7
195 263 4
196 477 4
197 448 8
200 420 2
200 485 7
200 265 3
200 335 8
200 366 7
202 288 5
202 395 2
202 396 3
202 209 6
203 409 1
204 393 9
204 490 6
205 233 10
205 370 3
206 382 2
208 285 6
209 296 6
210 338 4
211 484 3
211 359 6
212 221 1
214 385 2
214 339 1
214 460 1
214 477 5
217 451 3
220 409 1
220 362 2
220 263 8
221 423 2
221 432 1
221 246 8
221 282 9
222 404 7
222 471 9
223 256 6
223 361 8
223 309 1
223 253 7
223 350 2
224 305 5
224 474 2
225 489 7
226 285 7
226 350 10
228 343 4
230 476 6
231 308 3
231 350 3
232 361 6
234 272 1
235 417 10
235 378 8
236 381 3
237 418 1
237 243 2
238 486 5
238 295 2
239 382 5
240 486 3
241 465 10
241 426 5
241 328 10
243 267 9
244 434 2
244 276 1
245 433 1
245 266 4
246 439 9
248 411 5
249 289 10
249 327 10
249 281 4
250 276 5
251 443 3
252 369 3
252 410 2
253 323 5
253 349 3
253 278 9
254 432 6
255 437 4
256 354 9
256 291 3
256 486 8
258 429 1
260 366 6
261 322 6
262 480 7
263 352 7
263 386 6
263 311 3
263 366 7
263 370 5
264 289 4
265 456 1
265 398 4
265 271 3
266 289 3
266 376 3
266 345 1
267 436 3
270 430 6
272 488 4
272 401 2
273 465 3
274 410 9
275 422 9
276 390 10
276 327 7
276 374 5
276 351 3
277 313 8
277 418 4
277 446 3
278 499 5
278 447 5
279 354 2
280 439 8
281 307 2
281 445 8
284 418 8
287 428 3
287 405 7
289 460 3
290 333 10
290 415 8
291 368 1
292 409 5
295 465 5
296 355 8
296 382 10
299 403 3
301 440 2
301 426 6
304 325 1
306 479 7
307 448 6
308 353 9
308 407 2
309 419 4
310 379 8
313 481 5
314 369 10
315 377 3
317 464 10
317 405 3
318 358 1
320 354 2
321 444 6
321 495 1
322 446 8
323 413 7
324 325 6
324 391 8
324 381 8
325 401 6
326 445 2
326 493 10
327 373 6
329 415 7
330 349 6
333 418 5
333 396 6
334 486 10
337 490 7
340 452 5
341 359 5
341 364 7
341 438 6
341 431 10
343 364 1
345 427 6
349 410 2
350 398 10
352 421 2
353 370 3
353 397 2
354 485 5
354 395 7
355 390 5
356 380 1
363 389 1
366 378 9
367 432 10
370 373 9
377 381 10
378 462 10
380 449 3
384 490 2
385 407 2
388 467 4
389 413 8
390 488 9
390 396 9
390 476 1
392 403 2
398 472 4
407 474 10
407 452 10
407 493 3
411 437 8
414 469 3
414 486 3
429 432 3
433 478 6
440 488 2
441 487 4
450 463 3
463 471 10
479 484 8
