1 36 2
1 37 1
1 82 9
1 53 1
1 23 2
1 91 5
2 4 8
2 37 9
3 32 7
3 31 7
4 82 1
4 83 8
4 68 7
4 70 6
5 76 6
5 70 10
5 54 10
5 85 4
6 89 6
6 61 1
7 9 7
7 15 7
8 93 10
10 55 3
11 42 4
11 27 5
12 50 9
12 76 6
12 13 6
12 70 9
13 48 7
14 29 2
15 88 8
15 42 2
15 98 10
16 79 3
17 86 5
17 71 4
18 49 2
18 47 9
19 72 2
20 96 9
20 62 3
22 41 3
22 61 7
22 87 3
25 27 5
25 85 5
26 49 10
27 91 9
28 89 5
28 75 5
29 48 5
29 44 3
29 69 7
30 91 2
30 77 9
32 52 4
32 66 5
32 84 2
33 57 9
34 50 7
34 35 3
34 85 3
34 37 5
35 64 4
35 78 5
36 64 7
37 86 1
37 69 2
38 44 5
39 66 5
40 97 5
41 75 4
41 61 10
41 77 8
42 51 3
44 51 2
44 83 10
44 89 1
44 58 10
45 66 2
46 68 8
47 73 6
47 83 1
48 87 3
49 92 4
49 82 3
50 81 1
52 84 4
53 88 7
54 96 6
55 73 2
55 78 10
56 99 7
57 66 6
57 75 7
57 69 9
57 71 8
58 77 8
60 72 7
62 64 1
63 96 10
65 91 7
66 96 6
67 98 3
68 75 1
69 85 2
70 91 5
74 78 2
76 79 5
79 99 5
85 87 10
86 89 6
88 94 10
89 93 3
95 96 5
95 97 1
95 98 10
95 99 1
