0 462 1424
0 487 83
2 323 1584
2 197 445
3 1722 96
3 1163 896
3 1261 133
4 163 172
4 1189 208
4 1004 195
4 1555 787
4 53 731
4 283 98
4 252 997
5 81 342
5 1274 394
5 1335 73
6 635 813
6 1580 451
6 974 739
7 403 462
8 678 1437
9 1636 397
10 1024 747
10 1121 60
10 1733 544
10 1001 1311
10 816 113
10 409 1603
10 798 1269
11 1295 342
11 1299 371
11 1237 1339
11 1567 190
13 756 1774
14 612 1593
14 533 1560
14 462 418
16 331 909
16 213 380
16 207 1273
17 1315 1366
17 684 1741
18 1240 1178
19 714 132
19 111 491
20 1124 1260
20 478 1595
21 962 398
22 1112 1499
22 112 390
22 138 1515
23 529 1184
23 1069 460
23 1150 209
23 31 910
24 1787 1
24 1140 1447
25 851 550
26 593 115
26 1067 559
26 533 662
26 966 570
27 697 1104
27 1258 719
28 1322 1302
29 1362 213
29 538 317
29 157 986
29 326 1316
29 263 1768
30 1242 1226
31 580 1634
31 870 679
32 394 920
32 1406 967
33 1344 1479
33 1585 1745
33 606 938
34 1257 1372
34 1347 309
34 1550 1431
34 1275 1254
35 955 1575
36 307 1614
37 1376 1505
38 932 1436
39 1147 1452
39 1293 927
40 1128 24
40 216 814
40 1557 1159
41 451 455
41 710 574
41 230 914
41 1109 975
42 1729 1572
42 770 1008
42 853 1318
43 920 1178
43 1476 1620
45 1793 1752
45 1795 1658
46 507 1180
46 1188 9
46 526 609
47 202 954
47 1063 963
48 107 1006
48 611 53
49 232 1414
49 442 773
49 1404 75
50 1395 454
51 1144 1096
52 915 1197
53 889 334
53 548 828
53 814 1554
53 1207 472
55 1645 320
56 1424 90
56 1363 628
57 679 574
58 963 185
58 61 1549
59 650 98
59 686 1381
60 1421 753
61 617 1131
61 1358 764
62 733 236
62 1134 450
63 452 1673
63 1631 1358
64 171 1427
64 163 1492
64 494 74
65 762 1741
65 275 27
66 1745 737
66 410 97
66 1731 41
66 1668 536
67 830 1488
69 1440 497
69 1294 978
70 1113 37
70 859 765
70 1102 243
71 496 1752
71 549 1252
72 1617 783
72 115 13
72 1033 1432
72 77 1185
72 1161 144
73 1057 595
73 539 1312
73 1542 1101
74 1061 1492
75 1605 1251
76 355 1076
76 295 862
76 968 975
76 167 207
76 1302 412
76 408 1078
76 1563 1416
77 201 1708
77 1100 1078
77 213 730
78 225 72
78 850 269
78 1269 1285
78 344 660
78 1753 327
78 733 602
79 656 543
79 477 211
79 670 1053
80 1442 1306
81 1707 1290
83 1296 1134
83 1696 1066
83 451 502
84 450 1273
84 131 455
84 911 514
85 1740 322
85 1703 888
86 498 728
86 1283 1148
86 166 1774
86 103 1573
87 573 573
87 847 1800
88 962 1684
89 954 10
89 563 1757
89 1701 95
89 1774 766
91 233 1404
91 866 1394
91 1679 1253
92 1065 1570
92 810 100
94 922 594
94 622 249
95 1316 426
96 1123 1209
97 840 747
97 467 1297
97 925 1792
98 312 476
98 1793 145
98 1708 1384
98 328 595
99 1795 1528
99 1565 63
99 598 152
99 807 488
100 1795 1495
100 228 358
102 1620 1426
102 1161 460
102 276 1304
102 1713 1621
103 181 140
103 1086 1101
103 703 499
104 369 1289
105 1752 849
105 208 207
105 1642 1533
105 871 1195
106 395 1457
106 813 1735
106 1779 1470
107 397 911
108 942 468
108 783 549
109 762 1563
110 578 982
110 259 71
110 603 471
110 1772 1512
110 632 460
110 1435 1764
111 1624 122
111 1400 1598
111 542 173
111 375 108
112 1633 1625
112 460 1109
112 749 1278
112 879 854
113 403 1337
113 1750 1051
113 1278 1161
114 664 595
114 1149 572
114 1222 26
116 240 1498
116 1681 923
116 1443 370
116 156 200
117 193 275
118 1636 372
118 370 751
118 884 1245
118 1663 308
119 1026 711
119 939 321
120 136 77
120 1641 21
120 1490 1729
121 553 1628
121 1443 1592
121 1359 1722
122 1672 56
122 1536 674
122 501 598
122 623 44
124 877 1797
124 1574 52
125 480 1310
126 737 442
126 1291 1436
126 300 1711
126 985 96
127 1126 821
127 366 1275
127 367 1245
128 635 1688
128 237 1746
128 1038 518
129 1616 334
129 1441 1694
129 1739 51
129 158 439
129 1574 298
130 866 1144
130 404 685
131 944 210
131 793 55
132 754 57
133 1696 373
133 1406 259
134 1575 1181
135 907 1330
136 482 100
136 371 1271
136 1214 15
137 274 1302
138 1112 1609
138 889 1460
139 465 1200
139 1161 1646
139 910 1129
139 305 1282
139 349 690
139 639 459
140 557 307
141 613 1378
141 454 1046
141 1585 723
141 1710 89
141 977 900
141 1496 582
142 816 531
142 1266 797
142 556 1173
143 1377 746
143 310 935
143 198 1391
145 521 91
146 1538 1721
146 410 731
146 685 928
146 174 409
146 1527 514
147 1134 888
148 1208 74
148 1797 1142
148 1510 1298
148 1317 224
149 1064 1475
149 488 1159
149 853 1793
149 1487 1345
150 986 1721
150 303 1612
151 513 714
151 775 835
151 401 216
152 1105 1709
152 717 1527
152 565 1112
153 354 1667
153 950 1478
154 1443 265
154 324 1356
154 1007 1763
156 785 552
156 261 1664
156 1215 1160
157 1778 1181
157 741 1553
158 328 512
158 1467 20
158 1156 70
158 1639 480
159 1258 1025
159 1575 894
160 492 1365
160 450 54
160 1164 401
160 626 1779
160 263 370
161 1768 309
161 402 250
161 1103 889
162 1162 1325
162 532 731
163 537 123
163 918 531
164 837 778
164 454 114
165 709 566
165 1317 535
166 480 709
166 442 1495
166 1557 413
167 631 260
168 307 225
168 918 887
171 698 199
171 1138 356
171 942 1449
172 1216 195
172 466 98
173 1462 1599
173 1703 1061
174 735 784
175 304 862
175 1677 654
176 1217 1706
176 1601 1536
176 177 643
176 1397 507
176 1434 1610
176 891 120
177 304 121
177 1228 1211
177 679 1001
178 944 1384
179 768 11
179 755 776
179 1150 1629
180 1655 451
180 1207 976
180 1606 250
180 1599 556
181 740 206
182 1192 385
182 1747 1712
182 1100 504
182 1469 1556
182 1182 284
184 1040 1095
184 305 682
184 1636 122
184 1256 196
185 410 277
185 395 508
185 971 296
186 501 1592
187 688 373
187 505 1469
187 1635 1507
189 201 833
190 951 701
190 308 137
190 1463 1285
191 1504 314
191 656 1197
191 707 1377
191 1557 817
192 1721 15
192 1275 1211
195 1320 446
195 635 1479
195 1763 183
197 650 972
197 492 264
197 954 133
198 1433 1499
199 1448 1755
199 817 1771
199 1178 920
199 1686 534
199 1287 1252
200 668 897
201 1601 768
202 1209 924
202 1454 1677
203 648 995
203 585 416
205 1322 1437
205 642 597
206 730 1617
207 1285 1322
208 536 1424
208 1286 839
209 441 1408
209 1243 751
209 1022 464
209 1174 193
210 1664 744
210 322 783
210 1499 1548
211 640 1743
211 1093 743
212 880 199
212 460 1041
212 1431 1453
213 1640 673
216 1026 373
216 681 292
216 275 1167
216 879 1570
216 467 1409
216 1528 504
216 857 668
217 1100 708
218 1790 1626
219 1371 482
219 898 980
219 1555 1565
219 1772 708
219 1226 539
220 1201 145
220 1287 861
221 408 177
221 256 320
221 940 762
221 356 626
221 262 1221
222 240 1660
222 1520 686
222 1570 60
222 1646 919
223 235 1041
223 1519 1665
224 609 1306
224 1652 420
224 1015 1385
225 1456 216
225 881 451
225 540 1264
226 1674 33
226 1386 618
226 1038 1537
227 665 864
227 236 46
228 506 1605
229 1520 1148
229 735 229
230 251 832
231 478 1294
232 795 851
232 837 1476
233 336 1170
233 398 1337
234 1153 415
234 1078 250
234 753 1795
235 1002 556
235 452 1600
235 774 1470
236 392 498
236 1331 65
236 1467 542
236 239 1630
237 1696 877
237 1247 561
238 560 1203
239 1307 1004
241 1776 950
241 1051 1140
241 1675 1423
242 689 1073
242 1244 1053
243 844 1799
243 1062 1613
244 488 304
244 1697 1385
244 980 1160
245 526 1667
245 671 1661
246 677 194
246 1655 480
247 288 1773
248 1749 196
248 1759 1143
249 1368 766
249 566 1320
250 1408 691
252 1473 1702
252 763 1779
252 1774 368
253 268 1673
253 1327 553
254 979 1693
254 1373 257
254 1251 585
255 345 407
255 727 56
255 327 721
256 308 73
257 1473 73
257 1495 63
259 1522 228
261 674 1139
262 1256 1688
262 1415 509
263 1261 1473
263 852 215
263 733 1328
264 1424 753
264 433 1073
264 1126 1514
265 1400 104
266 1562 761
268 1523 981
268 340 917
269 1696 806
269 932 1237
270 1320 1050
270 489 155
271 1169 1532
271 1589 312
271 1765 1295
271 575 1395
272 1752 710
274 928 1327
274 486 954
274 853 1561
274 792 441
274 604 1193
275 1672 1210
275 1486 419
275 367 1780
275 1692 1207
276 1540 953
276 1006 1501
276 527 1685
277 692 166
277 1581 657
278 919 1022
279 832 1009
279 921 1308
279 285 1474
280 403 1096
280 934 924
281 690 1538
281 1253 135
284 1210 283
285 538 756
286 1640 81
286 1024 678
286 1703 807
286 636 1782
286 1311 1448
287 1362 1092
288 600 1023
292 1539 100
292 651 359
293 520 62
293 489 5
293 1482 1328
293 780 287
294 794 1788
294 1419 76
294 562 689
296 1711 565
297 1344 450
297 1291 87
298 676 1163
299 520 497
299 1210 1550
299 571 542
299 1086 397
300 613 1448
301 1563 1047
302 857 119
302 606 718
303 1540 1202
306 1081 1001
306 891 741
306 1037 1766
306 398 816
307 1723 251
307 1012 251
307 1248 352
308 1060 1678
308 494 932
308 420 477
308 956 198
308 1631 1535
309 1635 1344
310 1066 298
310 1403 1407
311 1460 677
311 1527 105
312 1266 318
313 1419 1106
314 1176 1437
314 1553 164
314 1411 1763
314 1254 1235
314 1022 90
316 410 416
316 811 1342
316 397 885
317 777 1388
318 570 112
319 964 344
319 1381 1567
320 418 1753
321 1638 341
323 1211 92
323 1178 667
324 1265 1040
324 1556 1558
325 1005 287
326 914 257
326 542 390
326 590 1447
328 1670 1465
328 1294 283
328 1589 599
328 1402 1279
328 373 1517
330 1483 528
330 1349 1180
332 1368 1733
332 460 111
332 1620 562
332 1493 357
332 334 1448
333 1580 1339
333 460 1252
333 390 852
334 773 1004
334 1639 1342
335 420 1207
335 677 551
336 744 1266
336 1148 1118
338 1688 1459
338 1119 975
339 1299 1229
340 1105 840
341 1186 228
342 657 1382
342 758 1662
343 442 280
343 1044 721
344 1546 321
345 762 230
345 893 676
346 985 1396
347 545 1278
347 1286 1240
347 683 49
347 972 367
347 1422 1575
347 1748 1001
347 1303 756
349 1389 78
349 958 736
350 1629 790
350 1790 166
351 1270 871
351 1174 139
352 1264 216
352 1156 33
353 499 194
353 1181 377
354 1296 1725
354 795 1553
354 998 1221
354 431 1799
356 1624 881
356 767 1297
357 481 1738
357 1673 1115
358 946 1453
358 571 1251
358 509 1281
358 1079 713
361 445 1030
362 404 1298
362 771 602
362 604 545
363 641 559
363 900 1053
363 1204 1524
363 530 1084
363 1647 495
364 792 1208
364 518 1340
365 518 549
365 1648 1668
365 913 246
365 1011 999
365 601 1447
365 1116 1574
366 1245 568
367 641 473
368 1065 1716
368 1026 528
368 1326 675
368 414 1592
369 1398 1428
370 651 987
370 387 1486
372 1288 479
372 1162 76
372 1694 1007
372 806 1247
373 1388 607
375 785 1169
375 1374 1560
376 530 1368
376 1098 93
377 395 995
377 1716 904
379 522 605
379 1541 514
379 1799 1656
380 435 1572
380 1139 1488
380 1453 359
381 1753 78
383 977 1702
383 431 938
384 1152 181
384 1329 1779
385 1027 634
386 607 1466
387 640 472
387 863 632
388 1527 981
390 1640 239
390 1105 1382
390 1356 201
390 637 414
391 1234 1344
391 907 1541
391 730 1240
393 1765 75
393 1213 868
394 1634 473
395 1777 1374
396 504 5
396 1721 1747
399 955 111
399 653 736
399 471 1120
399 1007 1443
400 1242 1530
400 1700 1567
400 1799 1200
401 1781 1440
403 1790 1181
403 777 795
404 953 1707
404 1538 1169
406 708 1561
406 1311 1496
408 1473 1140
408 698 1724
408 1523 689
410 551 570
410 702 134
411 1518 36
411 902 1322
412 1082 873
412 1795 38
412 1772 1419
413 1053 763
414 1617 923
416 1179 221
416 1596 74
417 1587 1404
417 949 1064
417 614 1400
419 1162 810
419 780 1729
419 1146 986
420 1036 1722
420 731 1472
420 937 492
421 1498 677
421 1326 1760
421 982 1110
422 1251 1692
422 1662 614
422 1294 1336
423 1256 418
423 1712 515
423 1371 1708
424 1408 957
424 992 818
424 1739 1179
424 1246 1263
424 1209 803
426 481 1715
426 1659 940
426 1733 473
426 917 909
427 963 1627
427 1439 1399
428 1630 494
429 1234 1221
429 799 1517
429 917 360
429 535 1712
430 1441 181
431 1152 1114
431 1410 41
431 879 630
431 1104 268
431 850 130
431 438 987
432 850 316
432 1487 1378
433 1666 1658
434 1403 1072
434 963 1321
434 1700 1129
434 1295 625
435 1305 549
435 1117 1341
436 1231 1369
436 783 43
437 616 385
437 993 37
437 790 1670
438 1464 258
438 1242 655
438 1294 1283
438 1694 711
439 1463 1760
439 567 803
440 744 817
441 1371 1339
441 1148 1204
441 1190 1782
442 1257 901
444 500 1746
444 860 1210
444 1020 334
444 1500 1280
444 1249 1632
445 797 231
448 1740 1490
449 579 1617
450 570 1164
451 1055 1753
452 858 206
452 1382 419
453 1211 185
455 1018 1536
455 670 1292
457 1289 1280
457 1210 1125
457 1447 555
458 914 507
459 632 1058
459 1542 471
460 1256 1401
461 1230 1720
461 1662 1424
462 1242 1112
463 1770 319
464 1176 719
466 1265 1594
466 1098 1489
467 1138 977
467 693 248
468 1466 94
468 1422 624
469 490 538
470 1417 403
470 1311 1601
471 1444 1599
471 526 693
472 1765 252
472 614 1077
472 1463 1800
473 723 79
473 724 900
475 1761 1277
476 1392 1733
478 989 810
479 1502 1146
480 1032 1778
480 784 1683
480 518 972
482 1360 817
482 1185 1522
483 553 1719
484 621 293
484 1366 987
484 613 899
485 522 1707
486 1629 1486
487 1035 1081
487 580 17
488 1721 1249
489 768 1447
489 1287 513
490 1473 935
491 895 220
492 1286 880
492 1553 591
492 1300 458
492 957 4
493 699 286
493 1351 57
494 852 1486
494 733 887
495 1308 451
495 522 319
495 1531 518
495 1668 1666
496 552 1779
496 1015 577
497 804 84
497 1533 1619
498 1113 905
498 821 1616
499 998 104
499 585 1345
502 1153 9
502 1445 709
503 810 1584
503 1387 254
504 800 566
504 1489 398
505 1505 487
505 1018 1642
505 1298 477
505 1374 897
507 1011 740
507 1477 1242
507 807 830
508 1465 1042
508 858 944
508 902 951
509 1713 298
509 692 712
509 1238 363
510 1152 1597
510 1209 1015
510 1719 118
512 859 978
512 1407 1682
513 1616 205
513 1177 350
514 1062 951
515 1143 350
516 1337 466
516 1418 1026
516 1786 477
516 662 888
517 1728 1734
517 1474 1176
517 1627 767
517 717 716
518 1126 945
519 752 1346
519 795 1240
520 1265 552
520 903 760
521 873 798
522 1218 1685
522 981 1082
523 571 826
524 1152 1193
524 1472 421
524 883 1000
524 708 1584
524 1511 1734
525 1784 780
525 1253 1292
526 587 480
526 1372 740
527 658 1070
527 1597 189
529 737 1336
530 1650 17
530 1757 1183
531 1081 549
531 994 62
531 1370 519
533 1230 1175
534 1480 792
534 1691 1368
534 1684 1352
534 781 66
535 868 895
535 1589 169
536 1509 232
537 1061 1465
537 1105 1115
537 1324 1375
537 1261 235
537 1489 1691
538 1031 491
539 879 90
539 1522 1253
539 1717 34
539 1623 698
539 990 1363
540 1688 1688
540 1170 65
540 1414 649
540 911 507
541 1400 263
541 1370 120
542 972 810
542 605 1311
542 662 1282
545 883 1318
545 868 202
545 950 1645
547 1616 1685
547 1268 871
548 1358 370
549 1672 1689
549 1627 1203
549 636 38
550 1735 463
551 681 1239
551 1522 1335
552 833 50
553 932 1434
556 1787 658
556 766 1394
557 1544 1542
557 1348 1464
557 1378 1574
558 610 1073
560 1085 1464
561 1489 709
563 795 1793
563 1723 985
564 976 1640
566 1503 1573
567 1288 343
567 837 375
568 1760 1567
568 1490 1654
569 808 1478
569 1424 1086
569 1204 1761
570 786 1055
570 1567 796
571 773 52
575 1281 1455
575 1109 1360
575 662 861
575 583 1749
576 1626 184
577 875 894
578 992 1361
579 631 205
580 1200 818
580 1568 1048
580 1520 41
581 899 1541
581 934 1199
582 765 369
583 883 700
583 1468 9
583 1005 472
584 928 497
584 1585 1788
584 887 1622
585 642 644
586 1250 1711
586 1667 1185
586 1494 1099
587 1216 1182
588 608 688
588 964 583
589 1090 1770
589 623 597
589 1797 1744
589 727 879
591 851 366
591 714 1629
591 1511 252
591 1263 635
592 641 1327
592 1603 1695
592 1313 860
593 1470 1216
594 1290 860
594 620 1471
594 1151 346
595 1134 1467
595 1294 1672
596 600 1181
596 1752 1056
596 1734 1053
598 1689 1466
598 1570 1743
598 663 1272
599 1770 1749
599 1155 1021
599 1229 520
600 1275 1049
601 1734 305
601 1119 879
602 1618 459
602 1795 1322
603 1048 1349
603 1427 1588
604 1216 1050
604 912 536
604 1427 1530
605 1680 445
605 677 1261
606 1380 1013
607 1434 613
608 1307 1204
609 1546 1365
611 1302 126
612 774 1633
613 1306 1066
614 890 1717
614 1635 1304
614 1055 837
615 1768 1204
615 1756 1426
616 1024 856
616 1387 475
617 746 1628
619 1659 1593
620 1019 1152
620 1349 673
620 1475 1518
622 1793 542
623 1055 1447
624 665 853
624 1362 806
624 769 346
625 1778 556
625 932 787
625 1374 140
626 818 528
626 1516 949
626 634 1257
626 1714 1435
627 1791 384
628 1114 1341
628 691 128
629 808 1147
629 1145 1635
629 1298 1278
629 1014 1595
630 1684 904
630 1247 1065
632 1135 561
632 822 668
632 1543 1594
633 1690 245
634 1355 1362
636 1755 1607
637 742 982
638 642 1563
638 1061 1733
639 1359 365
641 1705 1722
641 1438 939
642 926 1735
643 1768 1757
643 1139 442
643 1107 1642
643 923 730
643 1110 947
644 1232 1791
644 1251 754
644 709 1254
645 752 236
645 664 714
645 900 476
646 1704 864
646 1581 1645
646 1054 1067
647 1668 449
648 872 1400
649 1301 1702
651 910 778
652 1697 1222
652 771 1586
652 863 1491
653 1220 86
653 908 1404
653 1205 1172
653 1613 581
656 1789 1589
657 1388 1552
657 764 359
658 1224 992
658 1442 1560
659 873 853
659 964 58
661 1590 1423
662 1289 547
663 1741 278
663 1173 488
663 1221 823
664 666 1768
665 1172 1016
666 712 1176
666 1388 1205
666 1270 851
667 1217 555
667 963 180
668 1335 271
670 1049 173
670 819 1649
670 1259 1129
671 947 1602
673 771 1450
674 1536 1161
674 779 402
674 1661 1693
674 1246 1282
675 717 1125
676 873 606
677 1755 1139
677 1533 1268
677 1083 758
679 1100 1360
680 1600 398
680 906 1473
682 1408 1445
682 1564 879
683 1457 1732
683 891 1496
684 1588 914
684 1596 287
684 1193 1534
685 868 825
685 1726 601
686 1282 1014
686 1771 1646
686 1316 616
687 1755 1537
687 1130 1486
687 1134 626
687 1298 425
687 827 269
687 732 687
688 715 1641
688 1332 1609
689 1640 274
689 1063 625
690 1401 1784
690 726 1181
691 1276 158
691 1501 553
692 1445 789
692 997 1698
693 1337 723
693 1466 1474
694 1110 1684
695 986 1630
696 1460 1480
696 1092 1372
697 916 401
697 822 1453
699 1264 1401
700 1537 1110
701 1712 1786
702 1593 1730
702 854 1038
703 1590 1430
704 888 983
704 1461 1071
704 982 1227
706 1702 1150
709 866 859
710 963 1058
710 717 12
710 1079 1712
711 946 361
711 1228 342
711 719 767
712 1101 230
713 1755 692
714 742 1101
714 1022 1019
716 1005 827
718 1269 1550
719 1697 594
719 1218 1582
719 1030 634
720 1325 443
721 801 790
722 1316 1636
724 1108 299
724 929 1618
724 1273 945
725 1064 750
725 1328 1248
725 1252 1705
727 1339 1008
727 764 1486
727 887 1609
728 1109 1374
729 1603 249
729 1636 1170
729 821 680
729 1583 1220
730 976 1414
730 1702 503
730 847 1554
735 874 896
735 788 1425
736 879 440
737 1372 1294
737 926 1032
737 1325 1357
738 1165 342
738 1389 1416
739 1001 91
740 947 348
740 1283 369
740 765 203
741 1686 552
741 1335 1793
747 1304 87
748 1403 1156
748 1219 1334
748 1700 1267
749 1193 1444
749 1634 46
749 939 953
749 756 1068
750 1187 100
751 1011 1395
751 1246 758
753 1180 1504
753 1709 597
754 986 313
754 1394 539
755 762 647
757 1659 378
760 809 822
761 810 76
761 890 414
761 1442 143
762 1122 203
762 1467 308
763 1151 1348
764 1538 371
765 776 877
769 884 364
769 1431 893
770 956 634
771 929 355
771 1742 442
771 882 1037
771 892 1090
772 1504 720
772 1620 1298
772 810 1484
772 1252 1432
773 1380 1030
773 1261 27
773 1175 424
773 953 127
773 1150 1189
774 1007 143
775 1136 764
775 913 111
775 1068 516
775 959 1688
776 1766 1625
778 1501 1491
778 1222 1768
780 1184 277
780 1683 1397
780 823 357
781 924 1118
783 1369 34
784 826 1423
785 1444 1631
790 1050 765
791 1578 614
791 1531 172
791 1566 1068
792 1152 66
792 1061 1219
792 1229 1770
793 1198 1099
796 928 1207
799 1585 520
799 1483 1162
800 818 258
801 1120 1021
802 835 1726
803 1596 1374
807 1372 586
810 1039 881
810 1683 337
811 1046 1302
812 842 1121
812 1204 1686
812 1469 654
812 1270 1798
814 1438 540
814 879 823
816 1112 1229
816 1010 1211
817 1442 131
818 1220 1552
819 1446 1677
820 904 1069
820 1409 1108
820 1657 1093
821 1403 893
822 865 747
822 1615 314
823 852 1253
823 1665 830
824 886 1699
826 1240 497
826 1684 968
826 1662 1501
827 1645 1032
827 1726 358
827 886 421
828 1783 608
830 1771 621
831 1259 591
832 1744 1074
832 1001 1618
832 1215 278
833 1193 1648
833 1195 672
833 1200 570
834 1442 128
835 1586 429
838 858 1147
838 1291 604
839 1433 793
839 1084 449
840 1411 693
840 1419 518
840 1670 575
841 1581 470
842 1317 1526
843 1712 584
843 886 1033
844 1661 1401
845 1338 1729
846 1432 980
847 864 199
847 970 610
847 1621 407
848 1401 409
849 987 149
849 1773 1163
849 1229 755
851 1348 1726
853 1018 1186
854 1562 447
854 932 1714
854 1045 911
855 1792 227
856 1179 364
857 1116 1218
858 991 1783
858 1127 1772
859 956 396
860 1060 7
860 1525 653
861 1265 1748
863 1112 448
863 1754 101
864 1317 861
865 1363 1308
865 1732 852
866 1729 1509
866 955 1240
868 1626 394
869 1523 1786
871 1567 1061
872 1403 1010
872 1325 953
876 1496 1186
876 1256 455
876 1083 425
877 1347 214
877 1020 1573
877 1316 1655
877 1543 975
878 1273 406
879 1776 273
880 1358 1257
881 1505 221
881 1127 656
882 1611 1165
884 1638 50
884 1419 17
884 1262 600
884 1297 978
886 1348 1777
887 1336 480
887 1187 754
887 987 167
889 1310 1275
891 1729 14
892 1086 1167
893 1080 223
893 1555 1416
896 963 874
896 1687 1127
897 1187 1463
897 1103 109
899 1482 33
900 1732 192
900 1031 642
901 940 929
905 1102 344
905 1103 1248
906 1548 648
907 1049 675
907 1524 952
907 1711 25
909 1716 845
910 1420 128
913 1263 1735
914 1376 497
915 1090 1430
915 1107 1328
916 1344 1233
916 1180 1470
917 1289 55
917 1090 563
917 1087 289
918 1046 1379
919 1668 202
919 1414 1352
920 1049 1256
922 1021 1131
923 1097 1294
924 1382 458
925 1035 657
930 1060 1617
931 1162 1352
931 1627 1089
931 1294 1562
932 997 1070
932 1071 281
932 1595 1156
933 1415 1092
937 1711 1625
938 1290 68
938 1754 1263
939 1732 1683
939 1573 456
942 1356 382
942 954 27
942 1199 1438
943 1692 1023
944 1772 120
944 951 89
945 1178 1450
946 1355 276
946 1374 553
948 1146 1357
948 1436 1621
949 1441 1180
949 974 1450
951 1110 56
952 1420 830
953 1128 879
953 1020 508
954 1567 426
958 1136 217
959 1009 1268
961 1202 961
961 1146 1348
961 1773 1659
962 1229 788
962 1771 1112
962 1101 310
963 1358 484
963 1200 1270
964 1773 474
964 1517 1416
964 1597 1146
964 1214 1539
965 1030 960
965 1070 1193
966 969 1236
966 1090 140
967 1607 415
969 1706 1410
970 1319 1670
970 1092 356
972 1434 294
972 1686 627
973 1600 192
974 978 1646
974 1203 299
974 1118 278
974 1215 930
975 1020 1344
977 1377 1726
981 1443 1764
981 1458 657
982 997 1552
983 1786 364
983 1303 175
984 1565 479
985 1283 1469
988 1462 710
989 1576 393
991 1048 276
991 1275 1224
992 1446 886
993 1030 282
994 1543 649
994 1325 1125
994 1361 1455
994 1525 1125
994 1308 329
995 1570 425
995 1124 1305
995 1422 1165
996 1700 689
996 1543 1097
998 1350 556
1001 1315 1298
1001 1332 1163
1002 1185 555
1002 1373 1037
1002 1287 1747
1003 1540 76
1004 1668 1681
1004 1447 765
1005 1114 496
1006 1319 385
1007 1227 1704
1007 1278 1570
1009 1011 204
1009 1404 652
1009 1459 724
1010 1473 543
1011 1610 747
1012 1265 372
1013 1552 1453
1013 1638 1024
1015 1017 1268
1015 1063 1300
1016 1210 1558
1017 1289 1030
1018 1784 1374
1019 1042 148
1019 1378 843
1019 1230 257
1020 1033 733
1021 1128 942
1021 1198 600
1021 1143 929
1023 1353 576
1023 1363 791
1023 1697 444
1024 1351 370
1024 1164 1243
1024 1529 1457
1025 1303 1364
1026 1039 1440
1027 1715 200
1027 1764 1086
1028 1473 1613
1028 1365 1155
1031 1562 1734
1031 1582 420
1031 1375 832
1032 1361 361
1034 1488 1412
1034 1342 972
1037 1103 740
1037 1468 265
1037 1095 661
1040 1280 1577
1040 1164 818
1040 1447 128
1042 1256 1755
1042 1574 625
1044 1758 1702
1046 1321 796
1049 1393 1172
1049 1591 1229
1050 1596 1711
1051 1487 1429
1052 1064 775
1053 1442 945
1053 1485 1735
1054 1554 648
1054 1403 1713
1058 1357 411
1059 1679 1139
1061 1670 981
1061 1160 1771
1065 1241 1208
1065 1364 1126
1070 1733 761
1073 1294 229
1074 1749 1127
1074 1350 328
1078 1251 325
1079 1206 397
1079 1663 1365
1080 1638 690
1084 1485 63
1084 1413 1106
1085 1147 1664
1088 1224 845
1089 1184 275
1089 1363 1452
1089 1163 589
1090 1799 349
1090 1517 1531
1091 1616 1702
1091 1659 1718
1094 1400 592
1094 1129 1489
1094 1124 12
1094 1662 1474
1096 1619 740
1097 1290 132
1098 1406 60
1098 1327 1044
1100 1446 1063
1100 1404 526
1101 1166 1628
1103 1515 964
1103 1677 1517
1103 1726 1299
1105 1222 499
1106 1763 581
1109 1249 635
1109 1386 436
1109 1176 283
1110 1610 511
1110 1703 409
1111 1532 90
1112 1510 1676
1112 1388 1147
1114 1522 1518
1115 1682 1617
1115 1597 177
1117 1119 1625
1118 1721 1196
1118 1243 453
1118 1500 131
1120 1320 226
1122 1309 1789
1123 1513 486
1124 1458 1412
1128 1778 904
1129 1158 1312
1130 1761 319
1130 1660 1354
1131 1631 118
1132 1551 1112
1133 1240 1365
1133 1716 72
1134 1774 1384
1134 1586 586
1136 1466 1776
1137 1293 700
1138 1249 52
1139 1506 872
1140 1335 770
1141 1697 898
1142 1693 1669
1144 1401 134
1144 1630 1622
1144 1665 670
1146 1327 689
1146 1392 1779
1146 1361 1773
1147 1555 108
1147 1595 1188
1148 1212 755
1150 1379 108
1152 1734 978
1153 1533 1153
1154 1428 1147
1156 1492 68
1156 1660 1417
1156 1733 1244
1157 1609 57
1157 1574 1364
1158 1686 298
1158 1294 1525
1158 1535 1132
1159 1526 859
1161 1243 228
1161 1755 1507
1162 1605 1546
1162 1370 980
1166 1226 825
1167 1170 883
1167 1346 1467
1169 1745 1163
1173 1515 1559
1173 1556 738
1177 1766 80
1178 1790 621
1179 1724 403
1179 1224 1345
1179 1239 333
1180 1536 558
1180 1451 1003
1180 1323 300
1180 1422 1632
1180 1525 1374
1180 1780 1062
1181 1188 694
1183 1439 929
1184 1356 1587
1184 1657 1670
1185 1534 1264
1190 1467 1110
1191 1419 97
1191 1214 1419
1193 1581 850
1193 1799 86
1194 1237 574
1196 1662 985
1197 1490 800
1199 1648 1155
1200 1344 618
1200 1733 836
1202 1299 1119
1203 1489 657
1203 1229 629
1208 1426 825
1211 1753 847
1211 1268 770
1214 1359 1696
1218 1725 1300
1218 1535 77
1220 1546 109
1220 1582 1479
1220 1750 1008
1223 1696 924
1223 1660 753
1223 1542 651
1223 1239 426
1224 1470 523
1225 1442 1477
1225 1371 884
1226 1643 840
1227 1720 1775
1227 1284 37
1227 1309 1575
1228 1757 1418
1230 1322 270
1230 1278 389
1233 1514 853
1233 1434 1130
1235 1327 119
1236 1522 1367
1237 1472 891
1238 1786 645
1239 1473 1442
1242 1293 1143
1243 1319 933
1243 1418 1127
1243 1295 1274
1244 1436 909
1244 1263 427
1245 1574 129
1248 1300 1461
1249 1508 470
1250 1512 680
1250 1635 476
1254 1569 402
1254 1402 311
1255 1324 1002
1256 1523 90
1256 1302 1570
1257 1589 875
1258 1783 1342
1258 1636 485
1259 1342 179
1262 1455 1786
1263 1416 1469
1263 1743 461
1264 1462 296
1268 1644 1178
1268 1542 636
1271 1626 589
1272 1496 1796
1274 1584 801
1278 1593 1487
1279 1401 1135
1281 1428 1090
1281 1790 1591
1283 1578 1183
1283 1717 532
1284 1629 1718
1286 1673 1538
1286 1739 153
1286 1335 1513
1288 1566 971
1289 1561 266
1290 1310 301
1291 1792 417
1292 1724 1687
1295 1603 1298
1297 1306 827
1298 1363 1577
1298 1724 506
1299 1711 1566
1300 1335 492
1303 1370 1792
1304 1454 482
1308 1555 1347
1310 1341 393
1314 1648 945
1320 1461 1724
1323 1480 1632
1323 1580 1175
1324 1441 336
1325 1520 614
1325 1532 240
1326 1328 1498
1327 1626 908
1328 1412 354
1329 1463 559
1329 1559 53
1330 1335 1741
1331 1641 1615
1333 1746 1308
1335 1706 69
1337 1577 1316
1338 1613 422
1338 1655 1547
1341 1392 1442
1343 1489 104
1344 1478 97
1348 1755 383
1348 1484 1549
1352 1375 1761
1357 1499 1360
1358 1542 1527
1358 1496 1504
1362 1737 1185
1363 1499 545
1364 1420 154
1367 1649 308
1367 1396 49
1370 1762 1393
1370 1519 1662
1370 1778 469
1375 1607 1652
1377 1754 1054
1377 1483 1368
1378 1723 822
1379 1420 697
1379 1799 1601
1381 1432 339
1382 1590 1334
1384 1600 1137
1385 1502 1208
1388 1595 470
1388 1685 237
1390 1715 101
1392 1703 956
1393 1483 464
1394 1522 924
1396 1681 79
1402 1690 711
1403 1769 1204
1406 1549 928
1408 1650 1149
1408 1442 634
1409 1420 1774
1411 1445 188
1413 1587 1387
1423 1635 1748
1424 1688 147
1425 1506 1650
1425 1645 501
1428 1709 86
1429 1732 1360
1433 1457 1209
1433 1547 344
1435 1675 1614
1435 1551 15
1436 1568 1500
1437 1461 832
1445 1472 1336
1445 1525 1429
1449 1703 561
1451 1536 1057
1455 1484 738
1456 1675 1003
1456 1660 536
1457 1500 568
1463 1731 437
1464 1601 1744
1465 1795 1257
1468 1683 879
1471 1531 1663
1471 1655 867
1472 1733 37
1473 1484 728
1479 1668 86
1486 1532 1630
1487 1687 1709
1492 1735 1290
1494 1531 1079
1495 1567 389
1504 1595 112
1504 1507 605
1513 1656 38
1513 1792 1746
1514 1771 262
1514 1669 1574
1516 1778 373
1519 1527 1635
1519 1655 1110
1524 1555 511
1528 1564 294
1530 1571 1023
1535 1657 1317
1540 1719 1454
1544 1547 639
1549 1721 1607
1550 1624 1485
1555 1776 1479
1556 1698 131
1559 1781 912
1559 1654 969
1560 1627 522
1567 1672 1325
1571 1646 1703
1572 1683 1760
1576 1677 1622
1578 1740 1063
1579 1753 1178
1581 1691 419
1588 1699 1767
1590 1728 967
1590 1729 540
1591 1699 1496
1593 1730 1694
1594 1615 735
1603 1670 1763
1604 1737 154
1608 1700 52
1616 1690 518
1617 1670 1239
1618 1692 560
1632 1643 493
1643 1736 1235
1645 1774 1347
1649 1784 171
1653 1744 1203
1659 1690 1113
1660 1710 486
1663 1765 1522
1664 1677 187
1674 1736 239
1691 1699 1761
1692 1714 357
1702 1782 284
1718 1779 68
1727 1770 943
1748 1749 927
1767 1775 327
