0 1058 251
0 1131 384
0 815 1182
1 832 903
1 788 1150
2 892 906
4 657 1296
4 348 343
4 78 546
6 485 1450
6 1366 904
6 1359 101
7 281 299
7 110 538
8 458 1216
8 527 600
9 104 1180
9 363 1454
9 206 511
9 431 174
9 712 268
9 88 980
9 346 1304
10 1045 278
10 1286 1219
10 743 615
11 1171 404
11 94 1043
12 1306 124
13 1065 608
14 1132 614
14 949 692
15 203 1125
15 1035 797
15 1167 1210
15 629 1041
15 375 1434
15 217 902
15 463 892
16 1168 15
17 1350 334
17 876 90
17 466 328
17 51 1275
17 158 1135
17 1342 30
18 91 1216
18 1484 1025
18 525 15
18 542 1385
19 432 681
19 784 588
20 216 206
20 562 314
20 318 1396
20 1302 711
21 570 750
21 1052 326
21 790 1209
22 184 795
22 864 291
22 602 1086
22 1089 268
23 1094 887
24 1369 1418
24 635 1038
24 926 1476
24 1275 391
25 1465 1244
25 522 280
25 1297 194
26 780 1344
26 1486 74
26 401 359
26 502 861
26 1432 41
26 732 629
27 986 436
27 756 444
27 165 274
28 735 80
28 1054 1104
28 655 1357
29 96 220
29 1404 1385
29 270 1151
30 153 647
31 352 1259
32 624 1479
32 170 1000
33 1314 94
33 714 72
33 651 522
33 1070 988
33 340 136
33 1178 728
34 72 879
34 163 1437
34 1382 1013
34 846 1450
35 667 680
36 196 1194
36 445 1046
37 1316 603
37 44 1147
37 1205 197
37 870 1356
38 1408 1359
38 630 579
39 1399 1372
40 1273 1421
40 211 475
40 95 943
41 320 1433
41 1338 964
41 867 612
41 1271 601
42 449 13
43 61 956
43 362 1237
43 877 395
43 735 1136
44 840 1162
44 641 1310
44 1262 1041
45 881 605
45 1369 856
46 1412 583
46 72 1477
46 1098 940
46 1391 1296
46 456 71
46 883 992
47 665 1027
47 295 738
48 744 69
48 1153 530
48 175 668
49 118 202
50 448 1470
50 1042 36
50 125 391
51 964 948
51 894 530
51 1183 817
52 70 1268
52 487 353
53 507 79
53 451 105
54 758 271
54 1195 70
54 210 528
54 374 825
54 792 357
54 188 1488
55 331 808
55 75 347
55 910 1402
56 321 1402
56 1358 420
57 161 1040
57 650 1117
58 466 1274
58 917 1214
59 505 1396
59 717 1331
60 1155 1414
60 1061 1054
61 427 1245
61 593 1361
61 1046 209
61 503 640
62 934 536
63 400 1454
63 1319 265
64 1424 177
64 283 857
64 1428 1249
64 1397 1222
65 1249 1481
65 1348 566
65 270 1094
66 344 1120
67 1229 767
67 942 1005
68 1417 1243
68 434 43
68 365 1001
68 1005 495
70 801 275
70 1369 339
71 753 7
72 708 1431
72 1255 1422
73 154 1165
73 419 388
74 454 810
74 782 1345
75 1243 1068
75 478 948
76 561 944
76 1110 714
77 184 130
77 660 760
77 1423 1124
79 1424 497
79 505 1234
79 290 717
79 956 1081
79 236 1388
80 546 135
81 823 946
82 1328 489
82 311 366
83 1252 88
83 748 638
83 150 834
84 741 1127
84 1231 1281
85 1280 1043
85 1024 1399
85 1043 188
85 1260 312
86 584 1305
87 715 193
87 1068 409
88 1442 69
88 348 1285
88 628 948
89 826 629
89 811 458
89 812 874
89 1358 1113
89 222 1089
90 202 38
90 316 1013
91 1058 467
92 669 1236
93 382 1091
94 1197 53
94 517 1016
95 96 238
95 481 920
95 354 846
95 1128 169
95 973 449
96 1071 1300
97 146 1279
97 1453 257
97 1151 1142
98 808 1004
98 745 268
99 1130 1025
99 206 1013
99 430 423
99 997 510
100 505 1450
101 1224 442
101 718 786
102 1409 383
102 427 480
102 861 981
102 215 97
103 928 1191
103 555 776
103 340 576
103 1415 122
104 1288 796
104 777 1111
104 1485 939
104 1134 655
105 537 260
106 1374 948
107 1087 1482
108 568 205
108 916 734
109 546 104
109 927 322
110 306 548
110 635 1106
110 911 599
110 575 1361
111 1050 573
111 610 167
111 351 782
112 977 501
112 796 226
113 915 550
114 417 1477
114 857 1084
116 377 817
116 826 239
117 267 171
117 613 1387
118 1216 1371
118 1410 23
118 123 1011
118 519 1401
119 1424 209
119 1410 824
119 1133 725
120 1027 221
120 1202 755
120 595 1189
120 573 665
121 602 39
121 659 998
121 794 1338
121 1479 115
122 506 643
123 760 775
123 1474 577
124 1306 1205
124 786 448
124 470 896
125 1304 56
125 980 457
125 1022 660
126 256 910
126 1016 931
126 1379 67
126 1135 1051
127 1003 1499
127 357 1393
127 182 1147
127 995 1092
130 1344 246
130 141 587
131 899 1208
131 1260 1076
131 831 172
132 904 419
132 827 1061
132 283 236
132 982 856
132 495 200
133 1476 184
133 710 1280
134 152 583
134 1355 282
136 169 996
136 266 1301
137 1123 292
137 587 1289
137 301 193
137 950 213
138 529 1162
138 644 420
138 1262 426
138 612 809
139 1378 546
139 807 391
139 1128 979
139 401 247
139 370 258
139 860 584
140 371 1443
140 1311 329
141 276 605
141 1106 190
144 554 1183
144 677 447
144 518 384
145 392 68
145 1498 262
145 1316 1179
146 1057 1048
147 821 1140
148 1307 961
148 486 871
149 967 958
149 815 1162
150 900 309
151 777 1372
151 1490 830
151 164 746
151 1181 817
152 602 314
152 763 122
152 892 870
153 1084 1350
153 235 895
153 420 162
153 638 259
154 864 103
154 965 1500
154 487 455
155 380 269
155 186 392
155 164 1100
156 265 548
156 259 628
156 1063 560
157 520 832
157 1400 1245
157 734 2
157 1137 791
158 1198 1353
159 1472 1417
159 1174 826
160 1022 1206
161 1392 1453
161 825 858
162 1155 958
162 317 1477
163 325 560
163 262 1086
163 303 1087
165 472 762
165 1392 1151
165 909 1047
165 335 920
166 1378 88
166 264 153
166 656 1479
166 628 1459
166 1241 263
166 505 1083
166 1212 1036
167 226 682
167 1181 1111
167 982 972
167 655 744
168 316 1009
170 1347 472
170 854 560
171 235 73
171 1455 770
171 337 147
171 691 1498
171 629 1227
171 1271 1146
171 924 1097
173 993 178
174 1007 908
175 258 898
175 467 1211
175 1397 731
175 919 588
176 248 428
176 1263 868
176 308 1499
176 975 1460
177 1081 578
177 435 551
178 1090 838
178 956 401
178 685 370
179 494 1240
180 1009 1136
180 1130 330
180 190 236
181 252 1240
181 350 614
183 582 681
183 1311 84
185 818 277
186 963 753
187 1105 1263
188 843 99
188 1067 484
189 1125 329
189 1399 547
190 194 704
190 763 425
191 1066 1035
192 283 188
193 276 1482
194 641 883
194 210 263
194 1275 710
194 915 311
195 1477 159
196 1008 1345
196 339 322
196 508 478
197 1019 1114
198 1112 946
198 603 1430
198 1155 1159
199 493 427
199 367 873
200 872 284
200 449 751
200 1235 510
202 773 131
202 1450 162
202 1169 784
202 278 550
202 234 598
202 254 826
202 863 535
203 972 1345
203 783 103
203 916 937
203 1047 1170
203 820 396
204 749 510
205 459 803
206 1254 73
206 1295 185
207 331 1151
207 246 1327
208 307 221
208 1355 785
208 539 1274
209 736 913
209 1116 1053
210 586 1025
210 1076 144
211 1238 722
214 1114 347
214 759 978
214 1151 169
215 1480 684
215 827 550
216 1152 201
216 518 867
217 274 581
217 582 695
218 641 1177
218 978 1157
218 490 1350
218 1454 629
219 673 1327
219 891 210
219 269 718
219 870 471
220 251 21
220 1149 525
222 659 116
222 1167 818
224 1040 1334
224 1068 1391
225 1281 776
225 610 990
225 1039 982
227 409 281
227 1021 1306
228 806 72
229 1098 1493
229 1340 187
229 886 145
229 375 1445
231 561 148
231 751 813
232 1432 772
232 459 1296
232 311 248
233 1064 1333
233 1427 433
234 649 162
234 386 231
235 1366 750
236 1075 650
238 658 919
238 605 346
238 759 393
239 553 1290
239 826 1137
239 715 191
239 820 283
239 661 1363
240 1104 340
240 1034 1025
240 1406 1009
241 1472 1348
241 1449 870
241 466 1335
241 1473 1485
243 1422 784
244 745 588
244 1066 458
244 1156 786
244 1295 1296
245 877 878
245 421 1174
246 1312 1439
246 748 466
246 1388 511
246 1101 1249
246 690 1398
246 1268 1434
248 400 88
248 570 40
251 464 881
251 1391 1054
251 453 341
251 719 255
252 1029 1167
253 1336 258
253 720 812
253 572 1007
254 1218 607
255 1073 195
255 866 318
255 1283 536
255 972 1038
256 745 675
256 946 1021
256 387 733
256 790 499
257 272 84
257 1074 1291
258 1444 1325
258 261 1140
258 937 1454
258 1119 1032
258 927 158
259 1178 139
259 349 1157
260 689 467
261 1354 376
261 1306 83
262 1228 808
262 791 1232
264 776 234
264 1235 413
264 1133 230
264 694 1226
265 498 1348
265 653 553
266 576 1447
266 1123 1470
266 604 1299
266 839 976
267 1117 1497
267 979 1219
267 478 1017
267 1357 709
268 1252 1236
268 543 1499
269 988 500
269 526 27
270 1465 1346
270 1418 348
270 599 446
271 384 1248
271 577 1352
271 1482 288
271 371 1373
272 1415 1145
272 1013 581
272 767 1310
274 1152 236
274 336 1164
274 611 789
274 1095 1130
274 1480 982
274 1456 168
274 691 1260
275 538 61
275 1075 1028
276 864 217
276 558 218
276 1327 1314
277 873 1392
277 373 600
277 1407 87
279 1386 902
279 982 130
280 1082 484
280 531 118
283 373 1125
283 328 553
284 1089 358
284 905 823
285 923 966
285 1430 1453
286 1014 1194
287 1144 700
288 305 891
288 946 295
288 435 1277
289 1408 919
290 1322 897
290 660 1325
291 722 1179
291 741 418
292 848 542
292 1179 711
293 1001 1041
294 328 39
294 1140 1019
295 862 1166
296 1179 740
296 629 140
297 532 71
298 1248 138
298 1032 1204
299 1171 457
299 692 1436
300 875 1320
300 1276 304
300 501 580
300 1190 442
300 1303 865
302 1056 141
303 778 207
304 1441 481
304 495 308
304 735 708
305 887 579
305 1391 633
306 316 108
306 1244 1088
306 1078 840
307 1040 484
307 637 450
308 826 1161
308 1244 650
310 1089 885
310 322 637
311 605 304
313 657 1160
313 1396 158
316 579 818
316 514 1055
317 934 362
318 1192 400
319 946 777
320 767 17
321 1416 244
321 1177 668
321 1367 406
322 1228 140
322 559 1135
323 560 990
323 369 1286
323 721 21
324 1482 236
324 1259 780
325 640 374
326 651 502
326 1149 531
327 1055 273
327 735 1168
327 1407 879
328 1190 1298
329 1491 150
329 934 263
330 510 22
330 942 728
330 343 1155
331 601 70
331 1441 705
332 794 1117
333 1425 1208
333 1213 840
333 1278 306
334 1363 176
334 1439 1408
335 1104 162
335 1344 1045
336 411 301
337 891 1483
338 734 1227
340 384 365
340 1042 1281
340 934 112
341 1123 331
342 1366 746
343 892 348
343 726 503
344 1093 727
346 1174 543
346 721 265
347 1379 616
347 1172 135
349 557 248
349 669 1278
350 470 236
351 476 1290
352 1249 782
352 812 1246
353 369 565
353 878 946
353 1119 323
355 357 1164
356 1000 363
356 1194 411
358 792 292
358 1127 1277
358 755 181
358 1125 375
358 495 496
359 672 759
359 1253 878
362 1105 1083
362 1298 1313
362 396 353
362 1245 87
363 370 815
363 1230 235
363 1054 1268
365 534 390
366 901 207
367 1123 837
367 1270 1302
367 889 1445
367 1403 1325
367 1244 1154
368 1401 542
368 733 1055
368 558 448
368 703 716
369 736 1337
369 1028 634
369 805 835
369 1192 194
370 1048 568
370 1375 273
370 871 733
371 627 124
371 1302 941
371 1390 715
372 827 6
373 1239 1160
374 1248 147
374 985 997
374 1498 1099
374 868 1434
375 1382 627
376 560 510
376 1035 1424
378 1034 460
378 1087 638
379 649 1482
379 1078 623
380 937 838
380 1333 614
380 1455 1009
381 1313 242
381 1082 693
381 1076 932
382 1450 666
382 1422 1047
382 525 750
383 822 1063
384 1315 623
384 1061 104
386 935 5
387 954 83
387 653 1293
387 1078 1432
388 1220 159
390 1056 639
390 1078 619
391 538 813
392 460 197
392 1357 1019
392 1441 27
393 409 614
393 499 409
394 873 1419
394 635 202
395 1008 570
395 822 52
396 513 126
396 1004 1202
397 1097 327
398 1456 757
398 1144 379
398 1469 726
399 1075 82
400 1121 264
400 1403 770
400 1150 373
402 1384 742
403 1118 909
403 703 380
404 613 750
407 1014 202
408 561 611
408 671 133
409 674 706
409 1374 905
409 591 1344
410 1391 1349
410 859 1357
410 755 684
410 1111 615
411 472 706
411 669 332
412 1333 1338
413 700 497
413 1445 83
413 1029 466
414 1136 557
414 1329 1202
414 418 1370
414 897 981
415 600 523
418 1325 984
419 673 490
421 613 1053
422 1370 973
423 1120 170
423 1172 1044
423 494 1397
424 768 384
424 755 1181
424 1094 1373
425 624 927
425 1257 576
425 1247 1172
425 767 1295
426 598 365
427 1170 248
427 1173 1005
428 672 360
429 624 240
429 939 697
429 1198 586
429 467 980
430 1312 864
430 542 467
431 497 54
432 891 840
432 813 866
433 1104 1173
433 1166 945
434 1017 1101
434 461 355
434 633 232
435 1243 37
436 817 235
436 1494 1318
439 1408 1261
440 971 865
440 1093 377
441 684 1443
442 519 1128
443 1082 541
443 1189 461
444 475 843
444 725 153
445 1127 132
445 1059 66
445 1375 866
446 762 630
447 804 596
447 1247 167
448 1417 19
448 834 1317
448 1069 1319
450 1331 589
450 941 513
451 624 594
451 579 1371
451 1069 971
452 1291 998
452 1081 181
452 987 448
452 1140 1075
453 687 559
454 832 31
454 945 1496
454 1031 556
456 658 1125
456 557 171
457 633 942
457 500 523
458 729 528
459 917 587
459 654 155
460 913 1197
460 1197 627
460 1078 411
460 1065 619
463 491 1050
464 1338 858
464 1340 1301
465 597 1417
466 834 176
466 1124 286
466 488 222
466 541 988
467 1030 360
468 611 767
468 829 888
468 941 1166
469 1190 1063
470 961 183
470 1339 856
471 1328 1219
471 873 1313
471 1216 210
471 725 1423
471 767 547
473 808 894
473 945 33
473 1253 1060
475 832 924
475 1205 177
475 734 972
476 1224 1278
476 1409 10
476 917 1237
477 496 1295
477 914 989
477 1239 214
478 1095 190
479 610 283
480 572 894
480 1094 1351
480 1438 932
482 1275 209
482 748 1086
483 707 149
483 916 556
485 535 332
487 729 36
487 1427 268
487 1023 1340
488 544 1260
488 845 115
489 661 1361
489 613 1411
491 920 1241
491 1010 863
492 1112 1155
492 1053 787
492 1470 1384
493 616 1311
493 1296 1499
493 1130 321
495 979 107
495 1365 1418
496 1328 56
496 966 652
501 721 976
501 1446 824
502 824 146
502 768 317
502 775 456
503 718 1442
505 1048 1042
505 996 1048
505 1052 240
506 1290 83
506 1198 598
507 999 523
507 1391 1185
508 746 612
508 538 1115
508 1148 512
508 693 1295
514 874 754
514 726 1075
515 1252 857
516 773 222
517 1140 1308
517 1165 772
519 855 330
519 756 455
519 1135 445
520 875 1460
520 567 679
522 994 1038
522 1485 865
523 1182 464
524 825 1164
524 1204 1170
524 689 1235
525 668 382
525 956 1257
526 880 293
527 1215 620
528 882 271
528 991 952
528 1333 1081
528 1055 1482
529 1241 1122
529 1135 318
530 1254 235
531 1300 1137
531 1437 735
532 946 12
532 691 1276
533 1265 1249
533 956 496
535 553 943
535 863 690
536 1120 1187
537 1224 789
538 1030 552
538 946 1368
538 724 229
538 765 549
540 598 676
541 619 1500
541 1071 487
542 1249 126
544 996 1034
544 1287 796
544 1487 380
544 825 1402
544 1118 1206
545 888 238
545 1403 49
546 942 295
547 1331 1441
547 795 226
547 1436 1249
547 1429 45
549 904 930
549 1195 713
550 1323 1075
551 796 300
551 1462 241
551 951 1141
552 1178 1484
552 1325 1302
552 631 123
553 1264 252
553 812 787
553 1221 1108
555 573 935
555 575 1149
556 932 1487
557 1256 420
557 1290 728
557 1338 1035
558 930 432
560 973 113
560 1374 714
561 994 84
562 934 1411
564 1156 1464
564 819 242
564 1228 297
564 1262 1227
564 1375 1172
565 974 44
566 1025 26
566 638 993
567 763 1170
569 920 1376
569 841 979
569 625 359
570 1356 282
572 1452 1211
572 1494 441
573 901 661
575 850 1367
578 1195 1118
580 1424 337
580 1229 1075
581 672 962
581 1475 1278
582 712 638
582 1274 566
583 1465 210
583 1011 1238
583 937 233
583 753 541
584 814 1267
584 725 1393
585 1496 261
586 1265 378
586 779 982
586 593 1300
590 694 681
590 934 1280
591 1222 494
592 1297 408
592 874 1000
592 1114 256
593 1142 1426
593 703 1273
594 1008 992
594 1387 441
595 1161 1214
595 1180 1028
595 1405 391
595 1285 1295
596 1472 1347
596 753 742
596 864 150
600 652 693
600 1239 443
601 1277 1133
602 1352 1325
602 718 255
603 1354 1316
604 1381 114
605 1454 179
605 958 162
606 1171 281
607 1106 1134
607 1326 427
607 622 263
607 686 580
610 1053 795
612 635 313
613 1353 1067
614 1058 648
614 1279 1046
614 1047 1324
615 1217 1440
615 1485 270
615 951 966
616 674 825
617 747 589
620 1413 1278
621 1443 26
621 772 414
621 653 885
623 1287 476
624 940 722
624 855 318
625 897 126
628 1378 568
628 1491 1378
629 1252 824
629 934 293
629 755 692
629 726 79
630 1272 332
630 1313 603
633 1265 638
635 797 428
636 1266 631
636 794 1277
637 1367 481
638 969 5
638 1446 226
639 1170 1170
639 858 1114
639 829 257
640 925 639
642 1183 710
643 1018 1163
646 750 774
649 928 9
649 1231 688
650 1298 1384
650 1179 281
651 1422 1067
652 1408 465
652 1346 871
657 1253 896
657 1055 1068
659 755 640
659 1286 1430
661 1418 1409
661 1281 369
662 1363 726
662 1325 408
663 1288 27
663 1321 1479
663 1381 355
664 964 302
665 769 693
665 1126 244
665 1478 72
665 798 1209
666 768 597
666 893 1273
667 1358 980
668 1319 717
669 1044 1289
670 1316 223
670 741 913
670 1319 1018
671 1229 622
671 1461 257
672 1486 239
673 1107 1387
676 1442 1202
677 1106 1114
677 1475 992
679 875 416
679 899 857
679 741 1411
679 1159 1158
680 1329 306
681 1420 1362
681 1036 967
682 811 35
682 1483 1056
683 1226 19
689 1090 357
689 1014 1406
691 1232 337
691 1400 1002
691 1247 338
692 1293 744
695 1411 1003
696 1206 575
696 1295 162
697 961 281
698 706 898
699 1207 222
700 1472 906
700 968 1134
700 748 845
701 1080 1132
701 1053 554
702 907 89
702 759 715
703 787 1460
703 1499 654
705 768 124
705 1156 318
705 1471 813
706 754 504
707 1264 1145
707 1282 1396
709 1271 1300
710 1480 645
710 1189 1330
711 1177 910
712 736 77
712 738 411
713 1067 228
713 909 137
714 876 798
715 936 808
715 1486 390
717 1066 418
717 1477 82
718 934 1169
720 1018 746
720 725 711
721 1296 1235
721 1014 830
722 1270 896
722 1191 703
723 1088 1343
723 1107 1475
724 1234 559
725 1370 137
726 1428 103
727 936 697
728 795 1200
729 1093 1297
730 1217 556
730 1162 739
731 1009 1032
732 908 1298
734 1498 780
740 824 221
740 1093 795
744 1410 1177
744 845 1152
744 1254 1442
749 840 850
749 1454 270
749 1095 152
750 890 1426
750 1006 854
751 1115 690
752 779 1426
752 1285 1087
752 1483 118
752 1191 1073
755 1376 1006
756 983 1169
757 1143 1208
759 1061 975
759 1453 609
759 987 856
761 987 197
763 951 1439
764 812 690
765 1082 16
765 979 105
766 1090 561
766 1086 1340
767 1461 115
767 1342 892
768 994 1109
768 1001 565
768 1258 375
769 1314 1195
769 1371 1211
769 1231 837
770 1274 627
770 1291 369
770 1341 791
770 918 390
772 872 140
773 785 549
773 1386 1000
773 861 209
774 1129 1302
774 1074 45
774 1219 1370
774 1135 1242
775 1427 1277
775 812 960
776 1430 377
779 1497 911
779 1326 798
782 899 1263
783 1169 980
784 1090 1381
784 1444 479
784 1423 1309
785 1000 17
785 1290 295
785 1367 452
785 1305 877
785 987 165
789 952 806
791 1348 139
791 1407 1400
792 1391 881
794 1003 1246
794 1023 905
795 1348 1474
795 886 1135
797 1371 309
798 1224 821
800 1040 1007
803 1067 1151
803 1323 1417
803 1375 1171
804 1215 601
808 948 446
809 1472 790
809 931 632
810 1272 990
810 1170 738
811 1413 1278
812 897 728
812 939 755
814 883 382
815 817 448
815 1346 488
815 1437 18
817 1463 798
818 1000 1463
819 1249 212
821 1242 839
822 1346 818
825 1147 812
826 846 1171
827 866 809
827 987 728
829 1349 991
830 1076 680
830 1364 1256
830 1095 991
832 1243 852
833 1371 988
833 1030 127
834 1357 1380
835 930 1047
836 871 1447
837 1205 1352
837 1381 740
841 1065 124
843 878 261
846 1231 1287
847 1128 1022
847 1486 363
848 928 242
852 967 457
852 1383 119
853 1128 980
853 1012 119
853 1308 292
853 1453 636
854 1490 1014
856 923 798
858 1296 1322
859 1120 1125
860 1219 295
863 1059 10
863 988 755
864 910 775
865 1347 708
869 1434 1323
871 889 76
872 1035 474
874 1143 148
875 1280 543
875 958 1207
876 938 310
877 1197 786
877 894 1222
878 1377 526
879 1204 83
881 889 739
882 1236 91
882 1022 901
884 1213 428
885 992 794
886 1161 1158
886 1083 889
886 1271 681
887 922 309
889 1280 599
891 1240 224
892 1385 1075
892 1399 792
892 1071 864
892 1493 603
897 911 1260
898 1246 386
899 1380 1263
899 987 1459
900 1209 961
900 916 1458
901 1296 443
904 961 1175
904 1318 1496
904 1383 45
904 1407 424
905 1480 150
905 1035 113
906 1489 1238
906 1271 302
907 1258 1168
907 1413 564
908 1137 941
911 1263 1283
912 1119 1486
913 1345 275
915 1292 1099
916 1182 282
918 1150 1129
921 1211 78
923 1346 1389
924 1001 1481
925 1411 1142
927 1323 883
930 1481 256
931 1369 1167
932 1474 571
933 1140 556
934 1089 432
934 1158 565
936 1282 946
936 1109 768
936 1271 28
937 975 466
938 1128 1438
938 1115 1440
939 1010 796
939 971 1259
941 1301 189
944 964 298
944 1139 1037
944 1212 951
944 1103 563
945 1126 523
947 1385 177
947 1410 1216
947 1131 1433
948 1337 919
948 1140 642
950 1442 895
950 1115 374
950 1325 764
953 1372 657
953 1494 1070
955 1137 1279
956 1217 974
957 1301 88
958 1129 1441
960 1439 758
961 1404 954
961 1439 1417
962 1153 389
963 1392 1434
963 1138 1201
963 1350 1480
964 1391 565
964 1461 1233
964 1239 950
965 1317 474
965 1334 786
968 1004 1293
968 1213 1158
970 1175 757
972 1113 29
973 1274 997
974 1144 484
974 1078 105
976 1037 503
979 1492 1344
981 1167 9
986 1297 214
987 1366 212
993 1406 474
994 1092 817
994 1000 606
994 1200 347
994 1489 1145
995 1377 357
995 1286 1414
996 1262 769
997 1051 1458
998 1468 1325
1001 1301 262
1001 1478 606
1002 1392 1414
1005 1364 1110
1009 1014 334
1009 1134 1178
1010 1040 1149
1012 1218 1090
1012 1245 686
1015 1488 1040
1015 1117 553
1016 1307 854
1019 1191 1063
1020 1257 1352
1020 1322 553
1020 1490 1266
1021 1345 806
1021 1443 290
1022 1073 1287
1022 1183 655
1023 1250 922
1025 1170 742
1025 1405 881
1026 1265 945
1028 1419 827
1029 1257 419
1029 1157 443
1030 1219 1235
1032 1205 178
1033 1327 1425
1035 1401 600
1036 1412 785
1036 1292 1347
1037 1380 889
1038 1090 84
1038 1291 887
1038 1229 1121
1041 1110 1249
1044 1062 706
1046 1420 1379
1052 1476 340
1053 1460 1079
1053 1285 1376
1054 1240 946
1059 1153 515
1060 1234 620
1061 1323 1404
1063 1479 837
1064 1155 667
1064 1198 754
1064 1470 543
1065 1486 520
1067 1199 127
1067 1423 89
1068 1297 1338
1074 1226 88
1077 1338 1165
1077 1394 1458
1081 1366 986
1083 1441 1400
1084 1282 984
1086 1110 1267
1087 1430 1361
1092 1449 1373
1094 1189 1000
1095 1292 446
1099 1422 166
1100 1123 846
1101 1330 31
1101 1283 1400
1101 1141 1300
1102 1133 884
1103 1181 874
1106 1473 823
1106 1355 63
1108 1171 60
1108 1293 1364
1110 1260 895
1113 1462 1251
1115 1394 1456
1116 1397 1126
1120 1443 665
1121 1481 625
1121 1171 278
1121 1244 1206
1123 1259 232
1129 1288 1053
1130 1288 936
1132 1374 631
1133 1487 1376
1133 1415 776
1142 1416 5
1142 1222 493
1143 1300 1344
1145 1495 853
1146 1153 1353
1146 1327 535
1151 1496 1475
1151 1188 1059
1155 1363 1219
1156 1499 201
1161 1173 1431
1162 1487 942
1165 1167 892
1168 1365 798
1169 1353 1233
1170 1280 940
1170 1433 1486
1171 1293 195
1172 1415 753
1173 1394 440
1173 1425 115
1174 1228 112
1178 1410 1022
1179 1283 1195
1183 1412 120
1183 1371 849
1185 1394 810
1186 1394 243
1190 1194 1498
1193 1498 1094
1194 1420 841
1195 1285 44
1199 1414 586
1201 1344 1476
1205 1385 1030
1207 1375 1335
1208 1448 352
1209 1245 1374
1213 1412 394
1213 1335 915
1214 1353 259
1214 1431 806
1215 1400 198
1215 1344 551
1218 1284 155
1219 1241 1376
1219 1437 110
1219 1438 1167
1220 1365 841
1221 1391 833
1221 1249 485
1225 1305 597
1229 1432 440
1229 1245 1358
1232 1461 972
1234 1282 36
1240 1346 920
1242 1358 419
1244 1368 629
1247 1336 1069
1248 1251 188
1249 1461 363
1250 1436 1077
1251 1316 714
1253 1417 817
1254 1409 1120
1254 1431 668
1256 1377 1471
1257 1402 202
1261 1402 570
1263 1327 498
1264 1373 469
1265 1278 800
1267 1279 1247
1269 1428 1059
1278 1317 16
1285 1348 1490
1289 1308 355
1294 1450 1058
1295 1318 578
1304 1433 221
1304 1332 347
1313 1328 903
1318 1350 749
1319 1495 1055
1319 1382 1178
1324 1378 1066
1327 1351 613
1332 1466 396
1335 1499 1429
1336 1385 143
1338 1396 100
1348 1449 1258
1350 1379 13
1355 1419 745
1358 1400 659
1369 1409 706
1373 1457 1445
1377 1397 984
1383 1404 628
1387 1417 695
1394 1418 691
1396 1497 57
1396 1462 393
1414 1464 684
1418 1442 233
1421 1455 1253
1429 1452 1243
1448 1450 1010
1448 1460 392
1489 1495 382
