0 264 9
0 691 6
0 605 7
0 211 7
1 1232 4
1 698 7
2 848 9
2 203 1
2 397 1
3 957 7
3 1189 2
4 760 1
4 179 7
4 148 6
4 543 8
6 856 1
6 833 10
6 563 3
6 462 6
6 319 9
7 339 6
8 307 6
9 785 5
9 898 4
11 274 4
12 1252 4
12 935 10
12 681 10
12 1290 3
12 500 8
12 1113 4
12 440 2
12 793 6
13 673 5
13 1274 2
13 621 5
13 622 6
14 1239 4
15 1179 6
15 836 2
15 909 8
16 1267 4
16 246 9
16 1219 2
17 707 4
17 212 7
19 1171 3
20 272 2
20 1083 10
20 659 4
20 239 2
21 1012 10
21 85 8
21 654 7
22 1016 4
22 889 8
22 58 3
22 923 9
23 960 3
23 121 9
23 1299 7
23 604 7
25 913 10
25 1269 8
25 102 7
26 48 7
26 611 5
26 1165 6
27 1106 5
28 107 1
28 1038 6
28 558 5
29 943 9
29 1228 3
29 1183 2
30 874 2
30 291 10
31 744 1
32 476 3
32 734 4
32 367 1
33 890 8
33 116 2
33 573 1
33 1294 9
34 685 10
36 1104 10
37 1218 9
37 126 2
38 752 2
38 1293 4
39 541 6
40 138 4
40 331 10
40 1099 3
41 1161 10
41 996 8
41 613 7
43 248 9
43 139 7
43 1046 2
44 47 6
47 1225 2
47 394 5
47 310 2
47 1031 7
48 661 10
49 1298 1
49 211 5
50 994 2
50 308 7
51 328 10
51 992 2
51 1216 9
52 1065 2
53 311 10
54 1065 1
54 754 3
54 516 8
55 265 2
55 758 6
55 622 4
56 690 8
57 288 5
58 662 8
59 906 9
59 412 5
60 975 7
60 759 8
61 1268 1
61 71 6
62 642 4
62 1279 9
63 215 1
64 345 8
64 620 5
64 846 4
65 1173 10
66 569 10
67 324 6
68 480 5
69 625 4
69 618 3
69 783 1
70 507 2
71 323 1
71 303 1
72 240 9
72 417 4
72 994 8
73 560 5
73 1155 4
73 1028 10
73 176 8
73 179 3
73 925 7
74 433 7
74 91 2
75 167 5
75 213 4
75 135 8
76 249 10
77 776 10
77 640 1
78 194 7
78 1062 10
79 880 4
79 1133 10
80 144 3
80 322 7
80 407 8
81 556 3
81 285 3
81 1277 3
82 1145 7
82 786 6
82 1212 2
83 330 4
83 103 6
84 1185 3
84 165 5
84 606 10
88 970 8
89 1297 1
89 694 1
90 276 5
90 300 9
90 141 5
90 558 10
90 975 8
91 910 1
92 115 5
93 162 9
93 900 6
93 1237 1
93 566 9
94 108 3
95 521 4
95 938 5
95 228 8
95 142 10
96 290 2
97 780 1
97 853 3
97 877 1
98 991 3
99 971 3
99 1044 8
100 1290 2
101 1049 1
101 338 6
101 1285 3
103 572 4
103 219 9
104 140 2
104 108 5
105 828 10
107 232 8
107 324 8
108 196 1
108 280 7
108 475 6
108 700 2
108 157 7
109 881 4
109 475 9
109 699 3
109 673 1
111 1193 10
111 1042 4
112 1010 1
113 728 2
113 339 10
113 708 1
113 1158 7
113 679 3
114 738 4
114 860 4
116 985 3
116 377 7
117 1032 6
117 210 9
117 779 9
117 486 2
117 695 2
119 785 10
119 148 2
119 1038 1
120 616 1
121 793 7
121 157 9
121 446 1
122 509 4
123 726 9
124 765 10
125 400 4
125 244 5
126 1234 6
126 157 4
127 786 1
127 615 7
127 678 5
127 935 2
128 654 8
128 535 3
129 1215 10
130 482 8
130 443 1
131 156 10
133 744 9
134 511 3
136 492 1
137 1144 6
137 237 3
137 550 1
137 479 2
138 1097 1
138 1085 6
138 337 4
139 1185 2
139 349 1
139 1287 9
140 192 2
140 201 8
140 546 4
140 269 5
141 733 3
142 1276 5
142 1039 3
143 561 3
143 772 7
144 869 8
145 384 8
145 945 1
145 1267 3
145 654 9
145 280 5
146 194 5
146 1028 3
147 1097 9
147 466 3
147 178 1
147 386 7
148 587 1
149 1121 3
149 1189 10
149 711 1
149 169 3
149 176 5
149 1073 8
149 634 10
150 435 5
150 383 10
152 363 4
152 612 4
154 907 4
154 1255 4
155 953 2
155 428 3
155 236 6
156 218 1
157 264 2
157 211 6
157 447 10
158 268 9
158 452 10
159 340 3
159 628 8
159 1023 7
160 358 5
160 415 6
161 1152 4
161 1200 2
163 464 10
164 1201 6
165 865 9
165 226 6
165 894 7
166 193 6
166 578 1
166 812 9
166 1118 5
167 347 3
167 359 8
167 816 10
167 1205 9
167 703 10
167 981 2
168 880 4
168 219 8
168 317 9
168 311 9
169 1109 4
169 823 7
170 457 2
171 1141 6
172 1181 2
173 921 6
173 681 3
174 1056 1
174 425 3
174 641 7
175 972 3
175 1102 9
175 415 8
176 990 3
176 679 6
177 280 10
177 945 5
177 997 7
177 1191 6
178 1158 1
178 327 9
178 305 2
178 946 5
178 501 1
178 603 10
179 248 5
179 866 2
180 329 2
180 461 2
181 235 7
181 1270 3
182 856 1
182 835 4
183 248 3
183 985 5
183 502 3
185 556 8
186 582 1
186 927 10
187 852 9
188 708 10
188 415 9
189 274 1
189 410 3
190 705 2
190 851 10
191 428 9
192 600 5
192 1020 6
193 843 6
193 1167 4
194 418 6
194 709 3
194 583 3
194 1269 8
194 598 8
195 424 1
195 1245 6
195 1143 1
196 201 2
196 706 4
196 1125 2
196 1209 2
197 281 9
197 514 10
198 1068 10
198 1020 3
199 906 1
199 403 1
199 807 10
200 780 5
200 412 6
200 1285 3
201 1156 1
201 655 6
201 726 6
201 1081 1
202 720 3
203 804 3
203 684 2
203 1039 10
203 787 4
203 756 7
203 1085 8
204 968 4
204 1048 9
204 259 9
204 596 4
204 775 8
205 819 2
205 612 8
206 1176 10
206 402 6
206 1236 6
206 1221 10
207 623 1
208 1266 4
208 970 10
208 1167 3
210 974 1
210 1063 9
211 894 2
212 679 10
213 539 5
213 834 7
213 629 2
214 621 1
214 1013 8
215 273 4
215 973 1
216 1226 3
216 1085 4
217 1031 5
218 584 1
218 785 5
218 843 5
218 399 2
219 969 6
220 661 1
221 376 5
221 332 10
222 409 1
224 763 3
225 993 2
225 318 9
225 799 4
226 466 1
226 1251 8
226 1221 7
226 293 3
227 912 7
227 1003 5
228 938 1
228 1071 8
228 1189 1
229 272 3
229 232 10
229 485 2
230 676 3
230 554 10
230 334 7
230 239 5
230 347 3
230 362 9
231 745 8
231 1078 2
232 424 7
232 454 8
233 1291 10
233 743 8
233 965 4
233 663 2
234 762 6
234 1227 10
234 476 7
235 573 6
237 872 8
237 611 7
238 562 1
238 486 4
240 505 4
240 282 8
241 491 3
242 659 1
242 479 1
243 1176 1
244 625 7
244 1203 3
244 260 8
245 803 4
245 429 8
246 1280 4
247 1001 10
247 446 6
248 1098 8
249 642 8
250 1153 3
250 334 1
251 1073 8
251 949 7
251 630 9
252 1228 10
252 274 8
252 1100 2
253 283 5
254 912 5
255 1236 2
255 453 1
255 463 10
256 718 4
257 860 6
257 812 9
258 1203 10
258 493 2
259 433 2
259 756 1
259 1117 3
260 1024 9
260 457 4
260 461 1
260 1038 2
260 1176 3
261 1025 6
261 413 5
262 593 6
262 706 5
262 667 7
263 604 7
263 295 10
264 1290 6
265 696 9
265 389 1
265 407 5
266 490 8
266 382 4
268 346 1
269 800 4
269 275 7
272 1064 4
273 1145 3
273 1195 1
275 960 9
275 1208 3
275 1127 1
276 876 2
278 1104 8
279 645 7
279 395 8
279 877 8
279 573 2
279 783 1
280 1285 6
280 833 9
281 1217 6
284 1246 6
285 585 3
285 485 7
285 1065 9
286 1224 9
286 329 8
287 323 5
287 1237 10
287 822 6
288 290 3
288 1290 8
289 1232 9
289 948 9
289 1006 10
291 389 6
293 432 3
293 1156 5
294 409 6
294 1113 2
294 913 10
295 666 10
296 745 4
296 298 6
296 645 3
297 1032 10
297 1008 8
297 1178 3
297 911 10
298 823 2
299 631 6
300 315 2
300 869 9
300 694 1
300 581 1
301 456 2
301 324 2
303 377 8
303 449 8
303 607 5
304 824 10
304 1227 5
304 628 9
305 888 5
305 327 9
306 367 5
307 1015 2
309 1269 4
310 1267 2
311 866 5
311 963 1
311 869 6
311 487 4
312 1024 3
312 545 8
312 1146 4
314 761 3
315 724 6
315 411 5
315 1092 6
315 533 4
316 773 6
321 714 7
322 665 2
322 594 8
323 998 2
323 1097 4
323 426 4
323 1101 4
323 439 4
323 1080 5
324 558 5
325 730 3
325 1012 1
326 1103 7
326 403 4
326 610 7
326 1215 3
327 1010 4
327 917 8
329 1257 2
329 763 6
329 726 10
330 631 8
330 1107 4
330 463 1
331 769 4
331 345 4
332 825 10
332 642 4
333 441 7
333 370 5
333 572 4
334 625 7
334 399 2
336 466 5
336 1043 1
336 908 5
337 940 5
337 879 10
338 939 6
338 1095 4
339 479 5
339 502 2
340 945 2
340 382 2
342 1177 7
342 522 5
342 378 1
343 465 8
343 822 10
343 431 6
344 490 5
345 767 10
346 954 10
347 891 8
347 1023 5
348 585 2
348 707 7
349 715 1
349 406 2
350 1299 1
351 856 7
351 1146 4
352 453 6
352 837 4
354 879 6
356 1043 9
356 1011 3
357 802 10
358 1196 8
358 463 6
359 774 6
361 513 3
361 1189 9
362 665 3
362 388 5
362 1261 3
362 1293 6
363 376 3
365 1200 9
365 722 9
365 1292 5
366 663 7
366 533 10
366 1197 1
366 895 5
367 941 7
368 564 9
368 997 1
369 969 5
370 706 7
370 538 8
370 846 6
371 1048 2
371 516 8
372 806 2
372 1103 2
373 456 3
373 469 7
375 728 4
375 1028 8
375 693 7
377 960 9
377 395 10
378 823 9
378 411 10
378 1263 7
379 385 7
379 653 8
380 1004 5
381 850 2
381 787 4
381 885 9
382 843 7
383 824 4
383 769 8
384 648 10
384 1157 3
385 926 6
387 891 1
387 996 4
387 1087 10
388 696 6
388 787 3
388 823 8
388 504 6
388 955 10
389 858 1
389 754 6
389 1206 6
391 772 6
392 714 2
392 1276 8
392 1183 6
393 819 7
393 1013 3
394 1013 3
394 909 2
395 460 9
395 447 2
395 1233 10
396 659 5
397 1193 3
397 660 7
398 1049 3
398 866 2
399 536 4
399 546 10
399 1018 9
400 977 6
400 966 1
401 909 8
402 804 5
402 708 5
402 1150 3
404 1163 3
405 424 4
406 1222 3
407 707 9
407 984 6
407 433 1
408 420 2
409 689 1
409 571 4
410 681 7
410 601 2
411 1268 8
411 887 4
412 846 3
414 570 4
414 1118 7
415 418 1
415 813 4
415 1200 8
415 665 4
415 762 8
415 1245 8
416 1151 6
417 902 10
418 764 9
419 915 4
420 517 7
421 1014 5
422 458 4
423 1221 10
424 775 8
424 1258 4
424 728 5
425 977 7
425 458 9
425 779 3
425 1089 8
428 662 2
430 837 7
431 1216 6
431 1145 2
431 635 6
432 1298 6
434 1161 5
434 764 9
436 1059 7
437 496 2
437 540 10
439 467 7
440 520 1
440 1098 6
441 746 1
442 966 10
443 513 9
444 626 6
445 487 6
447 716 3
447 484 9
448 1160 4
450 857 8
450 490 8
450 699 2
452 804 5
452 708 8
454 1285 7
455 1082 9
459 974 5
459 1279 6
460 1193 5
460 462 10
461 1066 10
461 995 8
462 1145 5
462 789 1
463 824 2
463 1042 3
464 788 1
464 1285 5
464 838 8
465 618 10
465 1091 7
465 1061 1
467 884 2
469 477 7
470 960 10
475 964 5
475 933 9
475 1144 3
475 1177 6
476 690 9
477 1181 3
478 1161 7
478 898 2
479 1204 8
480 745 3
480 716 9
482 976 1
483 1035 8
483 607 1
484 926 8
486 745 6
488 1009 3
489 1149 8
490 778 10
490 661 5
491 960 5
491 956 10
492 552 7
493 739 4
494 930 4
495 923 5
495 660 1
496 610 5
496 574 8
498 860 9
498 970 9
498 1012 1
498 711 7
499 993 7
501 970 2
501 815 8
503 914 7
503 532 5
503 621 4
504 1152 5
504 1153 5
505 705 7
506 1236 7
507 755 5
508 1093 3
508 630 7
508 711 10
509 744 2
510 654 3
513 987 5
513 605 5
513 783 1
514 1248 7
514 1242 10
515 720 9
515 1114 5
515 612 8
516 768 5
516 1134 5
516 701 7
517 545 7
518 658 7
518 747 3
518 1007 5
520 630 4
521 1114 6
522 1222 10
522 693 8
523 555 8
524 992 5
524 1291 1
524 719 4
525 667 4
525 1070 2
526 796 2
526 1046 9
529 868 10
530 1170 3
531 1115 7
531 956 6
531 997 4
532 737 1
532 798 8
533 1023 9
534 1250 1
534 1093 9
535 916 4
535 1262 8
536 1164 3
536 631 9
537 965 8
537 550 2
538 1153 1
538 722 10
538 1010 1
538 980 7
538 630 6
539 568 4
539 855 4
540 1217 7
540 741 10
541 721 2
543 547 1
544 984 1
544 904 6
545 870 10
546 1251 7
547 1162 7
547 719 1
547 582 6
548 766 1
550 566 6
550 758 4
551 865 6
551 655 8
553 1176 4
553 910 10
554 1067 5
554 1268 8
555 941 5
556 1124 5
556 840 6
556 938 3
556 638 1
556 671 9
558 1252 10
558 1270 4
559 1196 9
559 903 4
560 675 5
561 770 4
561 798 5
562 1260 8
562 1156 8
562 622 6
562 1009 7
563 1177 6
563 885 4
564 1015 8
567 1159 5
568 801 10
569 1144 10
569 764 7
570 770 8
572 1129 8
573 1106 7
573 585 3
574 752 2
574 635 6
574 702 4
574 929 4
575 820 5
576 581 7
577 1056 9
577 1265 1
577 970 6
577 869 7
578 1233 2
579 1147 4
579 653 9
580 888 4
580 995 10
580 1212 9
582 811 2
582 1073 3
585 1043 2
585 829 2
586 811 10
586 740 5
586 1237 5
586 1286 9
587 832 4
587 1049 4
587 901 9
587 695 10
588 749 9
590 800 4
591 864 6
591 1150 10
595 1041 9
596 995 2
596 616 2
596 941 7
596 1261 5
596 904 7
597 712 5
597 700 1
598 964 9
598 1093 4
599 750 5
600 1272 7
600 1142 9
602 897 5
602 1005 4
602 917 9
603 1162 1
604 924 7
605 1108 4
606 928 10
607 1207 9
608 1154 7
609 946 1
609 1148 2
609 670 4
611 1099 7
612 1171 8
612 926 9
613 1288 5
613 847 8
614 978 9
614 686 9
616 1187 4
616 933 2
616 774 8
618 1179 7
619 1210 9
619 1228 4
621 1222 10
621 779 2
621 919 4
621 663 2
622 757 8
623 914 8
623 915 4
624 897 2
626 664 10
627 994 5
627 1029 5
627 666 10
628 1248 8
628 1157 6
628 917 1
630 778 6
631 798 6
632 753 2
633 786 1
634 1043 9
635 890 2
635 647 10
639 676 4
640 1277 9
642 999 4
643 1128 4
644 1169 9
645 1271 1
646 701 7
646 863 7
647 656 3
648 1130 2
648 911 2
649 1283 10
652 827 8
653 972 9
654 1220 7
654 1182 2
655 1177 1
655 1076 7
656 1010 4
656 1013 9
656 1029 10
657 1217 2
657 955 1
657 1118 7
657 719 2
658 681 3
658 1029 7
659 1062 3
659 1107 6
659 699 4
661 813 3
662 1034 3
663 962 9
663 1125 2
663 710 2
664 892 8
664 1188 6
665 904 2
666 1185 4
667 1148 6
668 938 2
668 724 2
669 1049 5
670 1234 3
670 826 6
670 677 7
671 989 1
671 717 1
672 831 5
674 676 6
674 767 6
675 1217 6
675 850 2
675 1277 6
677 795 1
677 1003 8
679 931 3
679 1293 6
679 1134 5
679 911 7
679 918 7
680 875 5
680 1207 4
681 1184 7
682 800 7
682 913 4
683 1069 6
684 1120 10
685 1113 5
686 962 6
686 943 2
687 907 7
687 1093 9
687 1102 10
688 991 7
691 1011 5
691 934 1
692 1149 4
694 1206 7
694 1057 9
695 1120 5
696 952 6
697 928 4
697 1128 1
699 948 1
700 1186 6
701 756 7
701 845 6
702 1259 9
705 770 8
705 983 8
706 728 2
706 949 8
707 1110 6
708 1176 6
711 1101 6
711 751 8
711 1014 10
712 901 5
713 1209 3
713 1149 1
714 966 5
714 1150 8
715 864 6
716 1277 10
716 1126 9
717 1233 5
718 1189 4
719 1082 9
721 1160 3
721 821 3
722 786 1
723 994 10
723 740 9
726 1112 3
727 1290 5
730 1176 10
730 1071 3
733 810 5
733 758 8
734 881 8
736 786 5
736 1043 2
737 928 8
737 885 3
740 896 5
740 1121 9
740 899 5
741 1169 3
741 886 1
743 896 10
743 1148 8
743 1004 4
744 849 8
744 855 2
744 1212 3
745 993 5
746 1023 6
748 820 6
748 1078 1
750 769 7
751 1191 6
752 817 8
752 892 2
753 1197 2
757 1099 2
758 1260 3
759 1123 5
761 1044 1
762 781 7
763 1128 5
764 906 7
764 1206 9
764 958 5
766 1000 10
766 1229 5
766 958 2
769 1012 3
770 1281 6
770 978 1
770 1211 9
771 948 3
772 1285 8
776 1187 5
776 936 5
776 972 8
776 850 4
776 818 7
777 1128 3
778 1179 6
780 810 1
781 1077 9
782 1120 10
782 860 4
783 1202 8
786 997 2
787 1027 6
788 1272 6
789 1055 4
790 961 2
790 998 2
792 1242 6
792 966 10
794 843 3
795 1173 1
796 1052 6
797 1137 8
797 871 2
798 1184 3
800 835 6
802 1169 6
802 1210 10
803 829 8
805 907 2
805 1287 7
808 1281 10
808 979 9
808 1071 6
809 990 3
809 918 3
809 991 6
810 1229 1
811 905 5
811 1275 4
812 1273 3
815 1201 2
815 937 7
817 1231 2
818 904 1
819 1040 6
819 1218 3
821 963 4
821 1196 7
822 1278 3
828 1029 8
832 866 2
833 1215 9
834 1150 5
836 900 9
837 1012 8
838 1225 3
841 973 3
841 1086 2
841 1111 4
842 1123 7
842 964 3
844 1149 5
844 862 2
846 1084 10
847 897 7
847 899 10
847 1093 2
848 968 7
849 1163 1
850 869 3
852 1122 8
855 1191 3
857 1238 7
858 1193 5
858 895 3
859 1088 8
860 1230 7
862 1136 5
862 943 7
862 1151 4
864 1229 5
868 890 2
869 1227 9
871 892 3
872 1012 6
873 1216 2
873 1207 6
875 1116 1
875 1214 7
876 1252 7
877 1298 7
877 1255 7
878 948 3
880 1113 9
880 1203 5
881 886 10
883 1183 6
884 1252 7
887 960 5
888 1188 3
890 1091 4
890 942 5
891 1096 3
891 1054 5
892 894 8
893 1016 5
893 1278 1
894 1162 3
896 1066 5
898 1048 7
899 1131 1
900 960 3
901 903 4
903 1129 1
903 1155 5
904 916 2
905 1064 1
905 1198 10
906 1041 6
908 1091 4
909 960 7
909 1285 3
910 1066 10
910 1244 1
912 1217 8
912 1295 4
919 1123 4
920 1021 6
920 1150 3
922 1129 5
923 1235 1
925 1105 3
925 1199 1
926 1239 2
926 1143 6
929 1246 5
929 1191 5
931 949 1
932 1134 1
934 1089 8
938 1242 10
939 1060 8
940 1000 10
940 1097 10
944 1093 7
944 1270 10
945 1204 9
945 1084 8
947 1167 7
949 954 7
954 1258 3
955 1258 1
955 1036 5
955 1127 6
957 1282 2
957 967 8
957 1127 1
958 1037 2
959 1255 3
962 1235 10
964 1187 6
964 1047 1
969 1106 7
969 971 9
972 1025 9
973 1295 2
974 1028 3
976 1252 9
977 1255 6
978 1003 7
978 1029 4
978 1279 3
982 1056 9
983 1208 5
985 1213 5
987 1122 7
987 1065 4
988 1194 10
990 1081 6
995 1117 5
996 1246 1
997 1098 9
1001 1129 8
1003 1165 2
1004 1264 5
1004 1028 5
1004 1109 8
1005 1239 5
1009 1274 3
1009 1022 8
1010 1160 2
1013 1096 6
1013 1294 3
1015 1220 4
1016 1064 5
1016 1288 9
1018 1062 6
1019 1210 7
1019 1021 3
1022 1282 9
1022 1260 7
1023 1249 8
1025 1248 9
1025 1130 5
1026 1094 5
1027 1154 6
1027 1125 4
1028 1063 5
1031 1262 1
1032 1248 9
1032 1043 4
1032 1278 6
1034 1274 6
1034 1047 6
1037 1124 5
1043 1147 7
1044 1058 7
1046 1233 2
1046 1258 5
1046 1297 5
1048 1074 5
1052 1186 5
1052 1251 7
1060 1178 7
1064 1152 10
1066 1082 1
1070 1195 10
1071 1281 1
1074 1258 6
1074 1142 2
1076 1297 6
1076 1127 6
1077 1089 7
1083 1242 6
1085 1128 10
1087 1226 5
1091 1098 1
1093 1094 7
1095 1136 10
1097 1181 10
1100 1252 6
1100 1198 5
1101 1180 3
1102 1221 5
1104 1255 5
1105 1110 10
1109 1249 2
1109 1243 5
1110 1126 7
1111 1142 1
1112 1263 7
1113 1145 2
1114 1292 7
1116 1175 9
1119 1262 2
1121 1191 5
1121 1287 9
1128 1261 5
1128 1236 6
1135 1181 5
1145 1206 10
1147 1169 5
1173 1215 9
1183 1206 5
1198 1260 9
1199 1201 7
1218 1252 1
1222 1227 8
1244 1296 5
1265 1275 3
