0 1236 1
0 1220 6
0 182 4
1 946 9
1 1268 4
3 343 2
3 725 9
3 1534 6
3 751 2
4 1693 8
4 1038 4
4 991 4
5 40 4
6 1025 2
6 11 10
6 1734 7
6 62 7
6 433 10
7 1345 2
7 203 7
8 929 9
8 194 10
8 747 5
8 1388 3
8 1550 3
9 96 4
9 265 10
9 20 2
10 328 10
10 1231 3
11 24 2
11 1169 3
11 1182 7
12 1624 3
12 1764 5
13 1763 6
13 1444 5
13 231 6
14 1202 1
14 659 6
16 165 6
16 326 7
16 1709 1
16 1179 7
16 892 6
16 989 9
16 581 7
17 960 6
17 496 1
17 132 5
18 632 7
18 1415 4
18 1247 5
18 1575 5
19 1649 9
19 245 5
20 1218 9
20 595 3
20 773 9
20 814 7
22 515 5
22 94 9
23 506 5
23 477 4
25 1793 3
25 773 1
25 522 8
25 658 7
25 1592 1
25 185 10
26 236 1
26 676 4
26 1454 9
27 1470 1
28 771 5
28 358 8
28 983 7
28 1751 6
28 55 1
28 31 4
29 1584 3
29 413 9
30 801 6
30 1522 9
31 762 3
31 1315 9
31 478 9
31 243 6
32 772 2
32 661 2
33 584 8
34 402 7
34 1341 1
35 1083 5
35 885 5
35 62 5
36 514 4
36 327 8
36 750 4
36 952 3
36 56 8
36 1534 3
37 1416 3
37 170 6
37 93 3
38 150 3
39 521 4
39 487 4
41 1793 1
41 292 2
42 300 10
42 996 7
44 579 2
44 979 6
45 930 1
45 318 5
46 164 1
47 137 5
48 373 8
51 321 10
52 731 5
53 962 9
53 1219 10
54 893 1
54 1045 2
55 836 8
55 139 2
55 1540 10
55 1529 1
55 602 10
55 1019 9
56 1554 1
56 517 5
57 520 10
59 232 10
59 364 1
59 1270 10
60 961 2
60 1091 5
60 579 8
60 703 6
60 1481 7
61 1257 4
61 140 8
62 1547 7
62 284 4
62 478 1
63 914 7
63 131 3
63 270 4
63 1391 5
64 1769 3
64 1156 5
64 607 7
65 567 9
65 659 4
65 966 10
65 551 7
66 1372 6
66 652 2
66 1189 6
67 499 3
67 1644 5
68 744 1
68 725 6
68 934 10
69 925 5
70 1248 10
70 1346 7
70 1627 2
71 1178 2
72 1690 9
72 1749 7
72 1365 6
72 141 3
73 138 3
73 1287 4
73 111 2
74 1576 1
74 769 6
74 1446 10
75 462 6
76 1696 7
76 145 3
76 176 10
77 1346 1
77 171 5
77 996 6
77 1030 9
77 462 3
78 793 7
78 1194 5
78 1263 7
79 946 1
80 1548 3
81 466 2
82 889 7
82 1194 7
84 408 9
84 106 5
84 1042 2
84 821 6
85 408 2
85 144 1
85 258 8
86 635 10
86 587 3
86 1773 4
87 503 3
88 899 5
89 800 10
89 1551 4
89 391 2
90 355 2
90 692 5
90 251 7
91 928 7
91 737 4
91 356 6
91 982 1
91 1520 3
91 1694 10
91 630 8
91 1598 7
92 1344 1
92 1014 7
92 1671 9
93 1449 2
93 212 3
94 1760 10
94 1427 6
95 1094 5
97 160 10
98 189 10
100 289 1
100 362 2
100 293 7
100 1374 3
100 1133 10
101 761 1
101 303 2
101 1441 5
102 357 5
102 1374 7
103 571 5
104 1486 5
104 1647 8
105 1329 9
105 1715 8
105 429 4
105 910 7
106 1416 6
107 1165 10
108 630 4
108 566 4
108 1126 10
108 174 9
108 783 1
109 256 4
109 1729 6
109 266 2
109 629 7
109 348 7
109 479 3
110 389 8
111 302 3
111 511 3
112 1574 8
112 414 7
113 1568 4
113 898 10
114 680 7
114 673 8
114 734 10
115 234 1
115 495 8
115 247 6
116 1234 9
116 1043 7
116 1732 4
116 923 6
117 1036 10
118 1697 3
119 251 10
119 661 3
119 1430 5
120 1185 5
120 1786 5
120 1196 4
120 1125 7
121 210 8
122 516 6
123 1683 6
123 1046 9
124 187 8
124 1660 4
124 694 6
125 1236 8
125 973 2
125 1431 7
126 161 4
126 1001 1
126 1591 1
126 496 2
126 745 8
126 1306 4
127 993 6
127 1202 4
127 1687 10
128 811 9
128 190 3
128 327 8
129 1168 5
129 1221 10
129 1502 7
130 740 9
130 1293 1
131 899 7
131 1524 6
132 1322 6
132 1372 10
133 208 3
133 1780 10
133 1716 9
133 558 1
134 1538 3
136 800 3
136 1444 3
136 562 2
136 1796 2
137 882 7
139 481 2
139 1566 9
140 377 8
140 162 3
141 1043 1
141 453 4
142 1056 7
142 1666 10
142 1607 2
143 768 6
143 1253 4
143 1261 5
143 1070 6
143 1552 1
143 402 7
143 312 9
144 1681 8
144 567 10
144 1175 6
145 879 3
145 662 2
145 1279 6
146 1345 5
146 1488 2
146 657 6
146 1142 1
146 413 7
146 702 2
147 1778 3
147 151 9
148 193 6
148 1498 3
148 1268 1
149 1325 5
150 436 5
150 1554 3
150 1788 2
150 338 1
151 1320 3
151 1529 2
151 402 3
151 592 5
152 761 2
152 1219 3
152 1422 8
152 1134 1
153 1008 4
153 464 5
154 174 4
154 638 8
154 1367 9
155 1705 6
155 843 4
155 940 2
155 1775 4
156 1624 2
156 426 5
156 1299 9
157 1713 7
157 910 3
158 385 9
159 383 1
159 1759 9
159 639 3
160 726 3
160 342 8
160 535 2
163 1391 2
163 1159 5
164 1218 2
164 813 2
165 1018 10
167 601 4
167 1598 10
167 1142 4
168 171 4
169 1368 1
169 950 5
170 1105 10
171 1059 1
171 619 9
171 701 6
172 1728 3
172 1543 6
173 1014 10
173 1750 1
174 1309 2
175 937 4
175 274 6
175 1532 5
175 485 7
177 472 9
177 442 10
177 213 6
177 1526 6
177 821 1
178 627 10
178 1630 6
179 1726 6
179 1215 9
180 646 8
180 927 10
181 593 7
181 362 4
181 1199 9
182 1216 2
182 824 4
183 720 5
183 1574 8
184 1370 7
184 1349 7
185 218 4
185 1643 10
186 1110 10
186 1126 7
186 522 6
186 1589 7
186 1014 3
186 1274 7
187 1501 10
188 935 9
190 217 4
190 1098 9
190 1461 6
191 1017 1
191 1231 7
192 727 4
193 1053 2
195 1793 6
196 555 7
196 1742 8
197 1276 6
198 554 9
198 516 5
198 727 4
199 706 2
199 1628 10
199 1245 3
199 1607 10
201 585 5
201 468 8
202 531 3
202 1031 3
203 1784 1
203 1144 4
203 509 7
204 594 4
204 1259 9
205 898 6
205 1220 5
205 1295 6
207 1418 2
207 887 5
208 1612 3
208 1079 4
209 1491 5
209 324 2
209 1606 2
210 993 1
210 659 1
211 1573 2
213 1651 7
213 1061 4
214 912 10
214 1242 7
214 343 3
215 561 3
216 554 2
216 963 10
216 946 10
217 525 3
217 847 8
218 752 2
218 1222 10
219 313 6
219 706 1
219 1135 1
220 1640 8
220 289 2
220 363 7
220 1080 4
220 327 5
221 554 10
221 1348 6
221 583 8
222 680 4
222 580 5
222 614 9
223 1538 6
223 1211 6
223 1445 6
223 863 3
224 1664 2
225 1408 3
225 1210 1
225 1132 8
226 964 8
226 1295 3
227 1473 5
227 1426 2
227 1430 7
229 481 8
230 886 4
230 471 1
231 665 6
231 827 9
231 780 5
231 1771 2
232 445 8
233 1600 10
235 1363 8
235 684 6
235 941 5
236 451 6
236 1564 7
237 1187 10
237 589 6
238 493 7
239 1247 3
240 1389 9
240 1157 1
240 559 6
242 1754 7
243 636 4
243 341 4
244 1744 9
244 569 3
245 960 4
245 1003 5
245 1564 9
247 1387 7
247 1042 1
247 1542 7
248 1531 3
249 803 5
249 587 5
249 1157 5
250 1499 6
251 380 9
251 316 2
252 1030 4
252 503 9
253 722 1
253 1227 8
253 382 4
254 579 2
254 741 3
255 1154 10
255 334 1
257 1323 1
257 1266 1
257 1395 2
257 636 2
258 1501 6
259 1538 7
259 891 4
259 1411 6
259 1759 1
260 1323 9
260 1670 3
261 848 9
261 1410 8
262 1584 4
262 720 2
262 735 9
263 1684 10
264 984 3
264 1332 4
265 1210 3
265 660 9
265 989 4
265 414 6
266 1305 8
267 1443 6
267 1247 4
268 386 9
268 1646 7
270 1435 7
270 405 5
271 953 4
271 850 9
271 361 8
272 1561 6
273 791 2
273 1787 8
273 1779 6
273 1535 7
274 417 4
275 855 5
276 1068 1
277 464 4
277 1537 7
277 814 4
279 1045 10
279 1542 4
280 1320 3
280 1575 10
281 1797 8
281 458 6
281 1326 6
281 592 9
281 756 7
281 494 3
282 925 7
283 1736 1
283 588 2
283 332 2
283 1301 7
283 327 4
284 659 2
284 755 5
285 1726 1
287 960 7
287 921 4
287 818 4
287 1389 1
288 872 3
289 355 7
289 729 4
292 513 7
292 391 6
292 1672 4
292 554 9
292 470 3
293 840 4
293 736 9
293 986 9
296 1004 8
296 775 10
297 1224 9
298 1604 1
298 581 6
298 1157 5
299 1060 5
299 973 10
300 1152 9
301 1045 8
302 1377 6
302 1596 7
304 441 5
304 892 8
304 1223 4
305 1496 6
305 588 9
305 1436 10
307 1377 8
307 650 5
308 867 8
308 319 6
309 530 10
309 323 3
310 1244 4
311 770 10
311 1396 2
312 1654 3
314 1225 5
314 763 10
314 485 9
314 1198 9
316 1640 7
316 1750 6
316 519 10
317 862 3
318 1799 8
319 578 5
319 611 5
320 1553 2
320 586 9
320 810 5
321 1624 2
321 761 2
321 420 5
322 386 3
322 711 6
323 1136 3
323 586 5
323 1694 9
324 983 7
324 940 2
324 1007 9
325 1603 1
326 336 5
326 1029 3
328 607 3
329 692 5
329 1717 1
330 1552 3
330 1507 1
331 578 8
331 573 3
332 1752 4
332 1417 7
332 730 10
332 564 10
333 586 2
334 450 1
334 1587 7
334 1108 3
334 922 1
335 1616 7
335 1692 3
335 1525 10
335 1502 4
336 1604 7
336 966 5
336 1329 3
336 1400 9
336 635 8
337 1115 6
337 1179 6
338 1560 1
338 881 8
338 341 10
339 1347 3
340 1629 7
340 1270 2
341 1194 10
341 684 8
341 718 9
341 1660 3
342 472 7
342 1709 2
343 1132 7
345 1103 3
345 863 8
345 1045 5
345 1687 4
346 793 1
346 475 4
347 1217 8
347 972 10
348 771 3
348 1574 1
350 1448 6
350 1635 2
352 776 9
352 1177 7
352 947 2
352 700 10
352 1544 10
353 1327 9
354 449 10
354 1690 5
354 377 8
354 1791 6
355 803 3
355 973 7
355 1389 3
355 1534 7
356 783 9
356 1225 3
356 628 2
356 1391 3
357 486 1
358 455 5
360 533 1
361 1538 9
361 934 4
362 696 6
362 1008 7
362 1209 6
363 1266 6
363 1469 7
363 831 3
365 1505 9
365 1757 10
365 1611 8
365 1781 8
365 719 3
366 1230 9
366 1507 2
366 894 4
366 966 2
367 678 4
368 968 1
368 932 3
368 1358 5
369 1793 2
369 813 5
370 1228 7
370 1357 7
370 1134 10
371 889 2
371 1250 10
373 1056 9
374 1707 10
374 1524 8
374 918 4
374 1151 6
375 558 4
376 1369 5
376 1003 1
376 1501 2
376 919 3
378 693 4
379 392 7
379 762 9
379 1143 4
381 800 4
381 541 10
381 958 2
382 1427 2
382 847 4
383 981 7
383 638 2
384 936 4
384 1685 4
385 682 3
385 1053 7
386 890 7
386 597 5
387 817 5
387 1258 8
387 1435 9
387 605 6
387 557 6
388 748 1
388 722 7
388 1316 6
389 914 5
390 1328 7
390 1060 2
391 1015 6
392 1401 1
392 1273 9
393 612 1
394 595 5
395 401 6
395 468 2
395 1349 10
395 909 7
397 738 8
397 520 8
397 1355 4
397 1233 6
397 820 7
397 436 6
397 473 10
398 864 8
399 671 1
400 872 6
400 735 3
400 1397 3
400 1319 1
401 579 4
401 836 4
401 613 7
401 679 5
401 428 7
401 727 8
401 568 5
401 762 6
401 1468 8
402 1749 4
403 857 7
403 1530 5
403 957 3
404 678 10
405 768 3
405 625 1
405 1667 4
406 1594 1
406 1082 10
407 507 6
407 1693 4
409 1328 8
409 1291 2
409 1412 7
409 1439 6
410 1443 6
411 1363 10
411 1421 3
411 1191 1
412 882 3
413 521 8
413 1181 6
413 1597 2
413 988 6
414 1608 9
414 1074 5
414 1266 1
414 1461 8
414 1525 2
415 1255 5
416 603 9
418 1291 3
418 1288 6
418 1235 8
419 1520 1
419 1447 2
420 1115 8
420 755 6
421 907 5
421 476 2
421 773 9
421 1294 6
422 761 3
422 445 1
422 623 5
423 1528 7
423 554 10
423 1348 7
423 1458 6
424 751 2
425 1424 5
425 1377 7
425 1358 4
425 1191 2
426 874 9
427 662 10
428 1264 7
428 1676 1
430 1277 1
432 946 10
432 876 6
433 1505 10
433 715 10
433 1724 5
433 685 5
434 1373 2
435 897 10
435 1123 3
435 1470 2
438 740 6
438 1062 7
439 1026 6
440 581 2
440 1032 8
440 1489 9
440 1619 9
440 1084 1
440 1405 6
441 1066 9
442 1239 6
443 1168 3
443 1121 9
444 808 9
444 1008 9
445 754 5
446 1690 9
446 1707 8
446 1340 7
447 1258 8
447 683 5
448 1249 3
448 706 9
448 1639 9
448 1290 3
448 843 7
448 527 7
448 1779 3
448 1436 7
449 1584 4
449 996 4
449 702 4
451 1208 9
451 610 5
452 1596 7
453 1181 4
454 1623 2
455 1544 2
455 1123 1
456 653 5
457 1648 3
457 1034 10
458 480 10
458 1550 8
459 1736 3
459 1196 7
460 723 1
460 837 2
461 1471 5
462 1368 6
462 698 7
462 1549 10
463 537 9
463 1275 5
463 747 6
464 634 9
464 1754 2
465 1473 9
465 1214 10
466 672 8
466 1301 1
466 910 5
466 758 9
467 570 3
467 1140 3
467 778 10
467 534 10
469 1745 7
469 1538 3
469 710 1
470 1122 8
470 1243 9
471 1660 6
471 1366 8
472 1316 5
472 1249 7
473 1540 1
473 719 8
475 1601 3
475 973 4
476 1523 3
477 905 5
477 993 1
477 860 5
477 1609 10
479 1712 2
479 1770 4
480 1760 6
480 1073 3
481 836 3
482 897 5
482 819 6
483 552 9
483 1384 8
483 733 6
484 1531 6
484 1781 7
484 583 1
485 669 4
485 839 6
486 822 7
487 1016 1
487 1267 2
488 1616 6
488 1787 6
488 716 1
488 1126 9
489 960 9
489 801 2
489 605 5
490 1632 4
491 827 8
491 1780 1
492 1212 6
492 735 8
492 892 7
492 1705 6
493 742 7
493 741 3
494 1544 10
494 1436 3
494 892 10
495 507 9
496 881 4
496 886 5
496 1758 5
497 1409 5
499 1315 3
501 944 4
501 1636 9
501 1565 7
504 795 3
504 1067 1
504 1150 7
505 1492 6
505 1605 4
505 1286 10
506 664 3
506 1574 7
507 1026 1
507 867 10
507 1348 6
507 646 5
507 870 8
508 1776 5
508 1009 5
508 1642 2
508 1573 6
508 1718 9
509 1778 10
509 878 5
511 640 2
511 1002 4
513 749 7
513 1414 6
514 1121 7
514 1409 2
515 1664 2
515 773 3
515 1487 9
516 595 8
516 1468 6
516 751 5
517 1080 1
517 852 5
522 1164 2
523 1526 8
523 1167 2
525 699 4
527 547 4
528 1106 5
528 1582 2
529 1119 9
530 1268 3
531 897 9
531 655 3
532 808 4
532 1528 2
532 1439 7
533 1320 4
534 1465 5
534 1125 8
535 1010 7
536 1282 6
536 852 1
536 1381 1
537 735 2
538 1344 6
538 692 3
542 696 9
542 823 2
543 722 3
543 859 7
543 623 4
545 1106 3
545 1404 3
546 1395 1
547 1009 9
548 1080 9
548 838 7
550 1345 1
550 1452 2
551 984 6
551 1667 10
551 1478 3
552 689 6
552 682 2
552 1562 4
552 1129 10
553 1616 2
553 636 4
555 688 10
555 1147 7
555 1085 6
556 1032 6
557 1536 8
557 929 10
559 791 7
560 1075 4
561 737 8
561 1597 2
561 1681 6
562 1091 5
562 1476 3
562 1149 3
563 952 3
563 656 10
563 1459 9
564 1133 9
567 677 9
568 1144 1
568 707 10
568 939 2
568 1214 1
569 934 4
571 1321 5
571 899 9
572 608 7
572 1292 7
574 1465 4
574 1363 1
574 1572 2
575 1577 5
575 587 10
575 1180 8
576 869 1
577 1362 10
578 1379 7
579 1746 8
579 1627 7
580 1374 2
580 1359 6
582 1600 5
582 1149 10
582 878 5
582 1183 3
584 1004 6
585 1118 6
585 1150 1
586 1603 1
587 992 4
587 904 9
588 811 2
588 655 2
588 1745 6
588 633 5
589 948 8
591 1745 2
592 1016 2
592 1122 3
592 974 7
593 1425 1
593 1132 6
594 1312 10
594 1102 10
595 1568 5
595 882 9
595 1722 8
595 1278 2
596 1575 3
597 1120 2
597 833 10
597 1587 6
598 1765 7
598 1239 10
599 807 5
600 1531 9
601 981 1
601 1693 3
602 1608 5
603 1664 8
603 1754 4
603 1643 9
603 1092 5
605 1215 5
606 1245 10
607 1776 2
607 1477 8
607 1230 10
607 1296 1
608 1529 7
609 979 3
609 660 1
609 1311 9
610 650 2
610 620 5
611 1259 2
612 1739 4
612 1303 5
614 1161 2
616 650 4
617 1624 9
617 1059 7
617 1388 5
617 767 5
618 904 5
619 715 6
620 952 6
620 1210 2
621 689 4
621 1718 1
622 1112 1
622 1529 1
623 899 8
625 1022 3
626 1634 9
628 784 4
628 1284 2
628 1668 6
628 1271 2
629 1792 8
629 834 3
629 870 8
630 1234 8
630 670 1
631 1761 9
631 993 7
632 1210 5
632 686 5
633 1675 1
634 1663 2
636 1224 6
636 878 6
636 978 5
636 1082 10
637 901 3
638 1631 6
638 1519 8
640 1756 10
640 1251 9
640 1220 2
640 1246 5
642 902 1
643 1650 9
644 1034 4
645 1536 5
645 1615 10
646 1196 8
646 677 1
647 940 3
647 791 5
648 658 9
649 1234 3
649 1211 1
650 1585 1
650 927 6
651 1045 10
651 1270 9
653 825 10
653 1060 3
653 1087 4
654 889 4
654 910 4
654 1753 9
655 973 7
656 928 8
656 1554 8
656 1429 7
656 1727 8
657 1705 9
658 660 4
659 1624 9
660 1388 5
660 1261 7
660 1790 3
662 1154 9
662 1707 2
662 805 5
664 1517 5
665 1683 3
667 1250 7
667 692 10
668 1315 3
669 1351 5
669 1095 2
671 1017 10
671 1495 4
672 1080 2
673 1432 2
674 1235 9
674 917 7
674 1095 1
675 1229 2
676 1121 10
676 787 9
676 724 2
676 1656 3
676 1594 8
678 1599 5
678 743 5
678 774 10
679 1184 1
680 946 6
681 1665 7
682 1498 8
684 884 9
685 1216 4
686 1136 9
688 808 5
689 1402 8
690 1024 10
691 1380 7
693 1005 10
694 1482 9
694 743 10
695 704 5
695 769 4
695 1459 8
695 1543 10
696 1069 9
697 1301 9
697 1053 8
698 1578 4
698 739 5
699 851 8
700 1658 8
700 756 5
701 760 9
701 1338 3
702 1539 10
702 1647 9
703 965 9
704 1356 10
704 1270 1
705 841 7
705 1076 1
706 1091 7
706 1258 3
706 1041 2
706 822 5
707 1565 1
708 1339 6
708 999 4
711 1738 1
711 1259 10
711 1054 1
712 1212 8
715 784 2
715 1182 9
715 1607 7
716 1272 5
717 1688 3
717 1581 2
718 1382 10
719 814 5
722 1480 4
722 748 7
722 751 5
723 1144 1
723 1077 4
724 1527 7
725 1491 5
725 907 2
726 1184 6
726 1586 7
726 934 8
726 1510 1
727 1319 5
727 1516 3
727 1294 3
728 1211 6
729 1577 10
729 951 1
730 1127 5
731 818 5
731 1786 9
731 1510 8
731 815 8
732 1073 3
733 825 5
733 868 3
733 1719 6
734 1541 8
739 1365 6
744 1421 2
744 1398 6
744 1527 6
747 1516 2
747 1212 10
748 1678 9
749 1427 6
749 1284 2
749 1757 10
750 1443 6
752 1385 3
752 1047 3
753 1741 8
753 1046 10
754 1799 4
755 1504 3
758 1770 8
758 950 8
759 985 10
759 1555 2
760 873 2
762 1216 2
762 1539 10
762 1256 1
762 1131 6
762 1597 4
764 1633 7
765 1297 10
767 1219 1
768 941 3
770 1498 9
771 1025 2
773 1027 4
776 1622 10
778 1708 4
779 788 10
780 1090 2
781 1218 2
783 1072 5
783 1484 10
783 1283 10
784 1674 10
784 1245 9
785 1667 8
785 1463 6
786 1368 1
786 1326 2
787 1737 10
790 1647 7
791 1114 8
793 1017 10
795 1200 5
796 1591 5
797 1400 10
797 919 1
798 1530 2
798 1163 10
799 1609 7
799 1397 4
799 957 5
800 1136 2
800 1429 1
802 1232 2
802 1608 1
802 942 7
803 1364 3
803 1577 3
804 1480 3
804 1722 10
806 1040 2
806 963 7
808 1743 2
808 824 2
808 1263 3
810 1508 3
810 1773 6
810 1455 10
811 1542 4
811 1001 6
811 1653 4
811 891 7
812 886 10
818 823 2
819 1632 6
820 838 9
822 1612 1
824 1189 5
826 1346 6
826 827 4
826 1765 1
827 1516 6
827 1204 8
828 1066 8
828 1622 1
829 1361 8
831 1745 9
831 1062 1
832 1043 3
834 992 2
834 1730 10
835 1205 10
836 1612 1
837 1139 6
838 1376 10
839 1798 6
840 1344 6
840 1105 4
840 1334 8
841 1625 2
841 1575 4
842 1607 9
843 1396 4
844 1144 4
844 1415 7
845 1641 10
846 1497 10
847 1776 3
847 1294 7
848 896 10
848 1149 10
848 1645 6
850 1745 1
851 1484 5
852 1012 4
853 1449 9
853 1302 8
854 1683 7
854 1020 9
855 1704 4
856 1385 5
856 892 1
857 988 1
857 1269 7
859 1065 8
860 915 1
860 895 7
861 1017 9
862 1477 1
862 1662 1
862 901 9
863 883 8
863 873 9
864 1346 3
865 1553 5
867 1286 10
867 1096 10
867 886 6
867 1530 9
868 1719 8
868 1727 2
870 1465 5
872 1212 5
872 1644 7
873 1300 10
874 1694 4
875 899 2
875 1125 5
876 1134 8
878 942 7
879 1168 6
879 1732 3
881 1595 4
882 1591 7
882 1149 8
882 1599 6
883 1694 3
884 1644 10
885 1742 10
885 1718 9
887 1276 1
888 1361 3
890 1663 2
891 1479 3
892 1485 3
893 1464 2
893 1718 9
893 1303 2
894 1674 4
895 929 7
898 1647 9
899 1563 5
900 1706 9
901 1752 5
901 1150 4
902 1165 3
904 936 8
904 1745 1
905 961 3
905 1486 1
909 1224 4
909 1017 2
910 1351 5
910 1199 9
912 1400 9
912 1232 4
912 1015 8
915 1768 2
916 1582 3
917 1377 10
917 1495 8
920 1623 3
921 1364 2
921 1389 2
922 1692 5
922 1559 7
923 1686 1
924 1287 9
925 975 10
926 1733 5
927 948 3
927 1455 1
928 1426 9
928 1667 1
928 1687 5
929 1091 6
932 1694 9
933 1360 10
933 989 6
934 1720 4
935 1511 4
936 1318 2
936 1771 7
936 1392 3
936 951 1
936 1722 7
937 1186 6
938 1407 5
940 1758 6
941 1024 6
941 1651 8
941 1423 7
942 1404 7
943 1122 1
944 1552 5
944 1561 10
944 1267 2
944 1164 1
945 1155 7
945 1573 2
946 980 3
947 1002 9
947 979 6
947 1173 10
948 1611 6
949 1068 2
949 1327 7
952 1623 10
953 1652 5
953 1653 7
957 984 4
958 1648 2
959 1486 5
960 1032 2
961 1359 6
962 1314 9
963 1128 3
963 1453 1
964 1407 7
965 1241 10
965 1335 6
966 1420 2
968 1029 7
969 1494 1
971 1589 3
971 1783 2
972 976 3
974 1171 1
974 1743 7
975 1376 3
975 1399 3
977 1394 3
977 1780 8
977 1101 10
980 1520 3
982 1712 5
983 1397 10
985 1135 8
986 1667 2
988 1409 1
988 1620 2
989 1765 8
990 1355 10
991 1048 2
991 1748 2
991 1278 9
992 1456 8
992 1328 9
993 1734 2
994 1662 1
996 1755 3
999 1365 8
999 1191 9
1002 1077 8
1003 1148 9
1003 1189 6
1005 1243 9
1006 1577 5
1006 1235 7
1008 1575 3
1008 1627 3
1008 1226 8
1009 1022 10
1009 1719 9
1011 1707 9
1011 1492 1
1012 1440 5
1012 1271 4
1012 1759 7
1013 1034 6
1014 1786 3
1014 1678 1
1016 1600 5
1016 1019 2
1016 1182 2
1017 1080 10
1018 1264 3
1018 1601 6
1018 1738 2
1018 1066 6
1019 1103 10
1020 1745 3
1020 1517 1
1021 1214 10
1023 1712 2
1023 1538 4
1023 1211 7
1024 1465 10
1025 1586 5
1025 1580 9
1026 1161 7
1027 1770 10
1027 1614 7
1029 1320 6
1029 1139 5
1030 1740 10
1030 1675 7
1031 1433 4
1031 1762 1
1031 1102 4
1032 1078 1
1033 1503 8
1034 1231 5
1036 1755 7
1037 1222 6
1038 1441 6
1038 1066 6
1038 1207 6
1039 1772 9
1040 1350 5
1041 1521 8
1041 1767 10
1044 1252 1
1044 1374 7
1046 1188 5
1047 1341 3
1049 1637 9
1050 1245 4
1050 1197 6
1052 1132 7
1053 1672 7
1053 1737 8
1053 1261 4
1054 1417 10
1057 1290 7
1063 1349 6
1064 1754 4
1064 1535 6
1067 1464 3
1067 1284 1
1068 1500 2
1070 1468 1
1070 1118 6
1071 1570 9
1072 1543 7
1073 1376 10
1073 1315 7
1074 1280 8
1077 1645 2
1078 1779 4
1081 1351 6
1082 1233 10
1082 1197 3
1083 1629 7
1086 1129 3
1086 1261 6
1087 1395 6
1088 1282 3
1089 1192 5
1089 1338 6
1089 1445 10
1091 1668 8
1091 1510 7
1092 1098 7
1092 1491 4
1092 1093 5
1093 1569 3
1095 1743 7
1096 1595 8
1096 1687 10
1096 1239 7
1098 1166 2
1099 1788 5
1100 1718 9
1101 1217 6
1101 1477 4
1101 1789 4
1103 1511 4
1105 1376 9
1105 1790 3
1106 1376 9
1106 1414 10
1107 1550 10
1110 1194 5
1110 1523 8
1115 1234 6
1116 1368 10
1118 1553 3
1118 1465 9
1119 1122 4
1121 1426 9
1121 1639 9
1123 1569 2
1123 1519 2
1124 1573 7
1125 1696 5
1125 1165 7
1126 1707 2
1127 1619 6
1128 1265 6
1128 1411 7
1130 1571 5
1131 1706 10
1131 1374 8
1132 1714 2
1133 1496 3
1134 1744 9
1134 1359 10
1136 1573 7
1136 1484 8
1136 1629 1
1137 1776 8
1139 1146 1
1140 1524 9
1140 1468 2
1140 1171 10
1141 1171 6
1141 1149 7
1141 1487 4
1142 1577 2
1143 1685 1
1143 1759 1
1144 1155 7
1145 1793 1
1148 1152 8
1150 1258 10
1151 1518 10
1151 1342 9
1151 1702 5
1152 1333 1
1153 1546 5
1153 1679 9
1156 1398 8
1158 1606 6
1161 1698 10
1162 1293 7
1163 1610 10
1164 1549 4
1165 1282 10
1165 1266 2
1175 1525 2
1177 1677 5
1181 1565 10
1182 1424 8
1185 1642 8
1185 1469 1
1186 1544 3
1186 1784 6
1186 1599 6
1188 1701 5
1188 1693 7
1189 1510 10
1193 1777 6
1194 1770 7
1194 1398 5
1194 1467 8
1199 1268 10
1201 1421 2
1203 1313 4
1203 1653 3
1204 1671 6
1205 1602 6
1207 1576 3
1208 1536 9
1208 1218 2
1212 1372 3
1214 1371 5
1214 1237 3
1215 1278 2
1218 1311 9
1219 1281 8
1220 1246 6
1221 1379 1
1226 1495 2
1228 1478 9
1230 1380 6
1232 1592 10
1232 1571 8
1233 1593 4
1233 1748 3
1234 1314 3
1234 1605 1
1235 1641 3
1237 1657 9
1241 1329 4
1243 1297 9
1244 1316 6
1247 1793 7
1247 1493 1
1256 1429 10
1257 1783 2
1260 1575 1
1264 1297 1
1264 1393 5
1269 1603 4
1271 1388 2
1272 1512 1
1275 1625 3
1275 1367 1
1279 1601 9
1282 1472 9
1282 1397 6
1283 1432 10
1283 1343 9
1287 1364 2
1292 1597 3
1293 1479 5
1295 1367 10
1297 1410 8
1299 1611 3
1300 1574 7
1305 1788 2
1309 1337 1
1310 1391 9
1311 1369 4
1312 1762 4
1312 1354 3
1314 1376 1
1314 1724 1
1315 1640 9
1321 1371 4
1325 1536 10
1325 1351 6
1326 1585 3
1329 1730 10
1330 1425 1
1330 1730 3
1330 1388 8
1334 1563 4
1334 1732 3
1339 1552 3
1341 1363 6
1342 1453 3
1344 1647 10
1347 1695 5
1350 1380 7
1350 1502 3
1351 1734 2
1351 1401 5
1352 1673 5
1352 1610 5
1354 1572 1
1357 1687 2
1361 1380 1
1363 1547 4
1371 1546 1
1371 1762 8
1372 1445 6
1372 1777 7
1372 1530 2
1372 1403 9
1373 1757 2
1375 1393 5
1376 1675 1
1376 1402 1
1379 1665 3
1379 1788 6
1380 1792 4
1383 1603 6
1386 1698 3
1386 1548 3
1387 1577 8
1387 1623 1
1388 1681 7
1388 1778 2
1390 1430 6
1392 1796 6
1394 1650 3
1395 1527 1
1395 1732 1
1397 1705 5
1400 1435 4
1401 1571 3
1403 1642 6
1404 1504 9
1404 1440 9
1407 1485 2
1408 1433 4
1415 1642 8
1417 1714 1
1418 1551 7
1420 1652 4
1423 1482 5
1423 1660 8
1424 1632 5
1429 1673 6
1430 1514 5
1432 1625 7
1432 1730 1
1432 1628 2
1437 1524 6
1437 1629 2
1439 1737 7
1440 1764 5
1440 1461 2
1442 1720 4
1445 1532 5
1450 1539 2
1451 1671 4
1455 1792 9
1455 1682 6
1456 1597 2
1457 1547 4
1458 1642 7
1459 1592 8
1466 1562 9
1469 1624 3
1471 1655 4
1473 1538 6
1476 1758 6
1483 1503 7
1484 1549 9
1486 1558 6
1492 1759 9
1495 1744 1
1499 1577 9
1502 1514 4
1505 1566 10
1506 1568 1
1515 1721 9
1516 1577 1
1521 1679 2
1534 1786 2
1534 1690 4
1544 1702 9
1544 1725 2
1545 1594 8
1547 1620 3
1547 1759 5
1548 1612 6
1549 1776 6
1551 1680 7
1554 1555 5
1556 1590 3
1559 1675 6
1560 1767 8
1568 1727 9
1569 1755 7
1569 1575 1
1575 1595 9
1577 1635 1
1580 1666 9
1581 1704 3
1581 1700 4
1581 1670 9
1585 1791 7
1586 1785 10
1587 1681 5
1587 1773 5
1592 1716 10
1593 1642 4
1596 1781 9
1603 1683 5
1604 1637 7
1613 1635 2
1619 1731 7
1620 1687 1
1622 1788 2
1633 1796 1
1634 1705 3
1634 1709 7
1634 1797 10
1641 1727 5
1644 1751 10
1647 1733 6
1647 1738 8
1649 1764 1
1672 1755 6
1677 1710 4
1680 1744 6
1681 1739 9
1685 1716 6
1690 1728 6
1692 1798 2
1696 1721 1
1704 1746 4
1709 1760 7
1713 1737 1
1716 1730 1
1721 1751 8
1737 1777 2
1750 1770 5
1751 1794 3
