0 59 2
0 764 8
1 1057 8
1 324 6
2 328 9
2 1003 5
3 688 1
3 909 2
3 1007 6
4 848 5
4 668 8
4 540 3
4 293 7
4 503 6
5 1097 5
5 1083 7
5 318 7
6 890 1
6 671 4
7 362 5
7 918 3
8 614 4
8 813 10
8 628 6
8 1076 10
8 475 5
8 702 3
9 890 3
9 235 8
9 282 3
10 1004 2
10 397 5
10 166 2
11 344 7
11 1038 8
11 347 4
11 37 4
11 350 3
12 107 5
12 787 10
12 407 2
12 381 5
12 263 3
13 696 1
13 771 7
13 173 2
13 533 6
14 637 5
16 217 9
17 889 10
17 834 7
17 19 4
17 1015 7
18 819 6
18 772 6
18 261 2
19 140 10
19 1030 6
19 222 8
20 642 2
20 1036 8
21 797 3
21 581 7
22 360 6
22 98 5
22 915 2
22 412 3
23 345 3
23 292 3
23 455 2
24 677 7
24 278 6
26 90 4
26 594 7
26 119 3
27 196 5
27 580 3
27 886 9
28 845 9
28 894 4
29 696 8
29 504 8
30 203 10
31 665 7
31 613 9
31 469 2
32 679 2
33 880 5
33 875 4
34 219 4
35 701 3
35 1038 3
35 509 7
35 179 1
35 1084 2
35 413 6
36 57 1
36 115 5
36 284 9
36 575 3
37 49 1
37 155 8
37 966 4
37 55 10
38 569 5
38 355 7
38 884 5
38 765 3
39 1032 3
39 1074 7
40 685 6
41 878 4
41 86 2
41 718 5
41 519 8
43 984 3
43 732 1
43 1075 7
43 580 5
44 225 5
44 548 6
44 1036 1
44 47 7
46 569 5
47 880 4
47 939 7
48 252 6
49 522 9
49 495 10
50 720 7
50 951 8
51 88 10
51 304 4
52 435 10
52 548 4
52 981 5
53 555 8
53 716 7
53 973 6
54 256 9
54 243 1
54 271 8
55 1032 1
55 236 2
56 585 8
56 478 10
58 850 6
58 420 9
59 220 1
59 949 6
61 864 3
61 108 2
62 1042 3
62 959 4
63 379 8
63 908 5
64 488 4
64 631 6
64 917 10
64 878 5
64 1007 3
65 295 3
65 877 1
65 333 2
65 850 9
65 373 4
65 1039 10
66 394 6
68 965 1
69 324 2
69 371 10
69 484 8
69 423 3
70 106 2
71 417 4
71 1030 1
71 423 2
71 617 9
71 1009 8
71 121 5
71 986 10
71 1085 9
73 620 7
74 1083 1
74 1058 10
74 507 10
75 207 7
76 1008 8
76 926 10
76 742 1
76 125 7
77 729 10
77 884 10
77 525 6
78 1033 1
78 1044 10
79 577 5
79 699 4
79 709 1
79 159 2
80 815 7
80 557 5
80 463 3
81 1048 7
81 297 3
81 342 1
82 344 5
82 220 6
82 790 6
82 198 2
82 437 1
83 91 3
83 213 3
84 810 3
84 189 1
84 567 5
85 920 4
85 156 8
85 934 9
86 104 8
86 1079 6
87 825 6
87 916 8
88 360 7
88 175 7
89 670 10
91 919 10
92 613 7
93 369 1
94 527 5
95 995 9
95 1062 2
96 850 1
96 738 2
96 406 3
97 667 8
97 556 1
97 1046 10
97 598 2
98 1094 2
100 620 10
100 222 8
101 317 2
101 351 9
102 161 8
102 580 10
102 421 7
102 372 10
103 766 1
104 168 3
104 838 2
105 220 1
106 407 10
107 578 10
107 278 1
108 616 9
108 905 10
110 1029 4
110 1086 3
111 407 3
112 1089 1
113 1009 8
113 554 4
113 553 2
114 514 1
115 396 5
116 712 7
116 553 8
116 684 3
116 620 2
117 240 7
118 768 9
118 1011 3
119 1040 5
119 314 10
119 463 5
120 346 8
121 423 2
121 307 4
121 261 10
121 783 1
122 913 10
122 687 9
124 890 10
126 840 6
126 183 4
126 150 6
126 711 3
127 448 8
127 651 3
129 666 1
129 358 3
130 337 4
130 395 4
130 974 8
131 705 7
131 815 4
131 252 10
131 231 7
132 1024 8
132 457 9
132 242 6
132 850 1
132 785 3
133 225 8
133 410 2
134 380 9
134 925 4
134 895 5
136 1090 10
136 935 4
137 468 8
137 260 1
137 777 2
138 316 7
138 461 5
139 171 7
140 515 5
140 1035 6
140 922 9
141 984 3
141 1026 6
141 643 2
141 278 2
141 1014 2
142 864 10
142 627 1
142 732 2
143 371 9
143 647 9
144 160 4
144 876 8
144 228 5
145 759 2
146 392 9
148 866 5
148 461 6
148 342 4
149 304 1
149 548 1
149 717 2
149 839 10
152 539 3
152 261 4
153 969 6
153 410 8
154 936 7
154 703 10
155 683 9
156 642 5
156 819 4
156 963 1
157 507 1
157 293 3
157 558 5
158 1045 5
159 546 2
159 967 5
159 586 10
159 1067 6
159 514 7
159 404 5
159 571 3
160 807 10
160 1002 4
160 305 9
160 562 3
160 887 9
161 618 9
161 364 10
161 527 6
161 208 7
161 185 5
162 569 5
162 820 1
162 989 4
162 454 3
163 979 3
164 330 1
164 773 3
165 929 2
165 853 1
166 738 2
166 1014 7
168 319 9
168 1019 9
168 423 10
169 992 1
169 1028 5
169 328 2
169 940 1
169 1069 2
169 913 1
170 529 9
171 880 3
171 989 4
171 943 3
172 832 4
172 297 8
172 532 2
173 408 1
173 266 10
174 1090 9
174 571 4
174 205 1
174 1055 2
175 241 8
176 961 2
176 549 2
176 951 8
177 569 4
177 628 7
178 619 3
178 939 6
178 223 10
180 492 9
181 961 5
181 346 5
181 1018 8
181 309 2
182 644 10
183 928 2
184 865 1
184 818 1
184 331 8
184 957 8
184 399 1
185 310 9
186 985 8
187 283 8
187 392 9
187 867 9
187 717 9
188 677 9
189 555 1
189 702 1
190 1057 4
190 340 8
191 888 10
191 1009 9
191 721 4
192 240 7
192 809 2
192 1050 7
193 200 10
193 551 5
194 794 9
194 407 8
195 344 5
195 1077 7
196 687 3
197 309 9
197 991 1
198 824 8
198 659 1
199 304 9
199 753 4
199 291 8
200 1017 7
200 257 4
200 441 8
200 1065 6
201 801 5
202 415 8
203 692 3
203 565 2
205 834 6
206 1055 9
207 420 3
207 1039 1
208 1063 1
209 751 1
209 662 2
209 893 10
209 550 10
209 687 4
211 528 8
211 241 7
213 592 2
213 488 2
213 810 10
213 988 7
214 765 7
216 707 6
216 591 3
219 811 3
219 485 4
219 598 7
220 896 1
221 571 4
222 768 1
222 830 9
222 543 9
223 243 5
224 864 10
224 568 10
224 1083 8
225 830 10
226 392 4
226 385 10
226 276 3
226 808 9
226 407 8
227 1016 10
227 949 6
227 429 2
228 306 2
228 931 9
228 476 1
229 534 4
230 264 6
230 1088 5
231 777 8
231 1013 4
231 406 6
232 809 7
232 331 5
232 345 5
233 600 4
233 717 1
234 254 9
234 390 3
235 744 1
235 735 6
235 236 6
235 257 10
236 401 9
236 761 6
236 699 5
236 1052 6
237 1027 4
238 296 1
238 962 5
238 700 9
238 654 9
238 686 3
239 941 9
239 382 5
239 847 5
240 655 1
241 279 7
241 246 4
242 945 10
242 938 7
243 337 4
243 946 8
244 842 9
244 1059 3
244 740 4
244 437 5
245 385 7
245 851 2
247 654 6
247 382 7
248 368 3
248 902 10
249 937 3
249 358 1
250 1091 8
250 356 8
250 462 1
250 1095 9
251 903 4
251 269 3
251 639 1
252 938 5
252 1005 1
252 785 7
252 451 7
252 507 2
253 387 4
254 824 6
254 259 8
257 896 4
257 780 9
259 413 2
259 1070 2
260 661 6
260 639 8
261 491 10
261 590 6
264 952 8
265 445 8
265 733 10
266 993 10
266 670 10
267 738 7
267 468 10
268 849 6
268 340 1
268 502 1
269 863 10
269 310 9
269 919 3
270 302 5
270 807 2
272 329 4
272 274 6
272 332 6
272 333 4
273 536 10
273 553 2
273 899 5
274 450 4
274 436 2
274 414 8
275 672 6
275 713 10
276 714 4
277 1008 3
278 756 3
279 442 10
279 372 8
280 624 8
282 314 10
282 501 8
284 390 10
285 333 8
285 350 4
286 834 10
286 638 5
287 360 6
287 813 1
287 342 1
287 847 2
290 464 3
290 971 8
291 787 8
291 926 6
292 503 10
292 708 9
292 397 8
292 799 1
293 323 9
294 919 2
295 920 9
295 803 10
296 358 1
297 572 8
299 604 8
299 525 4
299 742 4
299 487 6
300 698 7
301 399 2
302 901 8
303 690 2
303 386 3
303 382 7
303 511 2
304 420 4
304 500 9
304 765 4
305 347 10
305 1002 9
305 331 3
305 663 6
306 792 8
306 426 1
307 391 3
307 624 7
307 850 1
307 441 9
307 538 4
308 695 1
309 422 5
309 817 6
309 691 6
309 732 2
310 498 9
310 412 5
313 949 5
313 822 4
314 513 6
314 858 2
317 878 1
317 837 8
317 861 1
319 929 6
319 728 2
319 669 8
319 575 7
320 763 4
320 582 5
320 597 4
320 934 8
321 1023 7
322 947 8
322 1014 4
324 1099 10
325 698 10
325 655 5
326 513 10
326 735 6
328 352 7
328 739 9
328 680 5
328 1085 2
329 355 2
330 517 1
331 852 10
333 781 6
333 697 9
334 872 6
334 1073 6
334 778 2
334 783 2
334 1065 2
335 895 1
337 960 1
337 571 5
338 901 6
339 617 4
339 610 10
339 603 6
340 980 2
341 825 10
341 842 7
343 837 8
343 525 9
344 663 1
345 697 5
345 1084 3
346 599 8
347 752 8
347 542 3
347 1007 6
348 564 4
348 718 5
350 818 1
351 825 5
352 392 8
352 405 8
352 575 9
353 885 6
354 913 8
354 442 4
354 886 8
354 801 8
355 842 9
356 816 9
356 748 3
356 828 2
356 975 2
357 640 8
357 606 6
358 1066 8
358 396 4
359 1066 10
359 679 1
360 550 3
364 729 8
365 440 2
365 406 8
365 783 7
366 434 10
366 483 10
366 596 4
366 946 9
367 640 1
368 579 2
368 839 3
369 640 3
370 446 9
371 504 9
372 785 9
372 627 4
373 434 4
376 966 7
377 952 10
377 704 2
377 726 3
377 945 5
379 445 6
380 866 1
380 1030 4
381 778 4
382 773 2
383 989 2
384 913 4
384 650 6
385 395 10
386 463 2
386 846 3
388 1025 9
389 476 10
389 828 4
389 397 10
389 574 6
390 1079 7
391 705 4
392 776 6
392 620 10
393 868 6
394 993 2
395 1067 10
396 819 3
398 504 3
398 486 4
398 927 3
399 544 8
399 932 1
399 524 10
400 1057 2
401 592 7
401 597 1
402 1008 4
402 529 2
402 908 2
402 909 3
403 630 7
404 569 3
404 849 10
405 800 2
406 537 7
406 588 7
407 891 6
409 417 7
410 555 2
410 609 10
411 487 6
412 758 3
413 666 9
413 815 4
413 767 1
414 536 1
414 692 5
415 1009 4
417 538 10
417 556 2
418 466 1
418 862 4
418 1071 6
419 745 4
419 466 1
419 758 10
420 965 9
420 599 5
421 864 6
421 1075 5
421 732 4
421 815 2
423 604 7
424 896 10
424 628 7
424 790 8
425 1097 3
425 515 8
425 659 5
427 607 4
428 442 7
429 823 7
429 795 10
429 959 9
431 573 2
431 1093 1
432 1097 6
432 778 10
432 891 8
434 560 10
434 1088 10
435 786 7
436 1000 2
436 708 3
437 521 6
437 678 7
437 551 8
438 660 5
439 1062 7
439 685 5
439 718 1
439 495 5
441 968 1
441 708 6
441 1045 7
442 960 2
442 791 9
443 1020 9
444 1080 6
445 988 5
445 461 9
446 1060 2
447 497 1
447 796 9
448 976 3
448 752 7
449 697 6
450 1058 3
451 649 5
453 561 7
454 488 3
454 473 6
455 1029 5
455 478 1
457 904 1
457 1012 3
459 560 4
459 1045 10
462 705 8
463 802 2
463 1067 3
464 913 10
464 958 1
464 478 8
465 915 2
465 844 1
466 896 4
466 662 8
469 825 10
469 930 10
469 837 2
469 807 8
470 940 8
471 835 9
471 826 7
471 843 9
473 1035 5
473 837 5
474 1095 6
475 571 10
476 625 9
477 933 7
477 998 3
477 581 5
480 668 4
481 1099 10
481 743 3
483 985 7
484 801 5
484 626 9
484 665 3
485 880 1
485 530 10
488 612 2
488 718 1
489 1072 1
489 1034 3
491 705 2
491 754 5
491 666 7
491 581 5
494 724 5
496 681 2
496 671 9
496 556 7
496 1097 5
497 880 3
497 874 4
498 529 8
498 922 7
499 952 4
500 824 7
500 1088 7
500 595 1
501 625 3
502 934 10
504 584 10
504 620 7
505 519 6
508 566 6
508 535 9
512 613 4
513 798 9
514 1088 5
514 846 9
514 596 4
514 574 5
518 811 3
518 1075 8
520 580 6
521 1099 1
523 770 5
523 843 9
523 758 4
524 683 2
525 921 5
525 996 9
527 1026 3
528 1080 3
529 1038 2
530 837 10
531 1038 7
532 807 7
533 1044 8
540 592 5
540 690 4
542 1007 4
543 973 9
544 1077 9
545 626 8
546 783 7
546 812 4
546 694 1
546 1031 8
547 861 8
547 567 8
548 673 10
548 968 1
548 777 3
549 645 9
552 857 2
552 685 8
553 918 6
554 837 1
556 587 6
559 572 8
559 924 8
562 886 10
563 885 4
564 986 3
565 987 3
565 1037 10
565 1007 10
566 702 4
568 905 5
568 1083 2
568 630 9
570 600 6
570 830 10
574 775 2
574 940 4
574 590 3
574 783 4
574 765 10
577 705 9
578 776 4
578 833 2
578 708 8
580 1059 10
581 1015 1
582 1010 6
584 880 10
584 716 3
586 986 7
586 1099 5
587 1041 7
587 884 8
588 751 6
590 1075 5
590 1099 6
591 863 3
592 863 2
593 946 5
593 797 6
595 707 9
596 786 4
596 661 9
596 762 5
596 703 5
597 718 8
599 905 7
600 1065 4
601 674 8
602 721 8
602 805 6
603 773 10
604 1049 8
604 1014 5
606 834 3
609 1018 7
610 820 3
611 733 2
613 738 6
613 839 3
616 814 3
617 719 1
618 756 8
620 655 10
620 696 2
620 819 3
620 783 7
621 713 2
621 811 10
621 1068 8
623 952 1
623 860 1
624 1039 10
627 843 5
627 687 9
628 858 2
629 910 2
632 865 4
632 1099 2
633 654 8
633 910 9
635 948 5
635 645 2
636 943 5
637 694 6
638 1054 7
638 757 7
640 832 10
641 819 9
643 729 10
643 676 7
644 712 4
645 853 9
646 800 1
646 928 7
648 729 1
648 775 1
649 809 8
649 727 7
649 1033 6
650 884 4
651 956 9
654 775 1
655 944 6
656 837 7
657 1032 2
659 1085 6
660 988 8
661 836 7
661 662 7
663 908 8
663 711 9
665 954 3
666 898 10
666 775 4
668 800 2
668 1037 4
668 920 2
668 1085 4
669 918 3
672 751 2
674 829 9
675 765 4
676 1075 5
676 965 9
678 1019 10
679 911 4
680 1073 5
680 827 7
680 727 6
681 897 7
681 781 4
682 919 4
683 895 2
685 925 4
687 736 9
687 806 2
687 717 7
688 1081 4
689 721 8
692 1091 3
692 979 9
693 940 8
694 749 7
695 1064 8
697 1089 5
698 896 8
699 940 7
701 865 10
701 762 2
701 835 6
702 1094 3
703 949 9
709 737 10
709 1002 4
709 713 9
714 1040 6
715 1004 5
718 835 2
719 971 3
719 949 8
723 929 8
727 932 6
728 858 8
731 859 10
733 948 1
733 991 2
735 817 8
735 946 8
736 855 6
736 987 5
736 1076 8
737 965 8
738 802 10
739 1049 5
741 1007 3
742 1061 1
743 750 10
744 1067 6
744 940 7
745 790 6
746 1095 1
750 1085 7
752 909 3
753 768 4
754 762 6
754 876 8
759 797 10
760 956 10
761 956 9
762 881 10
764 1078 1
770 1089 4
772 1080 6
772 921 7
774 905 9
774 887 6
775 965 2
777 989 7
777 1087 9
778 1054 9
779 1023 5
781 809 2
782 821 6
786 1038 4
787 932 4
789 837 2
790 1009 10
791 977 1
793 867 7
793 956 8
793 1030 2
794 878 8
795 896 10
795 974 4
796 842 6
796 1004 3
797 971 8
799 965 5
800 825 2
802 876 7
804 842 7
804 966 2
808 856 8
808 964 6
810 1052 6
814 1072 2
815 958 4
816 832 9
819 904 3
819 908 8
822 1030 2
827 1049 6
830 934 8
830 1073 6
830 1051 9
832 917 5
835 889 2
837 958 3
841 851 9
844 857 1
844 867 3
846 955 1
847 881 8
847 1074 7
847 1003 8
849 1069 6
852 1096 4
853 999 6
854 1012 7
854 980 9
856 997 8
859 1034 2
859 867 1
860 978 2
860 917 8
861 871 5
862 1050 3
863 953 1
868 941 10
870 1098 8
870 885 5
871 1019 1
872 954 1
877 1012 4
879 993 1
880 902 3
881 985 6
886 900 3
887 1086 7
888 1027 4
895 1017 1
895 1077 5
897 931 7
900 962 10
902 1094 6
902 1086 3
903 1067 10
907 933 8
907 1013 6
910 1017 1
911 949 6
912 959 2
914 1008 10
917 1036 10
918 1048 3
918 971 8
919 1065 8
920 1013 5
927 957 3
930 961 6
932 1047 6
940 946 4
949 958 6
949 989 7
951 1039 6
957 967 6
960 1031 8
967 1025 3
969 1073 10
976 1058 2
981 987 7
982 1062 2
996 997 3
998 1089 9
1010 1079 2
1011 1099 7
1013 1050 8
1024 1089 4
1027 1076 4
1031 1036 3
1058 1080 6
1065 1067 1
1065 1074 1
1068 1083 2
1078 1097 9
