2 99 85
3 66 38
3 10 28
3 26 89
4 83 50
4 92 63
4 38 85
5 96 27
5 25 27
5 44 80
6 9 71
6 69 31
6 85 90
7 17 67
7 59 21
8 91 45
9 73 44
9 18 61
9 93 57
9 63 26
10 90 17
10 53 2
10 14 53
11 15 34
13 65 67
13 21 26
13 85 89
14 79 71
14 69 39
14 63 30
15 32 29
15 76 49
15 16 15
15 22 1
15 56 19
16 32 81
16 71 1
17 76 19
17 88 78
17 51 5
17 56 26
17 90 71
17 59 45
17 31 72
18 45 27
20 42 60
21 76 49
22 76 54
22 70 4
23 39 73
24 35 7
25 48 61
25 50 64
26 99 24
26 29 10
27 40 9
27 98 9
27 51 84
27 58 42
27 55 62
30 64 59
30 73 64
30 60 25
30 69 24
30 56 68
31 46 83
31 47 36
34 93 52
34 86 31
36 52 16
37 97 12
39 73 70
40 56 26
40 85 69
40 62 75
41 82 78
41 83 71
42 90 72
42 55 85
43 47 40
44 90 68
44 63 83
46 87 31
47 72 28
47 87 36
48 94 46
50 58 35
52 88 61
52 63 79
53 56 2
54 96 72
54 83 28
54 60 49
55 57 44
55 77 51
56 87 86
57 70 67
58 93 3
59 73 37
59 66 10
59 89 83
60 95 44
63 73 88
64 71 30
65 78 15
67 71 9
69 71 42
69 77 5
69 82 56
69 87 32
69 88 36
71 86 49
72 75 49
73 80 40
74 92 29
83 89 10
84 97 38
85 96 12
85 90 10
87 88 47
