1 69 14
2 73 5
2 28 16
3 25 3
3 94 15
4 9 17
5 90 5
5 75 9
5 22 4
5 70 7
6 68 1
6 21 5
7 75 14
7 79 11
8 62 13
9 42 1
9 69 20
11 24 15
12 64 13
12 67 3
12 13 12
12 50 15
12 55 14
12 62 9
13 35 15
13 84 15
14 43 4
14 77 14
14 29 7
15 40 13
15 18 15
16 36 1
17 79 14
18 27 18
18 54 19
19 99 5
19 30 15
20 49 4
20 60 5
21 64 13
21 25 11
21 55 16
22 73 16
22 29 11
23 87 16
24 57 8
24 26 14
24 53 9
25 66 2
25 48 1
25 55 16
25 63 6
26 76 17
26 36 9
28 88 10
28 67 6
29 48 5
29 57 19
30 33 8
31 58 2
31 67 14
33 53 9
34 90 10
34 76 14
34 62 3
34 55 6
36 47 12
36 84 1
36 87 8
36 93 13
37 93 17
37 38 20
39 82 8
39 91 7
39 95 13
40 52 8
41 82 8
42 72 18
42 53 14
44 49 12
45 80 2
45 58 12
45 91 16
45 85 17
46 58 5
46 50 5
48 95 6
48 61 5
49 52 8
50 85 11
53 67 11
53 65 15
53 79 17
54 92 2
55 62 10
56 99 20
59 84 6
59 93 20
59 63 11
60 64 3
60 68 11
63 98 7
65 75 4
65 69 10
66 74 20
66 68 3
67 81 4
67 86 6
68 80 4
72 91 16
72 86 7
74 85 17
74 94 19
75 96 3
82 96 15
86 90 13
87 90 5
88 90 6
89 97 18
92 98 13
