0 3 1
0 324 8
0 680 8
0 141 9
0 686 9
0 346 2
0 511 9
2 550 5
3 756 2
4 523 1
4 622 10
4 983 7
5 977 7
5 754 1
5 668 3
5 422 4
6 738 4
7 744 1
7 979 5
8 528 1
8 25 1
8 582 1
8 574 1
9 506 9
9 58 6
9 428 4
9 389 2
9 85 8
10 249 3
10 855 8
10 821 3
10 401 9
11 578 10
12 297 6
12 74 2
12 571 10
12 172 10
12 581 6
13 424 8
13 909 4
14 144 4
14 736 3
14 540 7
15 77 9
15 535 10
16 490 2
16 573 2
17 680 1
17 689 6
17 371 5
17 28 9
19 676 2
19 949 3
19 966 5
19 79 9
20 521 8
20 106 10
20 595 7
20 477 2
21 496 9
21 733 3
22 232 1
22 753 10
22 598 5
22 911 2
23 83 5
24 201 5
25 824 1
25 169 4
25 314 1
26 624 7
28 187 7
28 631 6
29 546 7
29 518 10
29 774 5
29 945 10
29 785 3
29 179 3
30 66 7
30 652 9
30 765 6
33 631 6
34 968 6
34 329 6
34 436 5
34 476 8
34 86 6
35 529 5
35 82 5
37 676 7
37 317 4
38 792 9
38 354 1
38 659 7
38 44 4
39 337 8
39 298 4
39 132 8
40 846 9
40 199 9
41 656 8
41 177 9
41 250 3
41 828 6
42 774 3
44 968 3
44 720 1
44 45 5
45 98 1
45 275 5
46 394 9
46 132 4
46 861 7
47 336 7
47 51 2
48 802 6
48 390 2
48 950 8
49 975 6
50 449 9
50 495 3
51 73 10
51 685 6
52 603 8
52 236 3
53 905 9
53 740 5
54 312 1
54 802 3
55 969 8
56 641 10
56 155 1
56 950 6
56 255 8
57 440 8
57 500 8
57 807 1
59 912 7
60 107 10
60 692 4
61 113 6
62 261 4
62 774 3
62 905 8
62 685 3
62 974 4
62 822 5
63 569 9
63 91 3
63 383 1
64 336 3
64 398 6
64 383 3
65 359 1
66 192 6
66 572 2
67 744 5
67 918 9
67 215 10
68 144 1
68 571 6
69 732 7
69 551 2
70 124 9
70 159 6
71 932 6
71 590 7
71 823 2
72 242 1
72 253 2
73 938 6
74 108 3
74 583 9
75 152 5
75 760 3
76 129 3
76 953 5
77 92 1
77 540 1
77 238 3
77 647 4
78 953 3
78 99 10
78 277 9
78 485 5
80 331 8
80 838 1
81 640 4
81 633 4
81 611 2
81 564 9
81 397 9
82 585 7
82 613 1
83 424 9
84 462 10
84 87 6
85 573 6
85 558 3
85 119 2
86 512 6
86 226 10
86 464 3
86 818 2
86 759 3
87 456 1
87 500 6
90 697 2
90 739 5
90 998 1
91 248 10
92 920 8
92 801 2
92 877 9
92 782 6
94 928 10
95 354 8
95 387 2
95 590 1
95 895 3
96 101 6
96 360 3
96 562 2
96 433 7
96 914 7
96 221 2
97 209 1
98 121 1
98 404 4
99 966 6
99 459 10
99 204 7
99 142 1
99 606 5
100 637 9
101 664 8
101 816 3
101 170 5
102 216 3
102 828 2
103 740 10
106 877 3
106 237 1
106 111 10
107 593 1
107 452 5
108 736 5
109 150 10
110 208 2
110 717 10
112 516 10
112 517 6
112 614 6
113 888 6
113 707 7
115 658 5
115 716 10
115 221 8
115 682 9
116 563 6
116 845 7
116 358 1
118 999 8
120 810 7
120 893 3
121 540 7
122 217 1
122 955 1
122 766 6
122 167 10
123 970 3
124 709 6
124 470 4
125 657 3
125 866 5
126 225 4
126 914 6
127 866 4
127 956 8
127 414 8
127 255 10
128 138 8
130 784 7
131 688 9
132 725 9
132 951 4
133 817 7
135 784 3
136 544 5
136 701 6
137 365 1
138 233 2
140 603 10
140 993 4
140 290 6
140 723 10
140 676 9
141 177 7
141 820 7
141 966 4
141 871 8
142 530 6
142 261 2
142 325 10
143 578 1
143 428 2
143 703 9
144 450 6
144 635 7
144 614 5
145 474 1
145 747 3
145 612 4
147 283 6
148 672 10
148 762 2
148 180 9
149 865 8
149 402 2
149 801 3
150 728 6
151 305 9
151 966 8
152 250 6
152 426 4
153 203 1
154 984 4
155 210 10
157 378 10
157 462 3
157 678 7
158 497 4
158 211 4
158 716 6
159 200 5
159 938 6
159 237 2
162 261 1
162 398 4
162 799 2
163 408 2
163 931 6
165 438 9
165 727 3
166 584 1
166 930 4
167 677 5
167 454 6
167 903 9
167 522 3
167 810 4
167 421 4
168 737 10
168 806 2
169 474 8
169 953 3
171 292 8
171 868 8
173 707 4
173 468 10
173 341 1
174 794 10
174 678 6
174 710 4
174 855 3
175 404 7
176 715 9
177 877 2
178 458 5
179 760 3
179 242 2
179 972 8
179 693 6
180 600 1
181 572 4
182 825 2
182 220 1
182 441 5
183 263 7
184 329 4
185 479 10
186 504 7
186 704 6
186 343 8
186 263 7
187 800 9
188 410 4
188 412 8
188 850 10
189 667 2
191 608 3
191 769 5
191 486 8
191 897 10
191 879 3
191 881 5
192 305 5
192 353 8
193 504 2
194 967 1
195 993 2
196 531 5
197 366 5
197 846 8
198 841 8
199 657 2
199 321 5
199 369 1
201 608 5
201 452 2
201 766 1
201 358 7
202 497 9
203 998 10
204 816 1
205 364 7
205 414 10
206 456 8
207 946 9
207 571 3
208 260 6
209 480 1
209 361 1
209 284 6
209 736 5
211 483 6
212 761 8
212 293 3
212 225 8
213 217 2
213 883 9
213 500 10
213 927 5
214 803 1
214 411 9
214 271 8
216 755 9
217 488 10
217 836 3
218 891 4
218 859 3
218 763 3
218 999 3
219 640 8
219 368 1
219 828 4
219 573 2
219 308 4
220 965 10
221 600 3
222 883 4
222 699 1
224 232 5
224 409 3
224 839 8
224 935 10
224 647 5
225 389 10
226 651 1
226 445 9
226 686 10
228 732 10
228 837 8
229 353 8
230 607 8
231 635 5
232 867 9
233 517 2
234 552 3
234 706 4
234 927 5
235 964 4
236 619 9
237 296 8
237 851 5
239 336 4
239 285 10
239 854 5
240 593 3
240 606 5
241 968 5
241 701 9
241 575 1
242 771 2
242 669 1
243 315 9
243 621 10
244 597 1
245 451 2
245 324 9
245 838 3
246 345 7
246 427 8
247 635 4
248 972 5
250 375 8
252 518 7
253 561 5
254 548 8
256 370 6
256 395 7
256 852 9
257 568 9
258 797 4
259 880 2
259 871 6
260 716 10
261 645 1
261 845 5
261 568 4
262 920 4
262 267 2
262 677 10
263 783 5
263 657 5
263 920 3
263 729 2
264 794 8
265 863 5
266 475 10
266 349 7
266 959 10
269 557 2
269 989 7
270 403 6
270 965 5
272 711 4
274 709 2
275 513 9
275 354 9
275 867 2
275 946 10
275 727 8
276 384 9
276 474 7
277 482 7
277 467 3
278 621 2
278 783 5
279 685 7
279 661 10
279 485 2
281 946 8
282 968 3
282 441 6
282 466 2
282 598 7
284 644 2
284 386 3
284 604 4
284 839 4
285 386 3
285 946 9
286 603 8
288 619 8
288 955 8
288 373 8
289 296 6
289 601 6
290 856 3
290 845 7
291 911 8
292 716 3
292 446 10
293 922 4
294 352 7
294 645 9
295 527 2
296 610 4
297 584 7
297 762 10
297 334 2
297 903 3
298 545 4
299 464 3
300 308 7
300 917 6
301 442 2
301 469 4
301 358 6
302 742 2
302 454 5
304 490 6
305 886 10
306 466 3
306 803 9
306 991 8
307 548 3
308 411 10
309 811 5
309 343 2
309 549 6
309 791 4
310 665 8
310 948 10
310 724 7
311 525 5
312 900 2
314 714 5
315 353 2
315 827 7
315 471 8
316 703 9
317 504 2
317 774 6
319 597 7
319 391 7
320 504 10
320 809 8
321 462 1
324 889 2
324 775 8
325 768 1
325 504 6
325 709 8
326 841 4
326 645 6
326 478 5
327 575 7
328 361 9
328 628 7
328 782 4
329 812 5
329 828 3
330 490 7
330 637 3
331 393 7
332 560 7
332 407 2
333 531 6
334 976 4
334 419 9
334 864 2
335 338 3
339 680 7
339 371 8
339 411 2
340 539 7
340 388 5
340 550 6
341 977 10
342 377 4
342 687 9
343 969 8
343 981 1
344 371 2
344 691 2
344 868 10
345 992 5
345 891 5
345 821 3
346 456 1
346 996 7
347 536 5
348 717 7
349 499 8
349 853 2
350 721 5
353 630 8
353 687 9
353 694 3
354 484 2
354 781 1
354 724 8
355 512 8
355 849 7
355 452 2
356 984 7
356 365 3
356 647 8
357 674 4
357 499 3
358 915 6
358 893 8
359 594 1
359 860 2
359 573 3
364 722 4
364 531 7
364 645 3
365 987 9
365 806 3
365 502 1
365 695 1
365 379 8
366 392 7
366 816 3
366 732 6
366 518 4
367 744 5
367 672 2
367 679 1
367 759 8
368 810 6
368 382 1
369 382 1
370 506 6
370 486 4
371 681 4
371 660 1
371 794 1
372 756 1
372 550 6
372 567 1
373 680 5
373 958 2
373 870 5
373 769 10
374 416 5
374 490 3
374 566 5
375 740 5
375 541 7
377 674 3
379 578 5
379 732 3
379 469 4
381 497 2
381 532 7
382 624 10
382 469 1
384 952 4
386 445 8
387 468 5
387 460 7
388 536 9
388 733 8
388 495 5
389 405 4
389 881 6
390 491 2
391 505 8
391 861 3
393 805 3
394 483 7
394 798 6
395 580 6
396 874 10
397 562 3
398 875 3
398 419 1
401 938 10
402 426 7
402 813 9
403 747 8
404 970 3
404 831 7
404 994 7
405 504 9
405 744 9
405 523 9
405 605 10
406 993 5
406 550 8
406 429 8
406 766 10
406 510 3
406 478 5
409 425 5
409 610 2
409 557 5
410 628 1
410 737 7
411 720 10
413 664 10
413 595 1
414 440 2
415 640 2
415 907 4
417 728 1
417 697 10
417 970 10
418 472 3
418 524 9
419 739 8
419 526 4
420 936 7
420 649 10
420 755 1
421 565 6
422 978 5
422 854 4
424 681 3
424 594 8
424 950 7
424 489 7
425 641 10
426 635 3
426 506 4
428 714 9
428 688 3
428 499 10
428 856 4
429 821 8
430 441 6
431 576 5
431 594 5
433 875 7
433 782 7
434 603 6
434 567 2
435 638 2
435 677 8
435 870 4
436 885 7
437 800 1
437 722 2
437 719 3
437 959 5
439 638 8
440 961 9
440 443 1
442 797 8
442 735 8
447 922 8
447 774 6
447 614 9
447 735 2
448 820 3
448 781 7
448 726 3
448 653 9
449 953 2
450 775 8
451 926 2
451 950 7
452 626 1
452 889 10
454 677 7
456 544 5
459 937 7
459 554 3
460 912 4
461 586 2
461 823 7
461 922 7
461 959 8
462 926 2
462 869 6
463 520 6
463 647 4
465 617 8
465 837 2
467 803 1
468 768 7
468 668 1
469 966 1
470 550 10
470 663 9
471 496 4
471 750 7
472 568 5
472 663 3
473 834 1
473 485 7
473 870 5
473 879 3
475 795 4
475 652 7
475 650 8
475 685 9
476 913 9
477 928 4
477 706 7
477 751 9
477 663 5
477 984 6
477 762 10
479 944 6
479 939 2
479 837 4
480 590 2
481 556 10
482 892 6
482 566 4
483 940 2
484 831 5
484 615 10
486 720 10
488 627 10
488 507 10
488 655 3
490 751 10
490 976 9
492 770 7
493 822 10
494 837 6
495 720 7
495 729 2
495 859 7
496 702 8
497 637 6
498 521 8
498 509 4
498 535 3
499 612 9
499 618 4
499 653 10
499 900 3
502 736 2
502 663 7
504 968 4
505 684 10
505 758 9
506 528 2
506 931 8
508 672 1
508 571 2
508 559 5
508 823 8
509 624 3
509 869 7
509 934 10
510 781 9
511 983 9
511 580 5
511 719 7
517 558 3
517 951 10
517 668 3
517 733 6
518 676 3
519 667 9
521 932 2
521 722 4
526 560 1
528 892 6
528 607 7
529 577 6
529 669 1
529 791 4
532 550 1
533 800 3
536 661 2
536 870 1
537 901 1
538 620 2
539 617 2
539 913 1
540 918 1
541 900 2
542 999 7
545 692 10
546 749 6
547 585 8
548 997 10
549 630 9
550 587 3
550 876 7
550 585 2
551 681 5
551 557 2
552 992 10
553 629 9
554 922 2
554 557 4
555 780 6
558 868 5
559 815 4
559 591 2
560 813 5
563 846 9
563 815 3
565 946 7
567 748 3
568 658 9
569 895 3
569 606 6
571 767 2
574 642 5
574 885 3
575 651 2
576 773 3
577 848 3
577 769 4
577 964 6
577 965 2
578 763 9
578 937 4
578 859 2
579 810 10
579 727 6
580 649 3
580 632 4
580 957 9
580 606 9
583 680 2
584 660 2
584 797 5
584 997 9
587 994 4
588 699 3
588 823 10
590 600 1
590 933 2
593 705 3
593 940 7
593 918 5
593 663 2
595 704 10
595 870 4
595 882 7
595 723 10
597 675 5
597 982 1
598 840 9
599 976 2
600 776 8
600 649 2
602 982 1
605 834 4
605 687 10
606 849 1
609 692 1
610 891 7
610 943 6
612 632 5
612 939 3
612 639 5
613 624 7
614 976 1
614 671 8
614 734 9
615 729 10
615 810 4
616 780 10
617 748 8
619 733 4
620 715 3
622 954 7
625 843 10
628 672 4
629 697 8
630 930 1
630 684 3
630 817 8
630 755 8
631 850 8
636 799 4
638 805 3
638 877 1
638 957 1
642 687 3
644 992 2
644 707 1
646 918 8
646 991 6
647 684 8
647 954 2
648 801 4
648 895 2
649 990 1
650 658 8
651 756 6
651 759 8
652 664 10
653 895 1
656 989 6
656 789 8
659 850 6
660 891 5
660 740 7
661 847 6
662 709 5
663 934 8
665 884 4
665 998 2
669 729 5
670 817 2
670 674 1
671 994 2
672 951 3
674 967 2
675 939 2
679 870 3
680 953 7
680 890 6
681 811 7
686 822 4
691 900 3
696 698 7
698 904 7
704 907 1
705 955 6
707 923 2
708 876 9
711 839 6
712 846 6
715 860 2
715 805 8
715 871 4
716 815 4
717 769 3
717 908 1
720 954 4
721 928 8
721 900 7
722 748 6
723 881 7
724 888 2
728 805 7
729 815 8
729 989 4
730 874 5
731 785 9
732 925 6
733 755 4
737 827 10
738 967 8
745 790 5
746 808 7
746 779 4
748 882 5
749 952 6
750 848 8
751 800 1
753 810 10
753 850 5
755 852 10
756 785 5
758 992 2
758 864 4
758 770 6
760 778 5
761 804 2
762 798 8
764 990 6
770 816 8
771 912 6
774 928 10
774 994 1
775 951 9
776 810 3
779 889 4
779 982 8
780 944 8
780 968 1
782 911 8
784 877 4
786 827 1
791 939 1
794 889 1
796 909 3
797 839 8
802 851 8
805 926 3
806 852 4
809 837 2
810 935 3
810 949 5
810 854 7
812 894 5
817 872 8
817 860 1
817 893 5
818 913 2
819 932 7
819 821 4
822 905 2
824 927 8
825 952 6
830 874 7
831 867 10
832 869 1
833 918 8
834 897 2
836 871 6
838 960 5
841 905 1
846 987 6
847 866 4
847 989 5
851 985 4
854 902 1
854 999 8
856 879 7
857 995 10
859 916 6
869 996 9
870 986 2
871 963 5
874 952 8
875 894 8
877 894 7
878 911 1
879 939 9
880 986 4
884 907 6
890 898 6
898 949 2
902 984 7
908 934 10
908 911 7
914 958 5
929 972 1
935 940 6
961 962 2
967 978 5
991 997 8
