0 1491 1223
1 897 1690
1 1626 315
1 1060 1312
1 1489 904
1 1159 1160
2 167 5
2 1416 597
2 893 616
2 552 1622
2 725 646
2 1021 1140
3 1465 481
4 1933 720
4 429 1759
4 589 454
5 256 760
5 1442 221
7 1368 1938
7 1601 413
7 117 577
8 1185 190
8 211 186
8 845 1702
9 1226 633
9 1204 1388
9 1018 174
10 1760 500
10 848 1320
10 1444 1618
11 247 1271
12 42 321
12 1318 611
14 1829 1770
15 38 401
15 343 1731
16 942 189
17 1827 1897
17 101 264
17 165 1898
17 583 1080
18 82 1471
18 1435 546
19 1450 1766
19 1644 357
20 524 132
20 645 1712
21 1072 996
21 972 188
21 931 562
21 1724 1151
22 1798 1574
22 1704 1001
22 878 1242
22 1360 447
22 840 536
22 1940 1733
23 1154 718
23 362 1045
23 228 659
23 1677 1943
23 1806 1917
24 1538 456
24 1948 1144
24 1642 1722
25 84 806
25 1090 1817
25 332 140
25 345 108
26 94 1042
27 1371 1946
27 1367 1387
28 986 1957
28 1564 608
28 1390 84
28 1679 1063
29 1089 1036
29 1043 397
29 1839 1530
30 392 1057
31 680 440
31 1114 1153
32 536 858
32 1883 1191
32 484 1311
32 1885 1522
32 1637 30
33 1419 468
34 806 663
34 397 1870
34 80 547
34 437 804
34 248 1551
34 1663 1817
35 354 1928
36 900 990
37 1936 470
37 1129 620
37 619 563
37 1621 825
37 1665 312
38 1761 1202
39 222 263
40 256 233
40 1698 421
40 502 71
42 525 876
42 1750 1436
43 721 1192
43 1786 102
43 1427 329
43 564 114
43 1731 1509
44 1985 961
45 1250 474
45 123 1039
45 445 280
46 248 1144
47 1025 336
48 1658 1476
48 1677 1001
48 1999 1951
49 1617 839
49 1138 569
50 672 1043
50 337 1732
51 259 1452
52 1290 1684
52 1165 1187
53 1505 497
53 1757 1641
53 119 67
54 752 1474
54 1174 1686
54 1502 1667
54 446 1091
55 1375 1811
56 1687 1685
57 1800 874
57 1556 1288
58 181 1455
58 1919 1376
58 1207 154
58 622 272
58 455 550
59 404 1623
60 918 1111
61 760 323
61 1922 567
61 524 201
61 1197 1535
62 1534 1375
62 142 862
63 275 266
63 157 1347
64 793 122
65 525 245
66 1180 1016
67 1579 46
67 1861 1313
68 1017 89
68 682 1659
68 1283 939
68 1691 1875
69 928 1460
69 556 1846
69 1405 797
69 1173 716
70 753 1142
71 1828 1621
73 1915 1496
74 1281 1467
74 542 1145
74 687 1162
75 977 833
76 1817 898
76 1106 51
76 1499 1464
76 884 1601
77 1044 1744
77 197 1832
77 1086 860
78 675 1771
78 1502 1091
78 1407 558
79 1960 848
79 1337 186
80 886 999
81 594 66
81 562 1592
81 1618 1576
82 505 1931
82 1707 1442
82 1637 1783
83 1725 1231
84 371 1550
84 95 560
85 1035 1727
85 914 1060
85 603 338
85 1164 1980
86 608 698
87 1104 1111
88 116 843
89 984 605
89 1378 1633
89 93 1063
89 151 1905
90 1216 269
90 1441 407
90 1652 1405
90 1845 229
91 425 896
91 1803 812
92 1353 1990
92 951 844
94 1404 876
94 1165 1365
95 1384 979
95 683 1410
95 355 1215
95 1597 1688
96 592 1922
97 368 1258
97 1050 120
97 735 562
97 159 325
98 312 1499
98 395 433
99 1640 242
99 201 211
99 379 511
99 188 1995
99 427 1370
100 1968 956
100 1286 1236
100 1030 531
101 1160 808
101 1738 984
101 1611 1625
101 1155 615
102 1946 208
103 1972 1098
104 1776 1686
104 417 1867
105 977 885
105 1154 106
105 1165 1416
105 1191 1708
106 1929 1390
106 884 1245
107 1730 216
107 1068 1874
107 998 1887
107 1623 638
108 840 715
108 1296 397
108 125 221
109 1837 1226
109 485 1156
110 1689 1663
110 1359 1681
110 1485 1611
110 565 1637
111 1713 1093
111 642 329
111 598 1302
112 1985 875
112 405 1725
113 619 1987
113 791 561
114 1566 780
115 771 1828
116 1883 1839
117 456 1739
117 1308 1966
118 1239 704
119 1875 1269
119 1229 328
121 456 1211
121 1936 909
121 1480 1231
122 1369 580
122 139 1612
124 1323 1517
125 953 422
125 635 1430
125 1958 269
126 389 1367
127 873 417
127 1422 221
127 303 263
128 1334 1058
129 219 701
130 609 890
132 1992 676
132 951 651
134 1253 96
134 1686 1767
135 826 1771
136 914 59
136 468 988
136 1221 359
137 1268 1080
137 668 1482
138 1916 1006
138 342 688
138 1574 836
140 1548 663
141 273 300
141 993 1301
142 1207 1290
143 1614 502
144 1960 781
144 1264 976
144 1187 158
144 1478 181
144 849 774
145 845 1494
146 323 1409
146 1268 77
150 1699 1588
151 441 212
151 986 1570
152 728 858
152 382 307
152 1191 1333
153 561 1547
153 961 1549
154 1228 1009
154 1068 1869
154 559 1847
156 582 1389
158 1278 559
158 839 327
159 1818 462
159 838 1186
161 937 898
161 1946 1250
161 1594 1561
161 602 1722
161 1557 31
163 859 887
163 692 1207
164 1185 58
164 238 375
168 1588 1300
168 1348 1743
168 1695 270
169 1355 623
169 451 1546
169 661 665
169 1117 1219
170 785 1198
170 701 704
170 1111 321
171 722 578
171 485 828
171 346 52
171 559 1499
172 1571 350
173 633 893
173 436 1727
173 1041 1453
173 567 242
174 724 313
174 532 809
175 1130 127
176 1297 513
176 299 1382
177 1560 153
177 1841 1784
177 380 1472
180 1612 532
180 340 1173
180 1063 810
181 1629 637
182 1085 1779
182 991 39
183 1440 1540
184 1730 1030
184 1061 966
184 1704 267
184 1644 180
184 1551 190
184 1976 1935
184 1880 1264
185 312 1238
185 657 353
185 1403 407
185 216 1105
186 1648 1464
186 267 392
186 948 359
187 1512 654
187 387 739
187 1806 1116
187 255 986
188 1224 1500
188 276 953
189 248 323
190 1075 1711
190 1911 508
191 649 1835
191 699 669
192 1649 602
192 1452 1338
193 416 777
193 1178 745
193 1092 881
193 1807 926
194 1699 1845
194 627 1443
194 685 581
194 1351 358
195 1640 975
195 986 902
195 1126 1470
197 523 377
197 1533 516
197 1471 1227
198 1065 1918
198 620 483
199 576 162
199 1747 109
199 277 649
199 447 1636
200 792 238
200 875 1622
201 384 603
201 1832 635
201 435 159
201 1340 221
201 255 755
202 1380 904
202 1782 1908
203 579 833
203 1488 850
203 1905 1418
203 531 195
203 1269 101
203 310 506
203 316 1980
204 1205 1708
205 1264 805
205 684 104
205 1902 1831
206 1832 1879
206 1165 1236
206 343 18
207 1969 512
207 1036 1574
208 412 1543
208 690 1885
208 796 68
208 1916 597
209 642 1436
209 1683 1308
209 1556 1210
210 773 1640
212 1584 452
212 1267 1694
212 260 1500
213 1799 1939
214 1703 1209
214 1874 1816
214 1394 1898
214 1171 661
214 1494 606
214 793 636
216 891 1468
216 1991 7
218 984 275
218 1869 855
219 1395 1579
219 509 1539
219 1102 958
219 1809 1282
220 1448 1222
220 1343 27
221 722 1809
221 1727 1516
222 1272 433
222 1561 2
222 891 573
222 1855 1696
223 368 686
223 492 546
223 716 132
223 1799 529
225 481 74
225 1394 1632
226 1017 511
226 1325 747
227 1315 1635
227 709 177
227 719 1898
227 1108 224
227 1012 969
227 1628 762
228 1036 629
229 257 718
229 1274 655
229 1867 1395
229 359 1625
230 1840 1358
230 378 1204
231 1287 1894
232 1322 1604
233 1857 1085
233 1113 551
233 1487 438
234 1185 1817
234 1930 1763
234 1860 1866
235 1389 882
236 977 1895
236 1762 910
236 1486 841
237 504 945
237 1346 1862
237 483 1936
238 1442 313
238 1709 466
239 1701 1141
239 470 1750
240 1928 62
240 1004 989
240 1838 1719
240 814 1103
242 671 807
243 841 1716
243 950 683
244 1700 995
244 1215 759
246 659 1008
249 1571 1337
249 1245 216
250 1509 1792
250 670 782
251 689 555
251 1939 792
251 253 1748
251 350 357
252 620 1915
252 1071 1637
253 369 987
253 1723 1752
254 797 304
255 492 1973
255 1174 1614
256 478 1936
257 1356 500
257 718 907
258 709 1072
259 1132 1428
259 581 1520
259 302 1946
259 1471 1113
260 1961 474
260 394 561
260 1462 417
260 1432 57
260 409 1045
261 1849 89
262 1650 997
264 1289 591
264 1411 1488
264 1151 1211
264 559 1084
265 336 1694
265 1651 1451
265 1045 855
266 1127 526
267 843 1880
267 1886 103
268 1977 94
268 1810 724
268 323 1103
268 1142 810
269 1395 1505
270 1704 1595
271 1147 1795
271 395 1372
271 1555 497
271 1684 1582
271 709 1427
272 1605 1797
272 1128 1665
272 1513 891
272 1112 1692
272 1144 351
272 381 233
273 974 579
273 623 1004
273 1585 1009
273 1431 643
273 1689 1318
273 1022 331
274 1586 11
275 1483 1913
275 820 675
275 1670 338
276 927 832
277 1233 891
277 517 31
278 1994 95
279 1629 676
280 1827 379
280 1866 1317
280 1323 241
281 1917 1348
282 625 1097
282 1042 799
282 605 415
282 457 775
283 912 1128
283 1905 669
283 1342 1349
284 1770 1235
284 1228 1721
284 357 406
285 729 29
285 716 759
286 358 1248
286 1974 480
287 1882 1169
287 943 1543
289 1841 1680
290 1492 1212
290 501 930
290 495 143
291 1196 747
291 1074 237
291 1444 509
292 857 419
292 1998 6
293 1366 971
294 1800 1958
294 395 964
294 1419 625
294 622 772
295 866 1798
296 1106 518
296 540 199
296 735 1362
297 1304 630
297 361 1864
297 436 39
297 677 344
298 876 659
298 396 1916
299 1204 1948
299 967 23
300 1287 24
300 1011 1579
300 727 509
301 1610 230
301 382 180
302 480 403
303 743 1151
303 1452 232
304 1115 1581
305 1076 1090
305 1078 1501
305 711 1407
306 1009 878
306 1811 1700
306 1263 1656
308 1339 832
308 724 1715
310 1292 1289
311 1859 1909
312 556 348
312 431 625
312 464 1759
312 1781 840
312 982 1054
312 565 510
313 1674 12
313 691 968
313 858 696
313 1118 1625
313 631 1978
314 1403 52
314 1260 123
314 1254 244
315 939 33
315 1550 1227
315 1918 1692
316 875 747
316 1531 501
316 1316 1957
316 934 77
317 992 1877
317 977 754
317 862 1141
318 953 946
318 1483 1658
318 353 706
319 1400 1377
321 1566 44
322 705 1733
322 1946 1641
322 1399 587
323 1263 1460
323 757 359
323 1530 757
323 700 1349
323 1021 1383
324 1908 88
324 1351 1340
325 997 1381
325 1078 377
328 1969 1994
328 543 525
328 447 937
329 1824 1201
329 921 621
329 1482 913
330 992 585
330 510 810
330 1655 1923
331 703 1537
332 1974 1503
333 957 673
333 542 461
334 1112 1171
334 1842 731
334 1148 278
335 728 1706
335 1937 1560
335 971 402
335 1037 1847
335 1319 864
336 480 1191
336 1681 332
336 343 1273
336 1679 423
337 1002 1120
337 1178 1588
337 1551 491
338 1024 1519
338 562 913
338 595 1839
339 456 50
339 1770 534
340 1650 950
340 1052 1853
340 813 831
340 719 1411
341 1736 1431
341 1988 534
343 1615 446
343 404 1846
344 1800 795
344 1845 622
345 1248 1244
345 1939 1252
345 868 572
345 1445 580
346 1028 810
346 1470 1136
346 1711 167
347 397 1185
347 1559 731
348 490 888
348 1667 115
348 407 54
349 1842 961
349 924 1192
349 613 1821
351 360 121
351 990 1761
352 1899 526
352 1181 449
353 1922 1281
353 1727 847
354 1498 446
354 615 716
355 832 1551
355 1442 220
355 490 907
355 459 422
355 1236 737
356 1889 352
356 1061 938
356 1573 1404
356 665 921
357 545 130
357 787 1358
357 566 1226
359 575 580
360 1440 1814
360 1858 1785
360 1003 1631
360 398 1829
361 1481 865
362 1395 44
362 1842 1668
362 1887 758
362 1199 682
363 1872 990
363 1554 470
363 1675 866
363 476 589
365 1907 35
365 1254 433
365 1679 610
366 1429 1213
367 1672 927
367 1097 1014
367 795 1930
367 1228 519
367 1903 1429
368 810 1952
368 1483 1644
368 945 457
368 1144 1648
368 508 708
368 797 267
369 1880 123
369 1462 86
370 1545 1855
370 1764 993
370 1590 416
370 1644 871
371 1179 1909
371 629 1626
372 1768 465
372 385 1350
372 1435 419
372 606 1750
373 1673 980
373 514 1484
373 1461 1906
373 1657 845
374 1283 1117
374 1406 1096
375 1147 975
375 1455 769
376 1795 21
377 1507 700
378 994 1667
378 789 179
378 1223 1683
378 563 342
378 1140 789
378 1237 979
378 860 885
378 1855 144
379 1093 1338
380 920 574
380 1731 979
380 956 776
381 1538 1815
382 1666 604
382 746 1508
382 1331 330
382 532 1043
383 596 502
383 1519 743
384 696 1216
384 388 407
384 1665 444
385 998 167
386 583 1196
386 1751 1492
387 443 1975
387 1867 548
387 1766 527
388 1127 1631
388 1289 520
388 653 174
388 1199 786
388 919 258
389 1603 1854
389 1405 1002
390 745 1967
390 714 1664
391 578 1014
391 1887 1313
392 1858 171
392 1061 968
394 1128 512
395 1897 1486
395 1074 518
396 1857 943
396 1285 510
396 414 1207
398 400 100
399 888 1999
399 1002 1068
399 1012 212
400 1314 1882
400 1333 753
401 536 800
402 1165 939
402 966 721
404 1958 1468
404 520 1655
404 1197 566
404 540 1060
405 1480 854
405 1169 1824
407 1794 1285
407 835 344
407 924 1087
408 447 811
409 1885 324
411 578 278
411 1445 1033
411 1094 565
411 1904 1827
411 1716 1095
411 1381 122
412 988 242
412 645 1988
412 1079 999
413 1657 728
414 1634 1075
414 479 551
415 1257 1459
415 477 1756
415 1134 1178
415 1409 1047
417 1877 174
418 573 1307
419 1493 1375
420 1656 1437
420 1913 436
420 1074 73
420 717 1340
421 1661 1735
422 1601 35
422 442 662
422 1501 842
422 1246 145
422 1975 550
423 1376 1261
423 1329 1756
423 1058 1897
423 678 1484
423 808 1986
425 1035 1041
426 938 404
428 1760 1248
428 475 1777
429 1420 823
429 474 1269
430 1157 256
431 628 1260
432 1507 140
432 489 70
432 1546 1883
432 1818 702
432 1819 1609
432 778 1831
433 1409 364
433 1308 810
433 1655 201
434 1188 93
434 1967 1983
435 1364 838
435 1805 1775
436 1077 1656
436 958 940
437 1623 1523
438 1195 715
438 835 1479
438 500 178
438 597 313
439 869 665
440 624 1031
442 1194 467
443 1494 115
444 587 515
445 1690 1705
445 1588 1110
446 689 647
447 920 1683
447 964 558
448 609 1993
448 1914 1847
448 1925 1512
450 865 1991
452 1015 1046
452 1654 561
452 1799 275
453 1358 346
454 1835 1845
454 1175 398
455 1133 122
456 1737 533
456 1245 887
457 1376 533
457 658 1353
457 1998 582
458 1633 24
458 1411 1322
458 541 841
459 1273 950
459 1325 187
459 461 223
460 755 1745
461 675 269
462 1545 1812
462 1943 1438
462 1350 827
462 703 346
464 1701 1360
464 1382 1808
464 658 1055
464 1940 1513
464 1367 393
465 1274 1160
465 1403 595
467 1460 935
468 1551 1934
469 765 663
470 1387 588
471 504 853
471 488 1036
472 1914 187
473 1323 131
477 1409 939
477 1828 1615
478 1896 1350
479 1794 128
479 954 534
479 1903 1688
481 528 775
481 849 790
481 1967 554
482 1615 497
483 1016 1067
483 955 1745
483 1550 552
483 1845 575
485 712 586
485 1939 517
485 856 1658
485 1948 1627
486 696 1426
486 924 1932
486 1717 1258
486 1869 440
487 731 1772
488 548 710
488 564 849
489 1217 1085
489 907 618
489 1905 431
489 1241 945
490 1832 1048
490 1629 1287
490 715 1397
491 1942 1417
491 1837 249
491 502 346
492 628 1553
493 745 247
493 909 1767
493 624 1468
493 1430 1455
493 1048 28
493 1659 323
495 1641 1908
495 1290 109
497 760 849
497 954 1724
497 987 952
497 1548 412
498 736 450
498 625 1916
498 614 386
499 872 1807
501 841 9
501 1804 1144
502 697 1927
502 1892 630
502 1087 197
503 593 1525
503 1245 1643
503 1377 549
504 772 315
504 1908 906
505 1945 1237
505 1492 1482
506 1848 1830
506 1176 1675
506 1373 825
506 1648 485
507 874 1235
509 1726 934
510 1568 1546
511 711 484
513 1537 134
513 1396 849
513 1590 1708
514 1108 894
514 797 1704
514 1381 261
514 1390 1283
515 1061 794
515 1502 1615
515 1013 1154
516 609 954
516 1210 1927
516 1202 454
516 678 78
517 1347 348
517 1738 944
517 1965 51
517 817 1809
517 1750 171
517 522 1102
518 571 290
518 675 1245
519 977 1454
519 1098 1758
519 1300 1602
520 788 886
520 1134 1642
520 1782 1638
520 1591 995
521 1425 1741
521 842 1934
522 1793 1080
522 1756 149
522 1621 1029
524 1145 752
525 936 1987
525 1663 1174
525 687 534
526 638 432
527 984 1883
527 1409 1205
527 899 749
527 1286 132
528 1787 1498
529 683 138
529 1734 1176
529 607 1675
531 561 1989
531 898 1712
531 1513 1555
533 600 1391
533 1604 1556
534 651 797
535 1865 739
535 1588 1276
535 782 1990
536 1524 343
536 1264 1831
537 816 1763
538 785 53
538 1116 1668
539 1912 1099
540 992 218
540 1722 1850
541 1345 769
541 1178 285
542 1146 1316
543 652 176
543 806 1064
544 1473 1502
544 1258 1645
544 1609 772
545 1136 1465
545 1613 1155
547 1713 1667
547 1182 1482
548 1082 723
548 1300 1987
548 894 1551
548 847 1480
549 945 491
549 1414 1640
550 699 1832
550 1469 151
551 930 1131
551 726 925
552 1884 413
553 810 116
553 1139 1605
555 1852 303
557 1382 329
558 1083 347
558 1582 549
558 847 1158
559 1987 484
559 1941 1591
559 1918 692
560 734 1341
561 1067 469
561 1421 30
561 1805 1860
562 1825 811
564 1631 326
565 1142 114
565 1751 99
566 1085 1846
567 1322 1822
567 1550 1705
568 1935 1973
570 1197 125
571 769 1646
571 1451 1279
571 589 1281
571 790 1526
571 1660 1767
573 776 1128
574 942 225
574 894 981
575 585 1416
576 952 419
576 1302 958
577 1754 1109
577 1795 1864
577 1045 836
577 597 1738
578 1164 1389
580 1013 1714
581 824 1048
581 1155 612
581 1894 1979
583 609 1535
583 1878 970
585 1017 454
585 1141 242
588 1781 123
589 1732 1608
590 605 1189
590 702 1652
590 1103 350
591 1854 935
591 1558 704
592 778 1678
592 1852 999
593 1696 970
593 1447 383
593 1166 1718
593 1205 505
593 1695 1720
594 1224 310
594 763 413
594 838 23
594 1456 1830
595 1779 1430
596 1512 860
596 1265 529
596 1803 160
597 744 761
597 1925 215
598 1794 1891
598 1982 1563
598 1439 35
599 1938 206
599 883 1268
599 1195 209
600 648 1314
600 609 1450
600 1492 1747
600 909 762
601 1435 1409
601 956 1789
603 1509 1497
604 1774 823
605 1194 548
606 1765 377
608 1159 356
609 815 1475
610 1201 1474
611 1944 213
611 980 1692
611 613 432
611 1615 1928
612 737 1914
612 1292 246
612 1087 382
613 683 441
613 1662 1415
615 1657 195
618 1666 1148
619 1157 306
620 1362 100
620 803 756
621 978 1919
621 1813 80
623 1679 815
624 1635 1082
625 1624 304
625 714 56
625 734 1794
626 769 861
626 1876 1572
626 917 951
626 1055 760
628 1286 988
629 1746 456
629 693 1345
630 1976 1045
630 1441 231
630 1788 1695
630 1382 1293
630 1846 370
631 1046 1071
631 1185 1964
633 744 1472
633 1331 245
633 1540 463
634 1889 420
634 686 1956
635 1897 1118
636 1325 451
639 1425 1261
639 1749 1030
641 1084 498
642 775 115
642 1503 561
642 1991 1900
643 1728 553
643 1635 1553
643 1795 1999
644 849 59
644 1778 1345
644 1257 748
644 1007 1705
645 1553 878
645 1484 733
645 1431 1055
646 1201 578
646 1763 1616
647 1779 811
647 734 1842
648 1968 1071
648 1220 1864
649 1585 1272
650 1985 442
650 914 507
651 1879 4
652 949 325
652 702 1294
653 1489 1020
653 1386 1531
654 937 1057
654 1909 1293
654 1537 1860
656 1240 1821
656 799 605
657 1064 416
657 715 1761
657 1310 886
658 1854 1328
661 1304 1756
661 1493 1426
661 1089 1787
662 1688 837
662 1480 772
663 1494 114
664 904 23
664 1263 1868
666 1377 1891
666 1954 1058
666 1150 824
667 1422 356
667 1389 512
667 1054 1498
668 1052 110
668 837 376
670 683 1217
670 935 1846
673 1739 1752
673 1967 1327
674 1089 1807
674 1647 1725
675 1377 384
676 769 1865
676 1195 1003
676 1788 523
678 1871 3
678 1372 558
679 938 952
679 1078 825
681 1626 151
683 737 1226
683 1452 1021
683 1621 796
683 924 553
685 912 45
685 992 872
686 1140 707
688 791 977
690 1826 1992
690 1692 739
690 1517 1093
690 1022 563
692 1196 1869
693 1529 1727
693 1918 1888
694 739 296
694 1596 479
694 1486 850
695 903 859
695 1493 1058
695 1519 706
696 1207 1197
698 952 1423
698 769 1797
698 833 1360
700 1644 1302
701 1361 549
701 1587 1095
701 908 1061
703 996 1709
704 1186 550
705 1305 1551
707 818 501
708 1576 1249
708 1169 871
708 1951 725
709 1773 551
710 1774 1130
711 1941 1186
712 1034 274
712 1707 520
712 1358 571
713 984 926
715 1680 1361
715 885 1601
715 1081 1189
715 1369 587
716 1249 1407
717 1824 1193
717 1883 1420
717 1459 1499
717 1622 147
718 940 1151
718 1257 1569
719 1825 1854
719 723 406
719 1817 1033
720 912 1561
720 1396 1052
721 1890 1368
722 1068 19
723 1048 698
723 1888 404
724 1020 1113
724 1418 933
724 1329 1162
726 1761 439
726 942 360
727 1188 224
727 1474 1487
728 1005 806
728 846 658
729 1467 1291
729 1219 1106
729 1006 1206
730 1507 976
731 817 402
731 827 89
731 1620 1806
731 1773 912
732 1764 1142
733 866 1384
733 1842 677
733 1018 1580
733 1549 353
734 834 531
734 1603 1186
734 1244 332
734 1342 198
735 1091 1790
735 1230 1582
735 1276 1224
735 1341 1256
736 1116 308
737 1654 1020
738 1376 1983
739 1044 1440
739 1764 1557
739 1220 563
740 810 1391
740 1303 109
741 1240 45
741 1386 914
741 1949 45
741 951 384
742 1426 239
743 1911 1852
744 1926 200
745 1409 906
747 1498 1379
748 1004 1326
748 1826 1504
748 1588 764
749 1483 189
750 1876 1203
750 1692 1818
750 1548 1882
751 1196 1994
751 1495 827
752 1915 985
752 1645 152
752 807 609
753 1000 838
753 817 589
753 1694 390
754 959 1739
755 1774 875
757 1836 1794
758 782 1659
758 1126 566
758 1599 262
760 1668 642
761 1626 816
762 1451 1067
763 1806 221
764 1688 882
765 1417 186
767 1754 923
767 1046 1858
768 1586 538
770 1088 1081
771 997 1418
771 1776 589
771 1493 683
771 1147 1789
771 1597 746
772 1539 305
772 1420 1648
772 1167 1862
772 1782 299
772 1784 299
772 1852 1903
774 1725 861
774 967 983
775 999 552
776 1736 136
776 1474 1240
777 1440 1610
777 1332 1374
777 1148 1416
777 1543 802
778 1730 899
781 1369 1132
781 1822 5
782 1345 1085
784 967 211
785 1499 749
785 1822 525
786 1425 649
786 1962 1239
786 1147 715
786 1644 1903
787 1872 732
787 1578 879
788 1844 1226
789 1320 1123
789 1485 974
790 1526 1327
791 1915 493
791 1821 1352
791 1086 1360
793 818 406
793 1906 1886
793 1527 1191
794 1145 1123
794 1167 196
795 953 263
795 916 602
796 1706 1386
796 942 491
796 1361 1026
796 1269 821
796 825 695
797 1904 1981
798 829 955
800 1099 440
800 1187 1217
801 1456 35
801 873 547
801 1963 245
802 958 1906
802 1550 1627
803 1926 1718
804 1813 45
804 965 1146
805 931 1164
807 1156 1707
807 1702 630
807 935 732
807 1992 1160
807 1173 1830
811 1914 1746
811 1398 1241
811 1966 1888
811 1799 387
812 1402 287
812 1403 1612
812 1484 270
815 1632 620
816 917 1675
818 1076 706
818 1069 600
820 1895 768
821 1003 169
821 1980 1681
821 1565 866
822 1936 1294
824 1801 425
825 1309 545
826 1324 1282
827 1588 1210
828 1986 1803
829 1670 1153
832 948 109
833 1157 1040
833 1666 1238
833 1301 956
834 950 1794
835 1336 972
835 1917 173
836 1169 1733
837 969 1880
837 1789 164
837 1093 727
838 1280 609
838 1148 865
839 1222 978
840 905 1646
841 1520 626
842 953 941
843 1454 1048
845 1933 1758
845 1294 263
845 1189 1875
846 1914 195
847 1045 1114
847 1221 1829
848 1219 1818
849 1393 912
850 1649 167
850 1764 335
852 1279 1691
857 1539 601
857 1483 943
858 1753 1068
858 1514 680
859 878 1671
859 1559 239
860 1253 459
860 1302 329
861 1289 432
861 1818 645
863 1376 364
864 1422 1283
865 1072 930
867 1403 1913
867 1485 311
868 1151 263
869 1577 677
871 1698 564
871 1339 1962
872 1658 1458
872 1079 414
873 1666 536
873 1772 401
873 1974 1993
874 1147 596
875 929 1453
875 1793 985
876 1100 671
876 1266 1937
877 1401 1489
877 1066 1631
877 1315 122
877 1238 865
879 1448 1622
880 1468 1368
885 1784 150
885 1705 1724
885 1822 1004
885 1798 708
886 1937 609
886 1958 1503
887 1606 832
888 1568 353
889 1094 1095
890 1313 1660
893 1068 934
894 1764 1294
894 1351 38
899 1761 1270
899 1109 1085
901 1660 424
902 1366 1320
903 1828 1056
904 1952 1661
906 1152 824
906 974 1833
908 1449 1727
909 1935 933
909 1391 1878
910 1994 830
912 1604 493
912 1623 702
913 1699 463
913 964 415
914 1883 1630
915 1946 1975
915 1199 1123
916 1202 1550
917 1726 970
918 1893 1658
918 1487 275
919 1497 1312
922 1730 1480
922 1866 764
926 937 464
926 940 1653
927 1408 927
927 992 182
929 1027 1362
930 1018 57
930 1404 1843
930 1270 433
931 1529 746
931 1131 1570
932 1016 59
932 961 1544
933 960 243
933 1549 1856
934 1066 1028
934 1765 305
936 1827 813
938 1903 887
939 1642 1118
939 1582 1098
940 1888 451
940 1481 853
941 1723 1631
943 1452 1943
944 1287 1048
945 1675 435
945 1231 1501
945 1491 506
945 1683 1125
946 1070 1818
947 1775 239
948 1776 399
948 1852 501
949 1773 376
950 1208 1908
952 1994 316
952 1244 1491
953 1634 166
953 1790 1288
954 1553 1681
957 1100 1985
958 1116 1764
958 1044 1481
959 1928 1829
959 1532 1385
959 1653 1214
961 1257 1826
963 1511 1533
963 1628 1155
963 1135 1149
964 1753 1827
964 1267 1943
965 1656 1251
966 1026 59
967 1283 117
968 1959 874
970 974 1951
971 1723 1951
971 1118 1089
972 1031 6
977 1767 1007
978 1834 984
978 1541 1388
979 1128 767
979 1104 541
979 1668 739
979 1241 684
980 1983 766
980 1687 681
984 1263 152
987 1604 585
989 1456 381
992 1221 593
992 1894 927
992 1033 576
992 1164 1998
992 1533 174
994 1502 1785
996 1477 346
997 1397 988
998 1048 1474
998 999 527
999 1403 59
999 1428 811
999 1487 1220
1000 1657 322
1001 1709 1315
1003 1052 203
1003 1175 153
1004 1802 968
1004 1806 1721
1005 1574 1121
1006 1202 304
1006 1015 348
1006 1033 1227
1006 1503 443
1008 1456 1889
1009 1288 1501
1009 1674 384
1009 1203 322
1010 1084 1957
1011 1530 1802
1012 1657 568
1013 1740 1242
1013 1813 1824
1014 1216 952
1014 1357 933
1015 1087 1936
1016 1806 1258
1017 1853 52
1018 1274 1624
1019 1267 1759
1020 1904 474
1021 1432 892
1023 1253 1561
1024 1194 626
1025 1383 1800
1025 1051 1825
1027 1569 316
1027 1297 1958
1028 1689 202
1028 1196 1076
1028 1593 161
1030 1612 748
1030 1210 1515
1031 1261 942
1031 1797 473
1031 1437 376
1032 1281 146
1032 1598 1574
1033 1911 826
1037 1641 1220
1037 1714 630
1037 1798 1972
1038 1789 781
1038 1507 1827
1038 1245 46
1038 1325 892
1039 1218 1572
1039 1743 1414
1040 1449 305
1040 1876 1665
1041 1325 1049
1042 1168 608
1042 1954 69
1043 1307 925
1044 1313 1505
1044 1383 1014
1044 1460 1932
1045 1213 1591
1047 1457 1379
1048 1901 1637
1049 1630 1502
1050 1235 1621
1050 1653 1989
1051 1888 1040
1051 1085 459
1051 1358 407
1051 1645 1372
1052 1070 870
1054 1670 1209
1055 1820 722
1057 1710 813
1059 1170 569
1060 1220 1130
1062 1869 662
1063 1840 1536
1063 1720 907
1065 1305 1448
1065 1630 535
1066 1351 844
1067 1150 1540
1068 1266 1686
1069 1781 682
1070 1586 1711
1070 1979 701
1071 1231 1089
1072 1656 756
1072 1755 1374
1073 1560 269
1073 1547 1409
1075 1691 599
1075 1415 1018
1075 1133 786
1075 1397 1384
1076 1899 666
1078 1648 1464
1078 1147 591
1079 1381 246
1079 1547 1469
1079 1870 821
1079 1745 1065
1079 1503 1968
1080 1785 369
1080 1355 1537
1081 1677 1202
1081 1318 216
1082 1771 860
1082 1357 238
1083 1273 1922
1083 1509 1339
1085 1697 1661
1085 1243 1991
1085 1608 1938
1086 1431 1228
1087 1180 952
1087 1378 492
1088 1365 1098
1089 1936 1456
1090 1929 764
1090 1658 1214
1091 1839 1827
1092 1752 1108
1092 1744 1327
1092 1520 845
1093 1350 29
1093 1783 683
1094 1284 1894
1094 1706 813
1094 1782 667
1094 1623 380
1095 1103 1593
1096 1924 1249
1097 1273 1677
1097 1142 1970
1098 1247 1076
1099 1390 436
1101 1649 1692
1101 1586 877
1101 1638 1531
1103 1704 348
1104 1768 888
1104 1349 526
1105 1698 989
1105 1411 1874
1107 1210 813
1107 1810 1171
1107 1167 1800
1108 1157 87
1108 1230 1572
1110 1923 1131
1111 1979 656
1112 1408 120
1112 1936 1825
1116 1324 872
1116 1844 455
1116 1279 891
1117 1256 476
1117 1965 880
1119 1442 1371
1120 1840 1448
1121 1180 1085
1122 1917 927
1123 1712 1201
1123 1282 841
1124 1915 1877
1126 1332 1527
1127 1766 1224
1128 1768 1255
1128 1352 469
1128 1369 274
1130 1618 1159
1130 1666 380
1131 1203 1925
1131 1283 352
1132 1576 1426
1138 1639 130
1138 1951 1788
1139 1148 35
1139 1901 683
1141 1575 910
1142 1761 1120
1146 1528 602
1146 1338 347
1148 1800 794
1149 1990 789
1150 1410 483
1150 1350 367
1150 1169 1900
1150 1176 1331
1151 1818 1941
1151 1922 1802
1154 1947 870
1157 1419 1031
1159 1306 937
1160 1681 1848
1160 1467 236
1161 1870 86
1161 1718 1950
1164 1593 318
1164 1721 65
1165 1788 1764
1166 1351 60
1167 1672 699
1169 1728 97
1169 1705 196
1169 1556 1512
1170 1633 992
1170 1861 1687
1170 1921 876
1172 1892 111
1172 1308 126
1174 1570 1428
1175 1611 267
1176 1194 153
1177 1489 926
1177 1259 588
1179 1956 386
1181 1425 984
1181 1403 366
1182 1820 15
1182 1204 86
1182 1227 1431
1183 1331 1371
1185 1923 111
1188 1782 1815
1190 1737 1840
1191 1813 698
1192 1449 705
1192 1458 119
1192 1558 1703
1194 1743 1912
1194 1563 921
1195 1624 618
1198 1850 1726
1199 1206 1891
1202 1732 1108
1203 1408 141
1205 1956 1698
1205 1597 728
1206 1775 184
1207 1273 1540
1209 1392 654
1209 1613 159
1209 1223 836
1210 1348 1090
1210 1436 268
1211 1409 1366
1211 1275 1379
1211 1473 148
1212 1662 184
1213 1472 1339
1213 1969 207
1214 1383 1673
1217 1890 1539
1217 1845 1266
1218 1751 1450
1218 1644 111
1218 1470 1200
1219 1249 64
1221 1780 1339
1222 1534 60
1223 1482 1036
1224 1756 351
1225 1830 1
1227 1932 1892
1227 1693 305
1229 1810 448
1229 1564 580
1229 1551 782
1234 1636 317
1235 1245 269
1235 1847 509
1236 1951 1285
1237 1548 793
1238 1880 1602
1241 1610 1837
1241 1291 540
1241 1727 1250
1242 1245 1892
1244 1328 1168
1248 1475 826
1248 1861 749
1250 1742 1590
1251 1466 946
1256 1475 1062
1256 1438 1266
1262 1555 289
1263 1860 32
1266 1787 458
1266 1999 335
1268 1729 1060
1268 1819 837
1268 1519 199
1269 1721 1343
1270 1745 799
1270 1835 108
1270 1413 1618
1272 1304 1384
1272 1282 325
1282 1826 1382
1283 1921 1787
1285 1973 529
1288 1616 1287
1291 1473 468
1291 1931 947
1291 1428 177
1293 1697 737
1294 1526 1133
1296 1482 343
1299 1400 1113
1299 1438 1961
1300 1366 1891
1301 1568 1657
1301 1538 267
1303 1608 1056
1305 1860 754
1306 1543 1219
1307 1497 1502
1309 1360 354
1309 1723 805
1309 1732 124
1310 1658 1210
1311 1550 466
1312 1598 1107
1312 1519 1705
1317 1684 318
1317 1965 977
1318 1344 788
1320 1940 1930
1320 1814 1564
1322 1970 555
1325 1592 268
1327 1529 829
1328 1586 770
1328 1811 99
1332 1896 609
1332 1902 37
1333 1770 1467
1334 1979 156
1337 1431 771
1338 1984 1635
1338 1465 382
1341 1908 1490
1344 1462 1426
1345 1801 1695
1351 1641 1461
1352 1775 1768
1353 1680 334
1354 1684 278
1356 1506 1361
1357 1651 111
1358 1902 155
1358 1726 954
1362 1591 213
1365 1504 1694
1367 1591 1747
1370 1722 1087
1370 1539 772
1370 1924 940
1371 1803 1329
1383 1443 459
1384 1782 1164
1387 1601 652
1387 1934 744
1390 1817 1354
1392 1653 112
1397 1751 373
1398 1416 666
1399 1469 1389
1400 1809 1460
1400 1420 1485
1403 1894 932
1404 1625 127
1404 1908 679
1405 1569 784
1405 1518 1851
1409 1625 749
1415 1715 1526
1415 1853 12
1416 1918 147
1416 1533 780
1417 1432 324
1417 1675 782
1418 1635 704
1419 1509 1326
1420 1697 1279
1420 1930 1683
1422 1727 725
1423 1760 686
1423 1697 1162
1423 1644 1724
1424 1509 1274
1425 1431 1857
1428 1757 1075
1429 1825 1392
1430 1835 1899
1430 1655 84
1432 1761 722
1433 1555 836
1434 1721 1840
1435 1443 148
1436 1523 464
1437 1880 596
1438 1721 1964
1441 1613 1318
1441 1997 714
1442 1794 1520
1443 1879 1615
1444 1849 1897
1447 1772 1621
1447 1929 671
1450 1900 149
1451 1939 316
1453 1553 1735
1454 1892 1378
1455 1941 1828
1456 1957 734
1457 1998 1735
1459 1541 1398
1461 1984 1531
1461 1967 718
1463 1735 1226
1464 1639 410
1465 1832 827
1465 1777 1883
1465 1757 1557
1466 1574 1464
1466 1543 354
1467 1842 886
1468 1525 344
1469 1774 1672
1470 1749 1828
1470 1902 948
1473 1800 1032
1473 1603 625
1475 1563 1326
1475 1900 1019
1476 1496 851
1476 1832 1884
1478 1821 494
1479 1773 223
1480 1606 127
1482 1632 1064
1482 1553 302
1482 1910 428
1483 1796 1090
1483 1737 1764
1485 1873 601
1486 1974 937
1491 1530 461
1491 1794 976
1493 1566 667
1496 1773 543
1497 1634 1118
1497 1965 361
1507 1919 1392
1509 1536 312
1509 1911 971
1511 1598 1387
1512 1551 1437
1516 1961 1776
1519 1875 747
1519 1851 463
1523 1816 77
1523 1563 1052
1531 1853 1854
1532 1595 1301
1532 1939 1532
1533 1869 1328
1533 1912 124
1533 1882 1567
1533 1981 834
1535 1643 1378
1537 1983 1116
1539 1623 1124
1541 1946 420
1544 1573 1086
1546 1956 324
1551 1597 1906
1552 1818 334
1553 1805 1065
1554 1723 896
1561 1787 526
1562 1958 1167
1564 1719 339
1569 1738 1533
1580 1911 628
1583 1698 827
1584 1937 1660
1584 1851 1524
1588 1800 1627
1588 1880 1886
1589 1737 1354
1589 1879 235
1593 1996 904
1595 1883 473
1595 1598 1414
1595 1999 1507
1596 1988 1828
1596 1805 531
1598 1988 142
1599 1799 1409
1602 1844 795
1603 1923 567
1606 1913 1763
1606 1732 62
1608 1966 1388
1610 1639 387
1611 1971 352
1614 1901 1615
1615 1632 1772
1615 1778 1132
1615 1748 313
1619 1782 1782
1629 1663 1239
1641 1691 873
1642 1864 857
1642 1714 536
1642 1701 1032
1644 1856 797
1649 1680 1061
1650 1796 239
1651 1756 281
1655 1852 593
1659 1730 1796
1660 1729 1802
1664 1893 520
1666 1905 1162
1667 1798 908
1670 1824 928
1671 1905 658
1674 1862 1142
1678 1872 1107
1680 1961 469
1682 1757 210
1684 1953 232
1685 1779 1165
1689 1930 1018
1692 1769 1154
1693 1734 1923
1699 1915 535
1711 1832 1492
1713 1901 991
1714 1911 1852
1717 1981 1873
1725 1968 30
1730 1979 110
1736 1813 350
1741 1745 1780
1741 1770 445
1743 1878 1525
1746 1973 824
1748 1874 1608
1752 1874 549
1754 1848 435
1761 1982 1560
1773 1965 685
1776 1830 130
1781 1911 1445
1784 1829 714
1784 1983 547
1785 1848 656
1795 1865 1300
1804 1951 1892
1812 1924 518
1814 1818 664
1815 1922 1710
1815 1844 528
1836 1881 800
1845 1895 954
1854 1909 160
1860 1896 260
1862 1989 447
1863 1896 746
1863 1947 867
1873 1960 274
1879 1895 24
1886 1928 1837
1890 1998 1972
1891 1988 14
1893 1956 139
1894 1959 65
1907 1953 797
1908 1909 992
1926 1936 579
1929 1983 950
1930 1946 684
