0 295 5
0 358 5
0 335 9
2 145 6
2 186 2
2 275 9
3 11 5
4 120 10
4 363 9
4 85 2
5 85 6
7 296 10
8 89 8
8 90 8
8 15 3
9 35 10
10 39 1
10 155 2
10 49 2
10 55 1
11 127 6
12 271 4
12 367 10
13 372 3
13 38 1
13 303 10
14 308 10
14 94 7
14 214 7
15 161 2
15 260 5
15 395 1
15 270 2
15 208 2
16 146 5
17 128 1
17 248 1
17 150 9
18 121 3
18 251 2
19 58 3
19 324 3
19 54 8
19 310 2
20 230 6
20 42 6
20 269 1
20 206 3
20 346 8
20 220 7
21 379 4
21 35 8
22 104 7
22 61 7
22 397 8
23 394 5
23 207 3
24 166 1
24 294 2
25 40 2
25 162 7
25 389 9
26 88 9
26 64 2
26 315 3
26 229 8
26 151 8
27 252 9
29 194 9
29 350 9
30 64 10
31 398 4
32 128 6
32 167 5
32 310 4
32 375 10
33 321 5
33 271 6
34 289 4
34 387 5
34 69 5
34 246 4
34 391 3
35 348 10
35 133 1
36 120 6
36 86 3
36 198 9
37 297 2
37 362 1
37 246 3
37 358 8
38 103 8
39 371 2
39 299 9
40 233 4
40 165 2
42 346 1
42 107 1
44 263 3
44 135 6
44 318 8
44 78 6
44 311 2
45 176 1
45 196 3
45 271 1
46 202 1
46 284 4
46 106 2
48 330 6
48 107 2
48 100 7
48 222 7
49 280 3
49 84 1
49 155 6
49 92 3
50 321 9
50 330 4
50 245 9
50 61 7
51 201 8
52 394 7
53 179 4
53 92 9
53 54 5
54 219 2
55 221 6
55 206 4
56 377 7
56 390 9
56 281 4
57 281 3
57 204 9
57 62 10
57 361 3
58 307 9
58 342 3
59 390 6
60 266 1
60 101 4
60 110 3
61 242 8
61 235 4
62 358 6
64 195 9
64 396 8
64 318 1
64 183 4
65 196 5
66 160 3
66 398 2
67 354 1
67 300 2
70 267 8
70 79 8
71 272 2
71 333 7
72 312 2
72 235 6
72 247 5
73 300 5
73 77 7
74 101 7
75 275 8
76 332 7
76 244 2
77 119 10
77 317 8
77 343 5
78 268 10
78 358 10
79 305 8
79 121 2
80 130 3
81 193 4
81 126 7
82 265 5
82 178 2
82 237 3
82 95 6
84 93 7
84 247 8
85 186 3
85 245 8
85 130 1
86 320 1
88 328 2
88 297 7
89 299 8
89 125 10
90 353 10
90 95 7
90 110 5
90 129 10
91 178 3
92 248 9
92 370 9
92 112 8
94 180 5
95 226 7
96 344 6
96 193 10
96 178 1
96 284 8
96 170 3
97 306 2
98 291 7
98 159 10
98 143 2
99 160 2
99 121 1
100 121 6
100 252 10
101 393 3
101 149 5
102 201 3
102 214 10
104 287 10
105 225 7
105 260 7
105 381 2
105 209 6
106 202 8
106 229 9
109 357 9
110 387 10
110 137 8
110 173 6
110 278 4
111 168 9
111 145 3
111 350 7
111 271 3
112 379 3
113 299 5
113 276 7
116 296 2
116 293 6
117 177 2
118 131 1
118 237 4
119 125 1
119 175 7
120 268 9
120 190 1
121 333 6
122 297 10
122 124 2
123 164 2
124 197 7
124 389 8
125 155 1
125 228 9
126 218 5
126 308 9
126 220 8
126 183 3
127 324 2
128 239 8
129 296 4
130 200 10
130 172 2
130 345 6
130 251 3
131 192 4
132 328 3
132 169 4
132 197 6
133 156 9
133 334 4
134 246 1
135 196 8
135 300 4
135 150 3
135 359 10
136 228 9
136 269 7
137 295 2
138 284 2
139 181 3
140 342 9
141 275 9
141 322 7
141 219 2
141 388 4
142 310 8
142 319 9
143 347 9
143 163 3
143 335 9
144 176 10
144 306 4
144 290 5
145 322 1
145 375 4
146 378 4
146 387 8
146 383 4
147 224 1
147 272 9
148 331 7
149 246 9
149 311 4
150 193 7
151 284 6
152 370 5
152 251 5
152 213 7
154 305 7
154 253 5
155 290 7
155 366 4
156 398 8
158 164 7
160 338 3
160 346 5
160 310 7
161 208 1
161 305 3
162 276 9
162 333 10
163 246 5
165 302 10
167 274 6
169 183 2
169 391 10
171 347 3
172 285 4
173 271 8
173 239 10
173 319 8
174 248 7
174 276 5
176 346 8
176 278 2
177 352 7
178 196 10
178 395 5
178 369 4
180 306 9
181 378 3
182 296 2
182 253 8
182 189 6
183 225 4
185 206 7
186 203 5
188 295 8
191 269 3
191 293 10
193 377 1
193 305 4
194 310 5
195 209 6
195 364 10
196 258 10
196 353 7
197 392 4
198 344 9
198 309 8
202 245 5
204 368 4
205 319 2
206 353 6
207 326 9
208 390 6
209 397 3
209 345 1
209 359 3
210 234 7
210 398 2
211 233 8
212 224 5
213 396 2
218 387 8
220 263 10
222 386 5
224 263 7
224 319 10
225 264 6
225 321 7
226 313 1
226 323 6
229 341 7
229 302 5
229 383 8
230 324 7
230 345 4
232 288 10
232 278 3
233 235 6
236 328 5
236 325 4
237 344 7
238 365 9
239 395 1
240 333 5
242 340 7
242 357 4
243 368 6
249 330 5
249 318 10
250 338 2
250 279 4
255 377 7
257 328 5
257 324 1
258 353 2
258 379 2
258 397 8
258 294 8
259 394 1
259 308 10
261 275 4
263 363 3
266 355 7
267 274 8
269 359 10
272 290 5
272 326 5
273 360 3
275 348 1
275 381 7
279 308 7
281 314 3
281 319 9
282 326 8
283 364 8
284 368 4
284 304 1
286 338 10
289 304 8
292 300 2
293 369 9
298 380 5
298 381 1
299 376 5
302 340 1
308 385 6
308 386 9
308 370 3
310 385 1
310 373 3
313 318 2
316 336 4
316 339 10
316 374 6
317 394 7
317 391 2
318 358 7
318 374 1
321 323 6
321 359 3
324 388 6
325 389 8
328 378 8
329 396 9
330 331 3
332 384 4
334 369 2
334 362 4
334 372 5
334 390 1
336 342 10
336 375 3
338 340 6
338 398 6
341 365 5
342 383 4
349 374 10
352 388 10
355 387 7
360 387 5
363 384 2
368 393 1
370 389 1
372 385 2
378 386 6
