0 80 5
0 98 18
0 84 30
1 5 15
2 66 38
2 45 42
3 92 20
3 79 24
4 75 5
4 44 31
5 82 30
6 11 17
7 17 16
7 87 50
7 39 30
8 63 13
8 28 34
8 69 10
8 71 15
9 98 50
9 13 38
10 90 3
10 69 24
11 41 24
12 83 35
12 87 37
13 67 6
13 17 23
13 95 4
15 90 42
16 47 18
17 89 14
17 70 20
18 28 22
19 85 14
20 99 35
20 75 44
21 88 40
21 98 9
22 75 22
23 94 12
24 46 20
24 54 23
25 80 32
26 50 9
26 59 18
27 80 11
28 50 23
28 79 45
29 74 40
29 71 32
30 42 33
30 63 30
32 99 11
33 63 27
33 79 19
33 71 7
34 50 43
34 46 4
35 76 49
35 52 20
35 69 41
35 46 11
36 88 33
36 41 14
37 98 49
38 82 30
38 51 42
38 85 32
38 45 21
39 66 13
39 49 11
39 82 39
39 89 21
39 63 39
40 58 23
40 60 16
41 96 35
42 89 20
42 92 10
43 48 8
43 52 41
45 96 42
46 93 38
47 91 36
47 87 45
49 64 26
49 67 33
49 53 40
50 83 5
50 60 15
51 73 8
52 74 6
54 71 50
56 86 49
57 97 28
58 88 48
58 61 48
60 81 2
60 89 38
60 97 8
64 73 18
65 88 15
65 91 30
67 94 5
69 90 45
69 87 48
71 73 39
71 79 26
74 81 4
75 94 29
75 87 19
78 94 31
79 98 4
79 80 32
79 94 17
80 83 32
80 90 7
87 96 50
93 95 43
