1 373 136
1 231 348
3 72 625
3 286 157
3 86 608
4 578 212
4 68 145
5 642 536
7 515 271
7 443 186
8 357 445
9 188 17
9 437 563
10 379 374
10 511 32
11 607 282
11 271 257
13 388 373
13 454 580
13 444 662
13 182 25
13 361 165
13 572 438
14 589 235
15 65 517
15 406 659
16 543 200
17 464 259
17 442 312
17 211 615
18 471 466
19 323 454
20 80 700
21 272 100
21 248 221
22 272 646
22 385 194
22 572 63
22 335 678
23 282 608
23 311 260
23 572 411
23 303 693
24 232 550
24 199 484
25 201 302
25 659 220
25 237 31
25 43 26
25 377 535
26 249 53
26 65 339
26 115 312
26 303 215
27 399 100
28 379 282
29 655 434
30 192 595
30 155 671
30 134 92
31 392 700
31 463 521
31 140 552
31 565 468
31 397 479
32 147 222
32 340 169
33 580 665
33 637 473
34 499 408
35 488 600
36 416 37
36 64 476
36 656 390
36 685 551
37 80 185
37 291 689
37 134 483
38 560 177
38 73 460
38 82 272
38 611 387
39 209 283
39 443 180
39 171 503
41 506 25
41 316 241
42 192 514
42 392 87
42 82 258
43 298 405
43 427 161
44 146 132
45 172 499
45 503 33
46 104 331
46 347 557
46 411 125
46 533 506
47 480 609
47 325 525
47 335 176
48 121 532
49 597 118
49 343 595
51 313 2
51 258 87
51 76 2
51 524 188
51 543 212
52 460 512
52 212 476
52 185 216
53 591 300
55 373 358
56 337 244
57 544 642
57 352 348
57 308 614
57 309 565
57 270 188
58 82 73
58 139 186
58 508 162
58 178 40
59 466 17
59 634 278
59 71 300
60 114 436
61 132 90
61 343 562
62 557 584
62 303 562
63 633 617
63 315 149
63 676 44
64 586 2
64 684 326
65 165 188
65 382 441
65 150 305
66 360 536
66 130 594
67 456 621
67 194 277
67 374 57
68 353 482
68 321 390
69 601 619
69 254 542
70 428 579
70 580 260
71 128 366
71 262 554
72 513 373
72 428 614
73 263 168
74 429 248
74 293 258
75 297 471
75 211 278
75 380 416
75 501 127
75 687 656
76 128 296
76 552 561
76 396 495
76 639 169
77 112 6
78 353 278
78 274 327
79 136 487
79 537 196
79 500 29
80 636 304
81 440 654
81 336 454
82 131 73
82 303 462
82 113 530
83 648 32
83 297 190
86 134 95
86 326 291
86 301 348
87 623 370
87 692 562
87 206 575
87 431 126
88 197 414
93 306 132
93 526 665
93 335 324
94 401 492
95 457 506
95 353 64
95 487 663
96 640 355
96 571 292
98 176 586
98 278 466
98 526 465
100 316 355
100 188 390
100 621 345
101 216 295
101 372 687
102 353 508
102 217 372
104 401 50
104 659 463
104 435 432
105 555 355
105 174 186
106 142 105
107 273 684
107 634 698
108 296 233
108 249 613
109 575 255
110 494 24
113 553 199
113 482 373
113 514 402
114 276 678
114 366 528
114 157 511
114 190 566
115 121 329
115 603 482
115 231 281
117 132 59
117 171 64
117 652 79
117 574 381
118 437 154
118 438 629
119 417 565
119 532 246
119 585 22
120 534 614
120 302 509
121 426 204
121 165 554
122 128 564
122 284 177
122 574 247
123 161 303
123 556 98
124 665 126
124 290 302
124 125 457
125 512 538
125 685 471
125 253 472
126 520 45
126 450 463
126 278 54
127 299 37
127 171 384
128 655 91
129 649 242
130 216 31
130 177 583
130 514 126
130 246 698
131 352 259
133 401 278
133 306 352
133 406 59
134 258 363
134 159 455
136 285 229
137 228 109
137 294 560
137 618 397
137 653 658
137 601 285
137 670 601
139 200 109
139 192 378
141 452 66
141 397 404
141 646 445
142 320 116
142 196 194
142 637 492
143 274 383
143 195 370
143 661 198
143 223 287
144 168 311
145 368 212
145 465 576
146 498 247
147 345 72
147 243 459
147 148 441
147 395 695
148 612 171
149 519 396
150 269 155
151 371 604
151 368 203
151 418 401
151 179 124
151 500 517
152 202 661
152 322 48
152 226 610
152 597 272
153 432 106
154 402 244
154 267 282
154 510 10
155 510 561
156 451 555
157 209 267
157 620 285
160 299 281
160 438 239
161 206 350
161 482 542
161 413 288
161 662 385
162 209 29
162 630 268
164 261 135
165 506 37
165 611 559
165 393 632
166 423 117
167 440 64
167 253 501
168 186 427
168 572 424
169 384 93
169 571 613
169 266 533
169 611 313
169 618 174
171 306 202
172 608 455
172 452 524
172 588 197
172 176 687
172 369 680
172 668 691
172 381 5
173 523 254
173 179 397
174 644 351
175 195 342
175 253 21
176 419 534
177 560 430
177 319 140
178 182 184
179 319 496
179 284 429
179 446 93
180 480 364
180 337 170
180 581 391
181 593 15
181 242 12
181 699 68
181 626 388
183 262 253
183 678 106
183 655 400
184 410 51
184 229 252
185 224 177
185 586 628
186 560 700
186 691 12
187 364 478
187 564 243
187 590 393
189 688 71
189 587 358
189 490 175
189 547 123
189 546 461
190 535 403
191 621 113
191 383 679
192 514 56
192 404 157
192 540 200
193 559 530
194 264 598
195 235 493
195 589 592
195 590 182
195 628 465
196 688 558
196 468 170
198 423 550
199 605 196
199 366 89
200 479 298
201 211 495
202 568 505
202 290 380
202 323 594
202 669 581
203 368 634
203 459 386
203 348 61
203 598 687
204 444 219
205 327 457
206 424 137
207 232 335
207 236 597
207 341 253
207 222 643
207 261 680
208 328 148
208 241 348
208 605 672
208 511 398
209 484 454
209 644 49
210 249 123
211 654 589
211 465 139
211 521 424
212 408 347
212 656 343
213 417 532
216 576 316
218 553 94
218 636 452
219 497 190
219 484 411
220 684 342
220 676 421
221 360 638
222 690 85
223 378 564
224 363 192
224 484 107
224 637 2
226 527 78
227 633 150
227 487 302
228 250 333
228 371 680
228 517 263
229 538 436
229 283 103
230 327 533
231 483 418
231 275 103
231 654 541
231 603 545
232 346 194
233 357 180
233 695 474
234 260 689
234 548 470
234 285 49
235 521 423
235 321 158
237 429 50
238 648 468
238 537 507
238 489 353
240 633 583
241 595 427
241 316 198
242 668 499
242 502 589
242 446 16
244 410 686
245 277 105
247 519 98
248 607 142
249 512 432
249 399 650
249 604 42
250 276 347
251 468 108
251 655 96
252 469 398
253 563 434
253 270 643
254 606 257
255 472 416
256 473 564
256 555 645
256 653 417
259 576 43
259 497 569
259 525 51
259 622 135
260 459 686
261 641 421
262 463 140
263 405 152
264 360 85
264 345 424
264 371 209
265 369 693
265 405 3
267 466 500
267 308 207
269 395 685
269 589 19
270 532 529
270 657 126
272 333 489
272 655 533
272 592 481
272 287 573
273 604 158
274 579 340
274 494 45
275 448 442
276 315 294
277 319 515
277 518 615
277 621 608
279 400 532
279 577 613
279 422 430
279 495 632
280 672 243
280 411 403
280 612 376
280 510 164
281 411 700
282 283 515
282 471 33
284 403 154
284 605 273
284 694 81
285 561 384
286 698 76
287 693 619
289 697 484
289 431 495
292 416 678
292 481 118
292 695 448
297 419 588
297 613 413
297 679 312
297 478 169
297 510 358
299 399 468
301 624 489
302 424 123
302 605 232
304 584 293
305 335 255
306 590 143
307 460 232
308 531 393
310 537 97
311 354 63
311 434 119
311 575 172
312 617 509
312 493 685
312 400 452
312 630 352
312 665 209
312 638 518
313 642 108
313 435 68
314 444 356
315 571 679
315 653 156
316 360 200
316 532 88
316 696 626
317 473 646
317 613 298
319 502 588
319 525 410
320 332 156
321 528 696
321 527 92
322 547 141
322 691 117
322 596 303
322 441 508
323 599 500
323 347 176
323 650 289
323 446 553
324 587 519
324 677 314
324 678 216
325 340 594
325 470 685
326 641 519
326 681 153
326 676 244
326 423 16
329 475 528
329 383 660
333 546 222
336 371 468
337 577 579
337 452 192
337 548 398
338 445 672
338 534 243
338 589 338
339 656 230
339 502 324
340 341 67
341 577 502
342 636 368
343 675 387
343 414 215
344 665 40
344 533 553
345 411 582
348 626 670
350 359 367
351 462 283
351 606 405
351 365 113
352 355 615
353 442 510
353 634 361
353 414 63
354 632 250
354 580 441
357 517 265
359 367 490
360 374 257
360 664 443
362 584 456
362 668 657
362 572 396
362 574 415
364 642 614
364 442 530
365 392 97
366 644 660
366 485 631
366 694 339
367 391 175
369 682 574
369 397 344
370 617 576
370 698 403
371 399 681
372 458 549
373 590 65
374 500 470
374 397 403
377 578 55
377 407 88
378 626 312
380 619 590
380 682 155
381 434 129
381 660 79
382 401 690
383 522 620
384 634 543
386 641 434
386 499 441
388 545 256
388 569 428
389 608 650
390 675 240
391 493 3
393 584 262
393 564 651
394 529 527
395 466 379
396 635 538
396 555 314
396 698 357
396 451 521
397 406 303
397 683 437
399 516 491
401 450 249
401 527 380
401 538 104
402 584 615
402 510 322
402 654 102
402 559 144
405 519 426
407 652 599
407 685 291
408 438 204
408 510 601
409 584 1
409 697 153
409 667 498
409 598 463
411 663 218
413 536 623
416 536 348
418 636 603
418 460 291
419 517 158
419 625 662
420 658 142
422 549 651
423 557 312
425 505 660
426 480 692
426 630 341
427 435 152
429 523 246
429 582 350
430 666 634
430 590 622
431 434 530
431 636 505
431 613 320
432 436 614
433 537 534
435 659 214
437 686 14
440 575 16
442 688 119
443 475 373
444 683 192
444 566 444
446 537 345
450 661 109
451 668 94
453 514 665
455 625 693
456 552 375
458 481 529
459 516 387
461 651 471
461 590 413
461 510 211
463 691 298
463 646 537
464 650 64
465 637 677
466 480 485
466 553 396
466 638 688
472 667 303
472 613 120
472 677 311
475 638 238
480 678 473
480 502 469
480 495 587
485 635 297
486 553 676
487 577 593
487 591 566
488 657 657
492 685 339
492 694 476
493 681 50
493 507 67
494 644 159
496 661 106
497 625 434
498 584 383
498 689 396
498 521 534
499 665 365
501 569 268
503 605 460
503 535 346
504 540 414
505 636 576
505 605 50
506 655 336
507 648 538
508 675 107
508 516 43
508 566 241
509 667 445
511 548 646
514 693 470
522 577 323
523 659 404
525 633 486
525 636 231
528 644 175
530 572 337
530 599 386
534 691 420
535 675 546
538 571 658
539 619 406
546 594 112
546 610 550
548 593 458
551 624 149
554 597 691
555 682 141
556 661 41
557 608 515
557 632 25
560 648 562
560 674 422
562 568 115
570 630 64
572 668 503
574 658 194
575 622 653
576 673 154
576 580 329
580 632 510
580 636 133
581 674 228
581 606 110
592 680 282
593 616 190
593 637 18
594 627 553
597 690 245
602 665 176
602 614 515
611 681 185
622 678 324
623 696 404
623 625 201
635 668 381
646 675 170
648 684 481
654 684 17
660 695 251
670 686 302
674 678 200
680 692 28
