0 33 1
0 22 16
1 9 1
1 99 24
1 37 13
1 63 22
2 16 28
2 27 20
3 80 13
3 21 27
4 19 23
4 60 24
4 15 6
5 55 20
5 21 21
5 7 10
6 56 27
6 64 28
6 37 3
6 70 17
6 23 6
7 59 29
8 43 25
8 71 18
9 40 20
9 50 28
9 82 30
9 87 3
9 63 28
10 21 4
10 71 4
11 89 15
11 76 29
12 98 10
12 67 2
17 32 8
17 36 9
17 30 21
18 37 27
18 23 9
19 61 15
20 34 17
20 51 22
20 70 30
21 82 8
23 35 10
23 75 18
23 49 15
23 29 7
24 64 15
25 80 28
25 47 9
26 41 10
27 55 28
27 34 9
27 95 9
28 33 10
29 96 7
29 72 4
29 76 13
30 72 29
30 46 3
30 95 12
32 91 18
33 97 8
33 34 5
33 37 17
33 74 3
33 84 26
33 61 6
35 98 13
35 42 21
35 93 3
37 43 29
37 76 17
37 78 19
40 49 15
41 52 3
41 95 7
42 66 29
43 78 17
46 73 14
46 68 16
47 77 2
47 93 20
48 97 23
49 60 9
49 78 10
51 62 9
52 82 24
53 63 21
55 82 8
55 93 29
55 77 1
57 82 26
57 62 24
57 94 23
57 85 15
58 60 5
59 97 26
59 66 7
61 96 16
62 83 12
62 67 24
63 69 16
64 94 4
64 71 19
65 80 10
65 88 27
65 82 19
66 77 10
67 74 14
68 96 7
68 74 28
72 76 22
73 86 24
74 85 26
75 87 10
75 78 7
86 91 18
