0 33 1
1 63 56
2 96 4
2 85 25
2 31 11
3 88 76
3 81 33
3 10 78
3 35 64
5 33 30
5 99 26
5 13 37
5 78 54
5 19 11
5 56 20
6 19 45
7 89 46
7 19 57
7 15 25
8 49 47
8 53 64
9 88 72
9 43 80
9 70 59
9 30 75
10 32 73
10 53 72
11 13 62
11 14 3
13 64 50
13 67 26
13 38 45
15 17 42
16 58 71
17 80 19
17 24 34
17 82 61
17 53 40
18 41 52
18 27 41
18 87 2
19 22 15
19 24 11
19 90 7
20 64 58
20 70 36
21 68 14
21 61 7
22 49 32
22 61 67
22 46 23
23 53 64
25 96 31
25 60 4
25 54 31
26 52 12
26 71 78
27 36 56
28 69 52
29 58 70
29 63 21
30 85 20
30 73 36
32 52 18
32 37 33
33 83 26
34 88 68
34 49 8
34 53 30
34 70 57
34 56 23
36 93 17
37 96 26
37 59 68
39 86 42
40 49 75
40 83 77
43 82 27
43 47 16
44 99 34
44 93 52
45 49 38
45 59 32
46 72 12
46 52 41
47 61 39
47 70 73
48 73 80
49 67 26
50 61 47
51 98 51
51 52 43
52 65 24
54 56 28
55 67 78
56 89 55
58 65 35
58 77 31
60 98 33
61 81 9
62 64 16
63 94 58
70 96 53
70 98 25
70 79 46
70 86 40
71 86 4
73 88 76
73 75 67
73 95 72
74 90 32
74 94 61
75 95 12
77 90 16
79 91 71
85 99 22
85 94 67
86 98 54
93 99 68
93 95 70
