0 158 505
1 571 479
1 358 576
3 12 410
3 516 399
3 390 500
3 548 331
4 144 8
4 289 99
4 336 485
4 134 561
4 368 110
5 412 188
5 20 430
5 429 287
6 83 390
6 526 335
7 145 456
7 195 506
8 377 93
8 546 435
9 96 218
9 450 295
9 50 500
9 77 96
10 518 424
10 566 465
10 38 393
11 27 432
13 324 25
13 109 95
14 449 299
14 580 535
14 414 404
14 454 322
14 532 344
15 443 81
15 179 187
16 67 106
16 131 97
16 333 288
16 206 64
16 111 216
17 489 313
17 484 417
18 112 318
19 272 560
19 415 21
19 573 522
19 222 381
19 543 99
21 599 183
21 94 399
21 47 471
22 162 177
23 561 597
23 58 231
23 422 385
24 169 15
24 117 36
24 415 72
25 316 171
25 85 332
25 229 261
26 578 80
27 406 558
28 314 76
28 525 570
28 199 578
29 280 232
29 91 229
29 437 321
29 503 306
30 69 414
30 302 251
31 108 259
31 517 122
32 300 398
32 268 317
32 562 252
32 430 226
32 338 198
32 278 492
33 346 286
33 243 137
33 516 413
34 457 416
34 139 72
35 56 235
35 137 143
35 128 542
35 341 585
36 144 318
36 145 563
36 435 311
36 257 580
37 332 262
38 458 580
39 568 199
39 168 515
39 108 228
39 439 13
40 452 553
40 543 460
41 459 279
42 584 455
43 409 54
43 301 101
43 61 504
44 106 431
44 205 205
45 168 347
45 426 299
45 227 312
46 412 185
46 540 374
47 217 454
48 227 45
48 174 59
49 174 176
50 168 348
50 343 327
51 274 92
51 125 316
52 227 70
53 140 242
53 548 378
53 159 428
54 140 287
55 353 409
55 389 430
55 423 591
56 531 443
56 342 158
56 383 550
57 492 253
57 311 542
58 584 203
58 592 198
58 574 218
59 312 383
59 569 238
59 573 460
59 343 499
60 397 576
60 310 536
61 290 349
61 404 570
61 423 35
62 498 528
62 210 474
62 446 557
63 222 436
64 456 347
64 326 13
65 330 570
65 294 96
66 554 257
67 149 481
68 550 466
69 419 527
69 295 120
70 144 190
70 305 457
70 352 147
70 207 417
71 516 471
71 294 248
71 143 452
73 465 301
74 473 116
74 590 441
75 98 504
75 123 116
75 180 239
75 93 554
75 199 68
76 225 29
77 133 174
79 471 20
79 269 182
79 375 38
80 392 530
80 186 196
81 391 427
82 377 556
82 90 237
82 524 423
82 241 120
83 86 491
84 162 595
85 411 478
85 397 227
86 329 498
86 458 272
86 165 135
87 130 480
88 481 328
88 450 209
88 569 480
88 207 475
89 362 384
89 539 532
89 426 548
90 120 35
91 250 381
91 475 564
91 581 239
93 332 280
93 515 278
93 148 217
94 596 582
94 101 347
96 323 132
97 320 66
97 264 187
97 174 470
97 407 213
98 112 422
98 448 442
98 163 159
98 357 178
99 456 372
99 358 331
100 343 506
101 394 466
101 331 214
102 335 479
102 487 33
103 369 589
104 480 62
104 331 61
104 279 97
106 400 289
106 380 577
106 501 504
106 169 309
107 408 372
108 352 282
108 390 210
108 530 81
108 597 53
108 509 320
109 256 394
110 585 440
110 250 466
110 506 325
110 582 529
111 152 3
111 522 179
111 598 309
112 415 133
113 187 550
113 452 45
114 374 324
115 440 412
115 293 439
115 407 25
116 472 216
116 177 402
117 301 360
117 277 411
118 208 521
119 529 53
119 303 41
121 139 70
122 592 264
122 159 572
123 531 490
123 496 365
123 402 288
125 329 156
125 331 405
125 374 508
125 316 545
125 508 339
125 509 374
127 189 534
128 329 303
128 330 122
130 468 428
130 382 261
131 562 387
131 547 246
132 426 16
132 149 426
132 454 120
133 375 362
135 489 230
135 394 222
135 173 518
135 390 408
136 575 449
137 248 292
139 411 528
139 350 104
139 166 176
140 545 184
140 228 190
140 463 43
140 156 270
141 153 190
142 180 526
143 410 600
144 375 282
144 307 470
144 149 201
144 471 85
145 555 193
145 495 11
147 348 7
147 179 442
147 172 69
148 233 318
148 150 446
148 190 179
149 312 515
150 544 163
150 428 201
150 269 168
151 202 178
152 555 319
152 323 59
152 171 179
152 172 362
153 336 536
154 377 170
154 532 299
154 350 578
155 273 82
155 451 135
156 260 527
157 168 257
157 584 589
158 579 230
158 275 477
159 215 469
160 317 447
160 461 368
161 579 169
161 350 440
162 396 350
162 378 75
162 571 362
163 275 304
163 433 576
163 491 239
164 459 315
165 463 583
166 267 482
166 435 449
168 515 62
168 200 217
168 300 423
169 299 503
169 452 583
169 365 345
170 514 332
170 482 310
171 563 466
171 339 536
171 387 590
172 336 256
172 442 428
174 522 16
174 433 302
174 511 77
174 599 48
174 283 491
174 415 561
175 190 131
175 422 589
175 373 257
176 477 212
176 190 210
177 594 572
177 294 428
178 538 466
179 289 159
179 594 492
179 374 13
180 440 122
180 364 12
180 407 192
181 225 563
181 298 299
181 549 205
185 449 390
185 547 573
185 196 72
185 294 336
185 394 118
185 590 154
186 324 424
186 445 468
188 536 523
188 498 202
190 538 590
190 295 226
191 226 478
191 236 322
191 554 20
191 414 595
192 202 441
192 363 364
193 385 35
193 503 546
195 216 472
198 458 124
198 372 420
199 305 598
200 317 313
201 352 393
201 537 476
201 205 26
204 538 518
205 557 140
207 389 469
207 240 255
207 599 269
207 313 352
208 249 243
208 237 157
209 225 271
209 271 593
210 522 250
210 428 51
210 421 430
211 291 516
211 483 96
212 456 581
212 492 377
213 387 292
215 514 58
216 561 546
218 360 400
218 434 365
218 402 356
219 322 390
219 430 476
220 430 326
221 333 493
222 403 555
223 531 583
224 336 117
226 565 144
227 572 471
227 270 299
228 260 194
228 475 320
228 317 494
229 478 368
230 312 474
231 455 175
232 587 309
233 532 367
233 493 116
236 336 331
237 513 149
237 324 557
238 537 177
238 307 390
240 296 438
240 379 175
240 333 253
241 514 191
241 371 467
242 461 421
244 251 69
244 477 532
244 431 176
245 521 151
245 373 461
246 514 382
246 595 10
248 300 105
248 513 449
249 259 351
251 514 102
251 374 160
252 577 63
252 594 393
252 571 181
252 293 155
252 391 8
253 404 47
254 470 6
256 591 374
257 363 228
259 560 456
259 330 287
259 373 123
259 297 327
260 588 280
260 367 129
260 420 322
260 414 406
261 265 142
261 555 407
261 396 136
262 269 594
263 361 401
263 302 459
264 371 442
264 388 451
265 507 17
265 419 324
265 350 399
266 424 125
266 492 197
266 556 434
266 278 417
266 532 187
267 328 186
269 440 23
270 326 389
272 445 158
273 587 32
275 524 120
276 277 590
277 302 421
277 310 352
278 539 94
279 297 566
280 287 167
281 426 438
281 350 396
282 562 590
284 388 369
285 558 297
286 555 446
286 310 277
287 329 290
287 307 65
288 572 390
289 374 556
293 344 229
293 520 53
295 511 490
297 587 242
298 592 135
298 556 255
298 503 178
299 436 249
299 543 393
300 469 489
300 473 257
301 528 20
303 519 296
304 453 320
305 337 204
305 482 471
305 327 357
307 321 464
307 506 255
307 542 244
308 587 232
308 565 228
308 478 570
309 363 597
311 592 114
311 570 553
311 328 353
311 433 13
312 577 8
312 420 240
313 510 292
314 372 301
314 428 301
315 373 355
316 415 198
317 405 373
318 390 3
319 537 266
319 322 278
319 428 239
322 522 307
324 377 579
324 537 539
324 540 338
328 502 600
330 339 558
330 565 459
331 432 102
331 569 459
332 464 585
333 443 333
335 453 395
338 514 267
338 515 334
338 533 55
339 423 73
340 456 403
340 474 108
340 494 43
341 491 98
341 509 253
346 596 273
347 438 393
348 467 170
350 396 455
350 466 266
353 485 253
354 536 88
355 396 516
356 557 284
357 426 368
359 579 481
359 430 83
363 430 103
364 596 86
364 517 306
364 471 570
365 457 531
365 484 139
367 580 31
369 579 570
370 524 411
370 539 75
370 548 522
370 489 162
374 392 298
375 520 209
377 392 550
377 499 18
378 498 468
378 589 134
381 495 476
383 480 521
383 401 279
385 453 170
386 599 65
387 562 258
388 464 211
388 507 208
390 527 287
391 590 408
391 535 511
392 490 488
392 403 420
392 408 291
392 442 197
393 514 435
396 454 544
400 547 138
403 549 506
404 432 241
405 427 548
406 563 280
406 492 438
407 485 293
408 528 406
412 478 260
416 572 139
417 451 125
419 537 107
419 570 39
419 454 489
420 484 104
420 423 276
421 545 551
421 593 83
423 533 533
424 438 226
425 593 313
428 487 510
429 477 417
430 527 508
430 597 521
430 543 96
435 490 439
435 439 182
436 507 3
439 506 491
440 493 115
441 579 479
443 460 54
445 506 147
448 505 305
448 537 72
449 482 483
450 590 449
450 537 398
451 480 199
451 510 42
452 539 411
452 484 109
455 464 226
455 577 523
455 458 322
458 463 92
459 504 443
463 497 485
467 511 96
468 584 441
470 535 20
476 599 467
479 545 281
482 572 537
483 530 187
484 510 279
485 539 246
492 574 229
497 554 402
498 587 265
498 556 285
509 543 300
515 571 529
521 566 159
525 528 430
527 544 359
533 593 153
553 567 345
557 568 513
558 572 354
564 567 272
566 579 186
570 586 337
574 590 58
586 590 89
