2 312 10
2 244 1
2 183 5
3 424 9
3 412 7
3 163 4
3 532 4
3 69 1
4 577 8
4 590 2
4 432 7
4 51 9
4 245 7
4 415 2
5 161 5
6 72 10
6 433 6
7 339 3
8 302 10
9 243 7
10 343 9
11 562 5
12 210 1
12 547 2
12 100 6
12 309 1
13 223 4
14 377 10
15 25 8
15 179 8
16 242 3
16 59 10
17 140 8
17 364 10
17 110 2
18 41 4
18 170 6
18 241 1
18 510 4
18 569 6
19 44 6
19 402 7
19 565 10
19 406 3
19 56 9
19 59 9
20 192 1
20 393 1
20 166 8
20 327 6
21 42 10
21 467 7
21 90 1
22 160 8
22 329 5
22 259 4
22 360 3
23 280 1
23 42 8
23 148 4
24 296 9
24 204 8
26 156 10
27 480 6
27 346 6
27 437 2
29 202 3
29 347 7
29 484 9
30 283 5
30 167 8
31 449 10
31 210 1
32 376 4
32 158 10
32 270 3
33 445 4
34 523 6
34 370 2
34 107 2
34 467 3
35 426 6
35 116 2
35 190 3
36 515 6
36 462 5
37 512 2
37 519 9
37 390 3
37 175 3
38 192 7
38 264 10
38 362 5
38 173 3
38 176 4
38 554 8
38 479 2
39 169 7
39 531 9
39 377 8
39 435 3
39 111 10
40 200 7
40 433 6
40 419 1
40 62 8
40 198 5
41 412 5
41 418 5
41 380 6
42 175 4
43 481 9
43 532 8
44 126 5
45 354 1
46 267 4
46 305 2
46 587 5
46 518 5
47 568 10
47 67 2
47 509 4
48 518 3
48 190 6
49 56 5
49 298 1
50 107 5
50 391 2
51 275 9
51 309 6
52 168 5
52 465 3
53 347 9
53 510 4
54 168 9
54 345 3
55 312 2
56 306 10
56 421 6
56 399 10
57 233 10
57 163 4
58 72 1
58 112 10
58 506 1
58 169 6
58 433 4
59 581 10
59 552 1
59 339 2
59 340 1
60 434 10
60 508 2
60 206 2
61 401 7
61 323 5
61 435 7
62 193 10
62 65 7
63 100 9
64 313 8
64 132 2
65 279 2
65 183 4
65 175 4
66 233 7
66 213 10
67 419 2
67 381 4
68 512 8
68 568 9
68 69 9
68 543 2
70 125 10
70 438 4
70 415 10
71 150 6
71 394 4
71 395 5
71 118 5
71 505 10
71 570 4
73 153 10
73 554 7
73 591 3
74 167 5
74 92 3
74 423 7
76 572 4
78 477 1
79 249 6
79 227 10
80 116 6
81 403 3
82 122 5
82 131 7
83 229 7
84 134 6
85 337 6
85 523 1
85 501 10
86 256 4
86 475 2
86 92 7
87 484 10
87 342 7
87 119 6
88 99 6
89 538 4
89 155 5
89 436 5
90 162 10
92 456 8
94 533 1
95 366 2
95 598 7
96 280 8
96 130 4
96 478 7
96 318 8
97 497 7
98 210 7
98 330 8
98 174 5
99 224 9
99 542 9
99 335 9
100 185 8
100 237 1
101 515 8
101 422 6
102 216 1
102 365 9
102 269 2
103 105 2
105 144 9
105 537 8
105 565 7
106 537 2
106 555 1
106 289 2
107 193 2
107 587 7
107 484 2
108 169 4
108 118 10
109 259 5
110 131 4
110 168 1
110 233 9
110 470 8
110 120 8
114 349 3
114 531 1
114 532 8
114 374 2
114 285 5
114 478 9
115 387 6
115 277 2
116 280 6
116 270 7
116 127 7
117 585 3
117 426 8
118 444 5
119 536 5
119 274 10
119 407 10
119 493 6
120 121 5
120 323 10
120 519 1
121 236 7
121 181 1
121 278 2
121 343 5
121 378 7
121 477 8
122 281 8
122 595 2
123 153 7
123 289 8
123 571 1
123 393 3
123 447 9
124 249 6
124 386 3
125 210 5
126 335 9
126 359 9
127 586 1
128 290 5
129 285 5
129 511 2
131 231 9
132 308 2
133 266 8
133 243 9
133 188 7
135 264 8
135 370 2
135 182 4
136 592 7
136 364 6
136 335 4
137 578 4
137 395 1
137 419 7
139 164 2
139 202 2
139 339 4
139 588 1
140 165 3
140 566 9
141 385 6
141 573 5
141 393 1
142 196 4
143 149 10
144 444 10
145 562 6
145 395 6
147 376 8
147 587 4
147 582 10
147 286 5
148 554 4
148 359 7
149 360 5
149 530 7
149 350 4
152 276 6
153 561 10
153 199 9
153 439 9
156 395 3
156 317 6
157 557 9
158 160 10
158 269 5
160 390 10
162 297 3
163 416 7
163 598 1
163 479 7
164 432 3
164 313 2
165 530 10
165 518 5
166 265 5
166 228 7
166 441 3
167 289 3
167 242 2
167 496 10
167 369 2
167 370 7
168 381 3
169 311 4
169 540 2
170 369 9
170 428 6
170 294 9
171 392 7
171 256 4
171 372 1
172 261 3
173 290 5
174 200 3
174 420 8
175 243 8
176 369 5
176 430 7
177 507 4
177 484 1
178 361 1
179 421 10
180 550 6
181 400 7
181 193 3
181 537 10
182 441 10
182 314 9
182 223 9
185 246 6
186 563 8
186 355 9
186 460 6
186 525 5
187 435 10
187 492 7
187 573 7
189 369 2
191 375 4
191 199 10
192 253 4
194 544 9
194 532 10
194 509 4
195 598 8
195 591 9
196 563 9
197 382 2
197 271 8
198 432 2
198 250 1
198 311 9
200 570 8
200 478 7
202 233 4
202 306 6
203 324 4
203 518 8
204 494 6
207 305 10
207 475 1
207 297 1
208 267 5
208 318 1
209 462 2
212 451 4
212 332 8
214 564 6
216 426 7
217 288 3
217 437 9
217 238 3
217 599 10
218 344 4
218 487 6
219 283 4
220 263 9
220 239 9
221 363 2
222 418 1
222 347 5
222 493 8
223 549 4
224 306 2
224 397 10
224 301 5
225 377 5
225 290 1
226 228 8
226 325 9
227 535 4
228 480 2
228 328 10
229 514 5
230 564 1
230 383 4
231 555 6
231 397 6
232 419 5
234 314 4
234 343 7
234 287 9
235 237 8
236 278 7
236 289 4
237 282 5
238 325 7
239 323 5
240 372 10
241 275 7
241 406 1
242 436 10
243 463 8
244 588 3
244 516 10
244 553 6
245 386 8
245 429 5
246 504 10
247 379 4
248 289 5
248 419 5
248 347 9
248 277 3
249 513 6
249 519 7
249 458 2
249 427 2
251 444 1
252 402 10
253 545 2
253 418 1
254 594 3
254 436 8
255 297 9
255 469 6
256 456 7
258 451 2
258 413 10
258 502 7
260 341 2
260 509 6
262 509 2
262 335 10
263 596 6
264 392 4
264 458 1
264 506 3
264 316 3
265 300 8
265 278 3
267 368 9
270 463 4
270 407 5
271 284 9
272 348 6
272 518 3
272 383 4
274 596 7
275 443 4
276 434 3
276 387 8
276 469 7
277 555 9
278 482 10
279 309 3
280 584 7
280 539 4
281 390 5
283 547 9
283 323 4
284 530 5
284 295 8
285 473 6
290 317 5
291 525 3
291 342 3
291 501 6
292 545 2
292 555 8
293 551 1
294 448 10
296 481 8
296 317 9
298 369 8
298 586 7
298 572 5
298 591 1
299 501 8
299 311 5
300 350 7
301 426 7
301 547 2
301 572 7
302 488 10
302 562 8
302 595 3
302 590 1
303 367 7
308 505 9
308 357 9
310 335 4
313 525 5
313 463 1
314 446 2
314 335 7
315 461 7
319 386 3
320 517 9
320 589 10
320 567 7
322 361 7
323 559 9
323 413 7
324 480 7
325 342 4
326 594 10
327 483 10
327 509 6
327 541 6
330 522 6
331 545 8
331 379 7
333 338 1
339 579 4
340 411 2
342 393 7
342 549 5
343 403 4
344 590 2
346 505 8
347 356 5
347 407 9
349 569 4
349 453 1
350 458 2
352 395 4
352 517 6
353 438 9
354 416 8
354 553 9
355 427 10
356 430 10
357 581 5
361 447 10
362 546 6
362 405 5
364 382 8
365 501 6
366 417 6
367 379 9
367 411 6
367 525 1
368 552 2
369 371 2
373 463 1
374 564 4
374 383 2
376 476 6
378 540 2
380 540 9
381 388 5
381 527 7
382 386 9
383 417 5
383 579 2
383 398 7
384 405 10
385 431 1
386 445 7
388 414 4
390 506 7
390 578 7
391 574 3
392 473 9
394 501 7
395 427 1
396 508 2
397 568 6
399 420 10
399 548 6
403 594 5
406 538 4
406 502 6
406 481 6
407 540 6
409 532 3
409 486 9
410 540 1
411 541 2
411 493 3
412 477 9
412 422 8
413 569 10
414 517 7
417 460 7
419 480 9
419 490 9
419 568 6
420 587 8
420 487 10
424 579 7
424 589 4
425 456 4
427 473 5
427 564 10
428 592 9
433 518 1
436 541 5
438 579 3
438 595 2
441 474 6
441 477 9
443 566 3
444 496 4
444 468 6
444 446 7
446 469 5
447 485 3
452 594 1
452 516 4
457 502 6
460 562 2
461 489 1
463 473 3
465 509 2
468 566 5
469 482 4
469 478 6
470 573 7
470 502 9
474 514 6
480 570 5
483 549 3
487 599 8
490 507 3
493 550 9
495 527 1
499 580 9
504 599 1
505 583 7
506 522 2
506 557 7
507 592 4
507 545 4
508 516 5
509 563 3
510 565 2
510 598 1
520 563 6
521 573 10
532 557 9
542 568 4
543 561 4
544 545 8
544 587 2
547 574 3
552 565 3
554 593 5
565 572 10
567 587 4
574 595 1
587 591 9
593 596 3
