0 811 1126
1 212 874
1 546 175
1 347 952
1 572 1130
1 134 556
3 849 1335
3 1221 585
5 1148 841
5 879 276
6 1169 521
6 43 1165
6 541 176
7 1248 1275
8 897 656
8 475 284
8 436 175
8 111 20
9 232 971
10 1264 1106
11 639 769
11 1281 677
11 467 1326
11 1315 149
11 673 528
12 954 1377
12 130 104
14 642 1196
14 622 1010
14 166 777
14 1031 473
15 696 1072
15 467 1359
15 84 153
15 653 617
15 430 222
16 466 446
16 805 372
17 57 750
17 654 513
18 703 1099
19 488 288
19 1093 857
19 1111 855
20 360 553
20 1105 144
20 1348 208
20 685 662
22 1104 1226
22 81 899
22 1274 354
23 1195 1272
24 640 30
24 1321 378
24 497 217
26 539 6
26 343 527
27 984 596
27 457 871
28 200 89
28 1225 1183
28 680 1386
28 1292 1329
28 1216 866
29 750 805
29 255 698
30 1385 1262
30 330 340
30 971 1188
30 1356 1029
30 335 1315
31 1017 1003
31 1395 700
31 1302 1341
31 567 1313
34 64 423
34 100 1363
35 1049 636
36 529 351
36 1362 1276
36 1231 50
36 511 789
37 1192 893
37 250 1280
37 278 905
39 840 804
40 962 456
40 1178 682
40 300 569
40 478 1138
40 1214 130
41 1176 428
41 461 1214
42 1096 279
42 818 1295
44 57 687
44 1396 348
44 246 951
45 1088 466
46 604 699
46 1293 737
46 477 1076
48 681 650
48 430 1144
48 70 1333
49 961 1243
49 1396 823
50 248 1202
50 526 752
50 301 54
50 1230 496
50 373 994
51 719 884
53 290 1130
53 678 879
54 1308 1390
55 1008 898
55 585 1135
55 220 164
55 1032 1304
56 480 323
56 692 993
56 557 1216
56 1063 1171
58 108 87
58 595 895
58 740 718
58 477 270
58 1273 539
59 1084 113
59 1301 1093
62 1281 623
62 980 429
62 550 1210
62 1023 1181
63 827 485
63 415 649
64 1139 804
65 267 1119
66 1376 946
66 516 463
66 477 903
67 225 723
67 786 154
67 1351 221
68 1044 596
69 608 1049
70 635 1381
70 1247 127
72 1331 588
73 513 1044
74 1246 474
75 441 896
75 1237 186
75 943 86
76 1134 1372
76 1351 450
79 1210 936
79 363 489
79 1068 593
80 1016 428
80 776 1202
80 403 883
82 1194 1343
83 1272 509
83 747 855
83 636 1376
84 675 61
84 485 1184
84 1071 663
85 466 444
85 1322 1327
86 177 1266
86 465 1358
87 1234 1254
87 1027 812
88 250 46
88 171 546
88 1290 1319
89 1145 788
89 399 1378
90 1107 86
90 1254 1058
91 1377 576
91 939 396
92 625 450
92 619 216
92 647 966
94 1243 1336
95 632 698
95 667 249
95 229 167
95 383 881
96 880 589
96 241 644
96 915 634
96 1132 785
98 991 1170
99 820 576
99 175 1020
101 960 1350
101 571 52
101 427 11
102 1132 502
104 977 774
104 1362 1366
104 1373 178
104 630 971
104 189 747
105 961 360
105 435 667
105 297 466
105 457 413
106 1097 304
106 1133 135
107 873 817
107 524 1366
107 1070 1349
107 1319 1209
108 899 538
108 990 806
108 1015 831
109 464 290
109 1208 664
109 538 1036
109 334 270
109 1038 866
110 1295 544
110 479 1291
111 913 775
111 1186 847
112 480 734
112 610 367
112 519 84
112 1343 656
113 464 58
113 1323 432
114 528 1119
114 312 457
115 397 737
115 583 773
116 234 454
116 279 507
117 373 522
118 317 313
118 694 677
119 1103 1042
120 231 299
120 175 554
121 1066 1309
121 1074 1114
121 1363 19
121 613 29
121 707 664
123 536 526
123 824 314
123 894 951
123 967 440
124 928 1258
124 750 612
125 174 804
127 1016 413
127 266 790
128 199 428
128 809 595
128 1107 931
128 566 315
128 217 610
128 1115 143
129 1168 952
129 609 99
130 922 815
130 509 709
131 585 819
131 1394 337
131 875 876
131 666 384
133 709 265
133 525 485
134 1205 211
134 1319 1331
135 507 4
136 625 387
136 347 1140
136 836 1352
137 627 62
138 1185 552
138 490 836
138 1076 994
138 1147 139
138 381 123
138 1247 1238
139 473 953
139 298 214
140 1042 233
140 772 1215
140 538 423
140 854 852
141 312 765
141 304 361
143 879 772
144 1274 496
144 1156 1230
145 247 980
146 542 110
146 767 615
147 425 495
147 613 812
147 1109 1085
148 1112 920
148 607 1342
149 913 653
150 1232 595
150 647 395
150 295 668
151 1153 386
151 692 791
151 471 1121
152 737 699
152 1128 1017
152 266 256
152 624 894
152 446 13
152 1375 1234
153 471 1255
153 1260 435
153 1271 137
154 569 1215
154 1199 1277
155 226 1283
155 988 480
156 920 1092
156 1140 836
156 732 240
156 1238 755
156 935 985
157 768 704
157 1072 449
159 706 1307
159 653 783
160 184 508
160 989 782
161 1234 380
161 1267 233
162 688 783
163 1139 1349
163 1266 26
163 882 1134
163 709 765
164 1377 8
164 746 923
164 1252 508
164 346 799
165 953 1370
165 406 99
167 1106 274
167 1181 373
167 702 1385
168 314 949
168 716 659
169 1137 285
170 1346 447
171 430 941
171 679 1210
173 537 1169
173 242 674
173 402 302
174 546 690
174 1085 248
174 1279 1077
176 595 472
177 751 664
178 706 1179
178 692 738
180 928 1263
180 625 607
180 1106 1364
180 1066 573
181 267 978
181 446 522
182 1086 141
183 1132 641
183 989 207
184 1174 978
185 673 505
185 614 254
185 1392 358
185 881 66
185 891 223
185 413 1056
186 1137 55
186 1379 340
187 390 1296
188 1268 266
188 438 1070
189 446 881
189 567 155
190 1129 845
190 1355 443
190 708 884
190 1195 21
191 809 1112
191 708 1162
191 1014 343
192 1395 833
196 251 856
197 480 1129
197 1137 756
198 1112 1166
198 343 705
199 1348 1263
200 586 328
201 976 161
201 413 1049
202 276 9
205 1183 28
206 721 918
206 518 917
206 1103 1206
207 660 693
207 758 359
208 544 1026
209 515 566
209 557 912
209 1014 431
210 599 475
210 1311 1394
213 1388 930
213 374 958
214 476 1390
215 513 88
215 1196 1041
216 1158 6
217 1056 495
217 1036 1400
217 718 909
218 275 442
219 714 1343
219 484 1331
219 399 195
220 768 59
220 1161 844
220 604 836
220 542 1313
220 255 852
221 501 476
222 1128 1391
222 831 707
222 1311 231
223 504 504
223 1021 515
224 764 1225
225 1203 1358
225 1397 25
226 875 1166
226 411 1266
226 751 820
227 1006 1133
227 399 608
228 571 696
228 612 585
229 1052 837
230 739 245
230 316 56
230 1197 495
231 411 1268
231 507 992
232 822 811
233 458 806
233 783 976
234 648 896
234 1280 710
235 1317 536
236 1290 724
237 681 938
237 1300 61
237 645 997
238 625 740
238 1173 752
239 920 956
239 601 233
239 1037 731
239 989 1005
240 1185 859
240 1346 364
240 802 663
240 1317 577
241 315 112
241 1031 1334
241 1202 578
241 1234 417
241 1183 311
241 1055 643
242 860 270
242 569 1008
242 1084 314
243 524 923
243 588 1255
243 1102 632
243 598 534
243 1111 597
243 1115 450
243 380 1094
243 1021 724
244 1050 394
244 971 1381
245 1162 546
246 759 829
247 370 281
247 571 631
247 532 563
247 410 613
248 896 1342
248 1019 864
248 1052 375
249 448 341
250 1002 342
250 1086 1344
251 1089 1382
251 1034 9
251 428 766
253 1359 1378
254 408 408
254 898 1058
254 614 97
255 1144 925
255 1295 314
256 1298 315
256 851 1369
256 1108 549
257 528 532
257 812 463
257 260 282
258 1194 1158
258 1213 88
259 1056 59
259 1255 686
259 809 997
259 268 143
259 1266 177
259 786 1107
259 959 167
260 1152 1160
260 709 421
261 638 570
261 1191 261
262 604 372
263 1106 482
264 730 466
265 761 210
266 1386 157
266 483 194
266 778 120
267 832 723
267 1379 207
267 363 690
267 588 153
268 720 127
269 333 765
270 697 841
270 757 1351
271 616 187
271 641 444
271 842 954
273 1368 595
274 1329 1311
274 1172 168
274 708 1237
275 494 985
278 1323 1334
278 357 1143
279 986 1196
280 1280 439
280 1331 1009
280 1079 1133
281 1175 670
281 862 990
281 855 159
282 757 194
284 904 464
284 567 1328
286 1368 1319
286 1088 841
287 1365 599
288 1272 1260
289 1078 137
289 631 408
292 498 1186
292 1283 1137
293 496 76
293 695 470
293 852 290
293 391 321
294 793 204
295 585 656
295 394 532
295 812 355
295 1114 503
295 1022 486
296 450 127
296 986 1153
296 755 392
296 714 761
297 425 1244
297 554 1296
298 929 1223
298 1254 503
298 748 1316
298 1394 857
298 767 569
299 877 756
300 952 660
300 360 272
301 441 1035
301 820 542
302 685 214
303 1266 684
303 1205 945
304 373 1321
304 1239 384
305 994 1328
305 421 210
306 1223 1264
306 621 538
306 368 118
306 310 565
306 1181 42
306 1150 944
308 1104 1226
308 596 501
308 349 147
308 422 205
310 527 867
311 1221 715
311 983 521
312 968 72
312 626 263
312 976 1162
312 1076 1323
314 1121 351
314 848 1272
315 871 1298
315 1231 1000
316 849 1301
316 556 1135
317 685 100
317 933 579
318 1225 428
318 442 1204
318 585 1085
319 594 530
319 1119 753
320 1075 1292
320 741 841
320 1223 283
321 656 772
321 711 290
322 361 460
322 658 1375
322 838 565
323 769 250
323 1027 742
323 1060 661
323 708 803
324 1120 814
324 802 58
324 1037 951
324 910 51
324 575 1098
325 1048 483
325 1319 466
325 972 363
325 1195 435
325 1359 588
326 500 778
326 967 427
328 530 85
329 631 1271
330 402 1319
331 1145 265
331 347 1273
331 413 1165
332 1100 735
332 1326 280
333 1217 680
333 1093 377
335 720 769
335 341 369
335 942 505
335 394 1180
336 547 1319
337 1184 1120
337 387 311
339 840 1034
340 1289 1298
340 1146 754
340 1347 817
340 610 866
341 546 1002
343 1056 265
343 352 801
343 1362 593
343 635 16
344 1354 39
344 1372 573
345 866 399
346 1376 211
346 966 840
347 576 714
347 1161 922
347 364 922
348 489 161
348 1003 1305
348 1037 71
348 1137 96
348 1301 904
348 827 97
349 825 183
350 589 1257
351 438 658
353 800 1253
354 1358 823
355 977 238
355 404 721
355 644 887
356 976 192
356 1201 266
356 642 902
357 670 1010
357 623 84
358 633 995
358 1028 593
358 1209 780
359 1291 749
359 740 807
360 441 50
360 935 75
361 798 816
362 1139 1215
362 917 249
362 1373 740
363 1324 530
363 493 108
363 562 1052
363 765 1163
364 1347 735
364 903 367
364 748 563
364 657 18
364 1272 153
364 958 1392
365 1108 374
367 841 601
367 931 1165
368 725 944
369 387 1249
369 413 902
370 1170 779
370 1111 205
370 458 963
371 793 1015
371 671 358
372 490 393
372 453 85
375 1194 1326
376 1362 534
376 1359 103
377 756 820
378 400 201
378 1304 39
378 1131 788
380 995 1037
380 966 903
380 426 437
380 600 1198
380 1148 705
380 714 250
382 531 990
382 397 339
383 1304 134
383 1266 711
383 1015 1039
383 534 352
384 1266 245
384 1053 446
384 679 440
385 424 883
385 1290 712
385 596 1135
386 1224 148
386 577 536
386 1003 548
386 1343 526
387 608 824
388 544 1212
388 706 1206
388 1237 904
389 486 1285
389 679 289
391 1220 264
391 477 167
392 706 1353
392 1067 1086
393 552 174
393 1374 983
394 696 914
395 1002 435
395 735 1341
396 563 103
396 533 536
397 926 1051
397 1167 898
398 900 7
398 583 1246
398 1135 874
398 1173 150
398 508 1070
398 575 764
399 1040 712
399 952 550
399 666 1280
400 1077 558
401 712 47
401 632 637
401 524 958
401 1262 270
402 1076 1271
403 1249 1289
403 1362 576
404 859 135
405 952 877
405 1096 285
406 1055 1133
407 1234 13
409 1297 265
409 1305 849
409 1223 896
410 737 477
410 571 521
411 849 849
412 699 833
413 935 204
413 468 1164
414 931 349
414 933 1367
415 945 699
416 1350 310
417 1280 1353
418 994 186
418 1202 756
419 1352 1377
419 1116 1371
420 1041 254
420 1094 1064
421 571 1189
421 1119 1259
422 738 933
422 791 142
424 730 923
424 751 195
425 1376 158
425 625 826
425 1335 650
425 569 1300
425 1213 137
426 586 1040
426 650 537
427 882 696
427 741 231
428 497 1116
428 890 364
429 1342 650
433 937 504
433 478 665
434 479 1162
435 1279 161
435 1111 1172
436 854 1395
437 864 132
437 441 1143
438 472 818
439 1092 260
439 1076 810
439 1075 791
439 508 736
440 748 1232
440 883 1368
440 812 1268
441 444 731
442 576 112
442 485 787
442 1134 1032
442 667 1334
442 477 1193
443 602 1081
443 1311 234
443 887 48
444 1394 998
444 934 767
445 723 1140
446 490 201
447 1105 308
448 721 346
448 1076 1135
448 569 628
449 1119 890
450 547 1368
450 950 1208
451 1146 326
451 563 707
451 1092 374
451 894 263
452 948 455
453 1116 483
453 631 304
453 703 69
454 528 108
454 1004 850
455 769 424
456 931 1258
457 1010 29
457 1277 860
457 863 107
458 737 1285
458 866 26
458 816 344
458 1331 1103
459 482 225
460 1323 406
460 1364 45
460 1037 578
462 597 54
463 1043 1397
464 1005 271
465 1211 405
465 964 1086
466 520 672
466 610 1281
468 671 1241
469 1279 483
471 960 1364
471 811 911
471 741 584
472 859 556
473 768 206
473 1001 457
473 778 938
473 1135 333
473 1182 1317
474 608 146
475 1085 161
476 1008 383
476 1135 909
477 925 487
477 1078 1382
478 597 392
479 864 535
479 777 372
479 532 1091
482 1396 408
482 947 953
482 1398 778
483 641 1087
483 804 662
483 1035 561
483 1103 921
483 790 1218
484 1053 497
485 802 443
486 1145 1118
486 820 1174
486 702 965
487 650 1221
488 781 708
488 1335 300
490 656 1054
490 904 767
491 1016 68
492 552 165
492 1365 323
493 970 161
494 572 1141
494 690 650
494 612 206
495 539 277
496 1077 74
497 1260 383
497 558 243
497 1359 594
497 1082 695
498 523 297
498 918 469
499 776 218
499 1153 1027
499 959 507
500 1113 1218
500 566 572
501 1385 802
501 547 1010
501 881 1342
502 1277 1271
504 894 547
505 616 514
505 1247 920
506 528 435
506 1267 549
506 836 410
506 1375 440
508 1345 1083
509 1289 390
509 1210 185
509 1028 1185
511 987 560
511 1109 1322
511 1086 353
511 767 328
512 889 229
512 1245 268
512 581 860
512 1271 1385
513 884 83
514 1026 322
516 872 835
516 1122 64
517 1003 24
517 950 1206
518 1393 1070
518 1394 897
521 899 494
523 871 855
525 1053 332
526 600 1007
526 1368 416
527 1241 873
528 1064 1066
528 852 227
528 727 735
529 582 885
530 1085 1235
531 1216 353
531 891 308
532 1200 458
532 533 662
533 1120 676
533 1109 922
533 623 886
534 1324 789
534 1231 1196
535 1117 1272
536 848 450
536 1297 1286
536 666 274
536 963 1348
537 885 530
538 1101 949
539 623 636
540 1016 1221
541 753 989
541 813 292
542 556 1301
543 891 465
543 1124 350
544 1214 1339
546 1285 694
546 744 184
546 976 503
546 885 1347
547 1017 168
547 1324 279
550 1126 925
553 832 201
553 661 341
554 720 550
554 1218 1348
554 1159 1395
555 1075 859
555 652 880
556 1354 809
556 1166 967
556 789 477
558 1243 1064
558 629 915
559 791 986
560 649 1301
560 1162 211
561 1347 875
561 987 1284
562 1277 1203
562 645 77
563 966 1061
564 1232 1170
565 1111 376
566 1267 267
566 638 147
566 639 1369
567 1064 640
567 937 1212
567 1387 947
569 1219 222
570 697 241
571 1258 486
571 688 369
571 1138 1208
576 1201 1031
576 1011 505
577 1359 263
578 1021 1238
578 1111 1076
579 920 843
579 740 762
579 1374 244
581 812 1327
581 1196 823
582 1301 121
582 1190 408
583 1009 853
584 760 713
584 1231 639
585 699 1162
585 1308 219
587 616 654
587 1171 239
587 668 1362
587 1246 202
588 1227 391
589 635 892
590 940 993
591 1307 944
591 743 735
592 702 556
592 894 88
593 1344 310
593 609 634
593 966 574
594 833 833
594 858 749
594 862 842
595 1009 806
595 1046 339
595 681 867
596 1278 345
596 1049 749
597 1001 1322
597 625 118
598 907 776
598 1132 966
599 979 342
599 899 710
600 1038 213
601 888 1095
601 607 342
603 1175 593
605 1065 881
605 1268 1122
605 1286 637
606 793 388
607 1243 799
608 928 165
608 877 140
609 645 460
609 711 1190
609 1102 310
609 797 1090
610 1338 882
610 1351 839
611 1330 340
611 790 611
612 1378 910
613 764 641
614 924 745
615 1036 122
616 1301 530
617 684 617
618 942 846
618 951 970
619 744 864
619 974 135
620 1198 1209
620 1103 838
622 1176 1230
622 850 230
622 1303 918
623 896 1313
623 1340 1154
623 778 475
623 988 1072
624 997 258
626 1169 1170
627 788 332
628 1392 16
628 780 908
629 1176 92
631 1148 828
631 831 1353
633 1082 904
633 749 344
633 653 238
634 984 369
634 953 539
634 1358 865
635 1056 405
635 913 1021
636 778 296
636 1007 236
636 1039 396
637 1364 425
637 1276 188
638 1273 1056
642 731 1031
644 1244 215
644 989 492
645 763 46
647 947 857
648 706 546
648 1035 1249
648 805 1104
649 1391 1078
650 961 1172
652 1044 162
653 1096 753
653 1098 34
654 1399 1164
654 1279 509
655 1168 445
655 986 833
655 1175 650
657 857 443
658 784 361
658 846 866
659 1360 238
659 729 852
659 1051 468
660 883 879
661 865 1274
661 663 453
661 1052 622
661 1353 537
663 1201 1395
664 710 974
665 916 786
666 1352 255
666 1107 182
667 895 1126
668 848 1294
670 905 1126
672 794 275
673 1189 1042
673 846 809
673 1014 420
674 1327 1193
675 1300 1308
678 1241 1121
678 1003 220
678 1125 153
679 755 802
680 712 261
680 1032 541
680 942 271
681 697 159
681 1339 898
682 919 639
683 1257 65
683 1028 1311
684 938 1272
684 1334 926
684 1119 1107
685 1281 640
685 1318 962
685 929 45
688 897 217
688 1133 944
691 757 851
692 1248 6
692 964 1203
692 1005 1273
693 882 895
694 1120 649
694 1033 525
694 1358 974
695 897 1089
695 1198 252
696 898 377
697 1325 1001
697 733 619
699 1384 161
700 1338 393
701 1320 846
701 964 257
701 926 1198
702 1228 74
703 1167 983
704 1120 887
705 1210 303
705 1363 1396
706 807 91
706 977 390
707 1299 73
707 719 1132
708 1029 103
709 1258 141
710 976 1336
710 1036 1218
712 832 9
712 791 482
714 932 1279
715 1097 673
715 1395 28
718 809 1283
718 735 163
719 734 1302
720 1283 482
720 1118 278
721 1076 704
723 1320 1329
723 1010 254
724 1000 582
726 1281 1399
727 1313 249
727 970 503
728 865 420
728 1015 1329
730 1292 1104
730 1317 216
731 762 1202
731 930 613
732 1139 547
732 741 453
732 1206 806
733 813 419
733 1153 865
734 982 209
735 1302 886
736 1227 99
739 1310 976
739 949 666
740 1089 781
741 1140 686
742 777 315
742 1375 420
742 1049 1192
743 1337 628
744 1166 954
747 1062 239
748 1122 922
748 1258 930
748 1166 1013
749 975 175
750 1259 400
751 1070 1355
751 990 311
753 800 941
754 1339 118
755 1019 256
757 770 714
757 1288 559
757 1225 914
757 1367 1252
758 1000 999
758 787 453
758 845 628
759 1300 764
760 851 347
760 796 1085
761 1126 858
761 911 314
761 1392 838
761 1297 60
761 986 684
762 861 1035
762 775 42
763 765 593
765 971 1296
766 936 526
766 1147 258
766 1131 765
767 773 1245
768 1284 1080
768 935 1109
770 1193 732
770 1111 630
770 868 287
770 1063 745
772 923 582
772 862 776
774 1096 573
775 1221 106
775 990 1060
776 800 396
776 1236 1184
777 1043 530
779 1385 609
780 810 1256
781 800 53
781 1124 666
782 1111 1095
783 1238 1397
784 1016 1273
786 1134 329
786 799 1106
787 788 283
788 969 1149
789 1164 917
790 1255 195
792 818 1343
792 813 903
795 1313 510
795 1131 1280
795 831 986
795 1019 300
796 1352 808
796 980 605
797 1156 70
798 868 1393
798 886 1338
798 913 672
799 1231 219
800 1193 1380
800 1047 1287
801 1218 286
802 962 472
804 1216 1202
805 1077 280
808 1343 696
810 1387 1363
811 1365 204
812 1380 686
814 1266 544
814 964 438
815 858 203
818 1118 1249
819 1296 282
819 1135 85
822 1147 1288
822 1285 548
824 888 839
825 859 511
826 949 24
829 1154 179
830 1211 1010
830 1061 1119
834 1291 743
834 1375 1017
836 1193 854
836 1084 1252
838 1040 622
840 1065 351
840 1329 97
841 1325 149
843 1060 621
844 884 578
845 846 612
848 1360 30
848 912 874
849 1351 735
849 1292 240
849 1228 1189
852 1036 650
854 1237 180
858 1026 822
859 1372 28
860 977 40
861 1140 989
864 871 745
864 1260 368
864 1157 686
865 1371 658
866 1169 973
867 1215 641
867 1399 333
868 1209 1330
868 946 286
871 1262 381
873 1035 990
873 1177 425
874 1074 211
875 1128 527
877 1395 559
878 1125 85
879 1085 187
879 1262 356
880 1293 956
881 892 1357
881 1117 1346
882 963 1219
882 1390 1173
883 971 699
883 919 1131
885 898 895
890 946 1273
890 1116 732
890 1303 347
891 1049 479
894 1387 303
895 1288 526
895 1151 1357
895 1253 82
895 1197 1014
896 1276 687
898 1178 673
898 1135 116
901 1328 681
902 1385 816
902 1004 529
905 967 61
906 1077 254
907 1171 311
908 1045 1388
909 967 25
911 1181 818
913 1162 992
916 1244 1218
916 982 729
920 1055 756
920 1329 1171
921 1356 162
922 1176 1127
922 1379 627
922 1292 37
923 1282 523
923 1174 733
924 1021 578
924 1205 1212
924 1351 1267
928 1323 682
929 1102 1142
930 1035 1221
930 932 1268
931 1382 385
934 1128 361
935 1227 847
936 945 1302
938 1308 106
941 1024 884
941 1066 539
943 965 854
943 1127 699
947 1178 996
947 1173 387
949 1278 640
950 1337 830
950 1217 596
950 1205 721
953 1310 538
954 1010 1344
957 1121 747
959 1254 749
961 1150 781
965 1131 1175
965 1140 1078
965 1165 340
965 1022 1164
966 1047 45
967 1283 990
968 1131 631
969 999 149
971 1102 1295
973 1058 240
975 1016 1318
975 1089 640
975 1335 662
976 1389 987
976 1328 333
983 1186 44
988 1308 11
989 1302 693
990 1339 1349
990 1151 143
994 1379 320
996 1076 547
997 1179 124
998 1068 1138
1003 1160 295
1007 1058 1104
1007 1214 1159
1010 1105 236
1010 1182 1164
1016 1098 682
1016 1236 297
1017 1113 356
1022 1087 1089
1023 1371 61
1023 1069 9
1024 1189 449
1026 1089 1370
1027 1237 880
1028 1345 1162
1029 1337 553
1029 1046 56
1033 1075 363
1036 1353 1069
1037 1397 182
1038 1256 180
1040 1279 1037
1045 1271 757
1046 1051 1189
1048 1223 444
1049 1078 280
1053 1306 876
1053 1282 964
1059 1332 309
1063 1344 273
1063 1346 696
1064 1212 1385
1069 1095 762
1070 1281 854
1071 1346 1345
1071 1166 332
1073 1178 648
1074 1299 1163
1074 1373 1051
1080 1282 350
1082 1247 282
1087 1136 522
1087 1139 530
1088 1293 498
1089 1336 479
1094 1230 550
1095 1188 763
1097 1244 1028
1099 1351 951
1101 1259 588
1103 1155 975
1103 1397 169
1105 1183 946
1106 1192 1212
1106 1162 996
1108 1162 949
1116 1140 443
1119 1169 1234
1119 1367 264
1119 1375 514
1121 1199 14
1121 1298 463
1123 1322 455
1123 1190 1080
1124 1233 220
1124 1135 1368
1141 1161 1140
1142 1246 352
1143 1344 1093
1149 1351 1368
1152 1259 554
1158 1248 747
1163 1314 1081
1166 1204 803
1167 1270 183
1170 1324 721
1175 1238 1245
1179 1299 1162
1182 1337 769
1185 1321 1378
1188 1338 321
1192 1195 1182
1198 1224 1006
1209 1271 1339
1210 1272 1153
1219 1349 1097
1220 1259 819
1228 1320 658
1229 1265 533
1231 1247 492
1242 1295 336
1252 1299 500
1252 1397 1083
1255 1294 1341
1259 1338 589
1261 1347 872
1278 1331 863
1278 1367 330
1288 1368 367
1297 1359 293
1300 1363 1011
1303 1312 519
1307 1310 165
1309 1396 340
1310 1312 404
1310 1358 730
1315 1395 519
1317 1346 29
1336 1342 128
