0 120 150
1 250 257
1 253 20
2 100 39
2 165 153
2 183 159
3 296 276
3 138 88
3 139 110
3 38 137
4 99 157
4 14 55
4 47 262
4 110 111
4 246 289
4 282 136
4 188 261
5 241 209
5 116 198
5 284 41
5 63 166
6 113 293
7 60 288
8 209 144
8 34 116
8 157 131
10 114 298
10 52 4
12 84 179
12 148 130
12 111 70
13 36 47
15 234 212
15 132 20
16 136 175
16 179 209
16 195 15
17 200 247
17 157 119
17 55 137
18 236 215
19 249 166
20 265 180
21 265 227
21 163 222
21 44 101
21 239 183
22 24 245
23 97 122
23 170 187
23 259 290
23 218 235
24 60 178
26 124 133
26 196 38
27 214 21
28 296 251
28 261 128
29 240 5
29 202 106
29 292 114
30 233 294
31 192 127
31 81 74
31 90 277
31 156 175
32 97 110
32 67 167
32 265 238
32 60 222
32 92 246
32 94 233
33 214 58
34 184 115
35 192 279
35 274 243
35 140 211
35 285 168
35 54 152
37 188 63
38 125 200
38 103 110
39 280 270
39 205 42
39 199 287
40 289 128
40 234 67
40 231 135
41 296 18
41 84 131
42 144 72
42 123 69
42 268 235
43 208 50
43 192 44
43 226 167
43 228 152
43 279 171
44 162 239
44 69 31
44 102 243
45 67 50
45 99 122
45 106 169
46 138 68
46 123 162
46 285 145
46 110 197
46 181 297
47 118 205
48 103 208
49 162 85
49 243 62
50 75 174
50 62 221
50 278 59
51 168 145
51 264 72
51 128 110
53 291 297
53 287 26
54 209 16
54 283 141
54 73 209
55 264 248
55 122 55
55 187 26
56 136 133
56 268 149
56 195 101
56 124 145
57 261 251
57 70 80
58 298 45
58 75 3
58 212 25
58 163 82
59 161 99
59 226 163
59 265 133
59 94 80
59 183 230
60 202 116
61 180 270
61 246 113
61 62 241
63 280 134
63 148 189
64 87 205
65 114 113
66 88 105
66 253 77
67 235 267
67 292 99
67 93 53
68 99 61
68 76 269
68 69 120
68 150 227
71 153 8
71 83 182
72 92 113
73 136 191
73 206 214
74 161 170
74 167 165
76 167 138
77 225 9
77 195 46
79 112 75
79 92 135
80 190 134
80 215 214
83 169 141
83 206 274
84 253 238
84 94 98
85 114 283
89 207 60
90 144 250
90 115 21
91 221 278
91 278 106
92 267 12
92 173 298
92 274 77
93 115 29
93 281 288
94 212 251
94 176 187
95 241 91
95 174 253
97 225 47
97 232 105
97 297 32
97 281 257
98 288 142
99 135 135
99 237 239
100 123 249
101 181 271
102 200 110
102 129 61
102 298 254
103 185 292
104 244 159
105 146 251
105 238 283
105 215 34
106 137 197
106 239 56
109 224 112
110 115 151
110 195 233
110 143 163
113 202 57
114 163 159
115 292 208
115 286 179
115 159 219
117 122 132
118 257 119
118 135 116
119 125 51
120 168 223
120 241 103
120 293 138
121 194 81
122 236 100
123 136 280
123 217 294
124 171 78
124 134 128
124 294 12
125 137 181
126 287 43
126 179 222
126 220 127
126 158 106
126 247 46
128 214 151
129 161 85
129 147 23
129 270 78
130 296 57
131 184 66
131 280 77
131 153 290
133 264 129
133 228 251
133 285 39
134 290 28
134 194 288
134 295 182
135 243 101
137 233 248
138 180 236
139 180 123
140 275 292
140 269 102
141 191 79
142 194 237
142 159 219
143 298 15
145 195 106
146 251 95
146 291 38
147 275 29
147 213 98
150 236 219
151 256 22
151 277 167
152 219 297
152 236 75
154 238 80
155 248 243
155 226 67
156 288 193
157 227 46
160 161 65
160 204 81
161 173 160
164 272 139
165 212 151
166 288 107
166 194 40
168 237 75
168 211 89
170 219 15
170 206 200
171 281 143
172 259 44
172 277 36
174 179 17
174 239 196
175 283 16
175 244 274
175 286 41
177 208 147
178 184 181
178 249 41
179 194 104
180 243 63
182 220 90
182 295 139
183 252 56
183 197 193
185 217 61
185 251 292
186 295 94
188 263 35
189 237 263
191 272 152
195 262 149
198 205 261
199 258 207
201 225 223
203 280 166
203 267 250
203 263 219
204 223 289
206 290 98
207 264 158
207 277 122
208 275 182
208 226 63
208 266 177
209 272 158
210 249 200
211 271 46
213 246 142
214 269 202
215 251 94
218 238 14
219 297 5
219 221 136
220 228 222
220 261 188
222 226 152
223 246 288
224 264 1
224 270 217
225 226 241
226 246 64
231 232 47
234 250 194
235 294 128
237 259 136
238 276 249
246 257 97
246 287 128
249 294 172
250 293 100
250 285 147
252 280 10
254 277 192
257 294 259
259 281 201
259 261 55
284 299 99
