0 130 8
0 71 6
0 1767 5
0 1881 7
0 28 1
0 1407 4
1 1286 9
1 71 5
3 195 3
4 295 6
4 549 3
4 1759 7
5 889 2
5 420 9
6 608 6
6 35 4
6 1005 6
7 1201 5
7 171 1
7 726 4
8 1377 1
8 763 4
8 1333 7
9 1246 3
10 1617 4
10 293 9
11 600 10
11 572 3
12 1181 9
13 24 10
13 873 4
13 703 10
13 837 10
13 361 5
14 930 8
15 1841 10
16 1702 1
16 1447 8
16 648 2
16 311 4
16 988 8
16 1854 2
18 858 5
19 824 7
19 1733 8
19 174 2
20 75 6
20 1286 5
21 56 3
21 1221 3
21 1311 6
22 536 8
22 1201 2
22 1524 4
22 886 4
22 191 2
23 1502 10
24 284 5
26 913 10
26 204 10
26 1861 4
26 553 3
27 812 1
27 1684 10
27 999 3
28 448 8
28 290 5
29 896 7
29 281 9
29 133 9
29 1817 7
30 688 10
30 1481 5
30 1475 7
30 163 5
30 417 6
31 889 4
31 1355 2
31 1565 2
31 1222 5
31 1391 3
33 385 9
33 163 8
33 1004 6
34 1766 2
34 1646 1
34 1650 4
34 1651 10
34 150 10
34 538 5
34 1630 6
35 942 7
36 1700 9
36 1510 6
37 1687 1
38 1729 2
38 1631 4
39 1194 9
40 1520 3
40 1072 1
40 708 8
41 610 1
41 1599 7
42 1283 3
43 1668 5
44 483 9
44 780 8
44 341 8
44 431 3
45 1214 5
45 631 4
46 619 6
47 688 5
47 754 2
47 1411 8
47 820 10
48 1124 1
49 1648 10
49 1271 2
50 865 10
51 256 6
51 1521 6
51 802 4
51 1725 5
52 1457 3
52 1583 9
52 1289 3
53 1048 3
53 89 10
53 973 4
53 1367 5
54 1146 8
55 646 10
57 434 3
57 1243 2
58 756 6
59 865 6
59 1082 9
59 1283 2
60 1517 9
60 1230 7
62 615 1
63 577 1
63 1871 6
64 1346 6
64 650 8
65 272 7
65 1606 4
65 525 6
65 646 4
66 1833 10
67 1109 9
67 759 1
68 517 3
70 1600 3
70 515 8
70 1548 2
71 1409 2
71 893 2
71 693 10
73 1627 3
74 739 1
74 332 8
75 671 3
76 692 8
77 1045 8
77 1318 8
79 470 7
79 1823 1
80 1451 6
80 838 5
81 1732 8
84 1328 7
84 1882 8
84 1110 5
85 489 9
85 1747 8
85 1731 2
85 1039 9
86 1472 1
86 932 9
86 554 2
86 92 8
87 412 6
88 1833 3
88 810 5
89 944 3
89 399 2
91 1360 7
91 1132 6
91 1468 2
91 1590 1
91 279 6
92 769 9
92 643 5
92 836 7
92 1645 1
92 1667 8
93 777 5
93 1631 1
93 513 9
93 175 6
94 779 3
94 227 9
94 276 1
95 504 10
95 1210 9
95 803 1
96 1137 4
96 1804 3
97 1898 2
97 1714 9
97 999 8
98 1831 3
98 1128 9
98 1237 5
98 1878 2
98 1339 10
98 1503 4
99 1857 10
101 768 3
101 1716 10
101 1374 8
101 414 1
101 406 3
102 120 5
102 1876 5
103 240 2
103 1823 1
103 1679 2
104 1500 4
105 295 10
105 1382 7
105 1815 10
106 1506 4
106 1443 7
106 1035 2
106 1423 4
106 1393 7
106 1429 1
106 823 9
107 1521 8
107 1890 7
107 349 7
108 587 2
109 1601 1
109 269 2
111 178 4
111 1141 9
112 184 9
112 1488 7
112 782 7
113 1114 10
113 686 3
113 1063 6
114 129 6
114 1690 1
114 1031 9
114 887 10
116 918 4
118 1088 8
118 371 7
118 1364 10
118 749 7
118 1221 5
119 1611 4
120 194 10
121 954 5
121 1783 4
122 1168 5
122 1123 4
122 1140 3
122 421 3
122 1391 7
123 580 10
123 885 9
124 1793 2
124 586 9
125 1795 2
125 1102 10
126 157 6
126 1846 8
127 266 6
127 1813 9
128 613 3
128 1494 5
128 1567 10
130 729 9
130 634 10
130 1068 7
132 690 10
132 1589 3
133 179 3
133 508 9
133 165 6
134 1652 1
134 183 5
135 1516 4
135 437 3
135 1773 7
136 1816 7
136 509 9
137 1224 5
137 1689 3
138 1822 7
139 1478 2
139 1174 3
140 304 7
140 1852 9
140 1359 6
141 704 9
141 772 10
141 661 10
141 685 9
142 1138 6
142 493 3
143 1635 10
143 796 2
143 1743 7
144 1258 8
145 505 5
145 747 1
145 1822 7
145 763 9
147 1715 10
147 995 2
148 1000 7
148 1620 8
148 916 7
149 512 5
149 387 1
149 1893 6
149 1007 2
149 1586 6
149 957 10
151 1689 9
151 1850 9
152 1019 10
153 1888 6
153 568 5
153 1131 2
153 724 6
153 863 4
154 600 5
154 625 10
154 637 9
155 1320 1
155 566 4
156 1153 2
156 1285 8
156 1081 10
157 1476 7
157 658 1
157 853 2
157 1622 8
157 407 5
157 829 1
158 1728 7
158 1726 3
159 226 8
160 1208 6
160 338 5
160 1852 1
160 1263 10
161 1592 7
161 440 3
162 449 9
162 866 7
162 513 9
163 361 6
164 1888 8
164 1333 10
164 1293 1
165 280 9
165 515 4
165 1191 8
165 791 5
166 690 7
166 1645 2
166 702 2
167 599 9
168 1603 3
170 1790 6
171 1464 4
171 565 2
171 1613 4
172 1649 8
172 1178 3
172 292 3
172 1118 7
172 1350 2
173 705 2
173 1555 3
174 1806 7
175 1481 5
175 234 7
175 492 9
175 1517 2
176 626 8
176 277 10
177 952 6
177 714 3
177 1349 5
177 1159 1
178 1720 5
179 1040 10
179 473 9
180 664 9
180 1139 1
180 451 5
181 1002 10
182 411 10
182 1836 7
182 397 8
183 789 8
184 804 9
184 1878 9
184 223 5
185 355 9
185 827 5
185 327 4
186 841 4
187 1125 5
188 1712 8
188 857 1
188 460 6
189 753 5
189 1285 6
190 337 3
190 610 8
190 502 9
191 1268 5
192 1481 3
192 1189 3
193 1744 5
193 280 3
194 1356 2
194 301 4
194 1045 7
196 320 4
196 1238 5
196 735 5
197 1773 9
197 1764 7
197 1525 8
197 325 1
199 520 9
199 659 10
199 1308 4
199 1495 1
200 1152 4
200 1815 7
201 437 5
202 1328 1
202 858 5
202 1518 5
202 863 4
203 1534 9
204 274 9
204 390 3
204 350 2
204 1783 4
205 464 8
205 1053 2
206 1837 8
207 1899 1
207 1438 3
207 702 10
208 961 6
208 231 4
209 554 2
209 382 9
209 647 8
210 969 3
210 1077 7
210 1041 9
211 721 10
212 842 3
212 363 3
212 1229 1
213 1801 8
214 380 9
214 1237 10
215 768 5
215 227 8
216 258 10
216 589 4
216 1326 7
217 338 10
217 1828 2
218 792 2
218 838 5
218 431 3
219 1440 9
219 1729 6
219 384 5
220 1121 10
220 459 6
221 1664 2
222 1443 2
222 1638 8
223 886 10
224 1566 5
225 1655 1
226 792 9
226 522 1
226 978 9
226 638 3
227 1179 4
228 534 3
229 1497 5
229 1723 6
230 331 6
230 525 9
230 1606 8
230 1351 8
231 312 6
231 1148 7
231 278 8
232 444 8
232 1884 5
233 1688 1
233 1477 1
233 807 6
234 1127 9
234 1707 6
235 1162 10
235 844 3
235 514 3
236 1875 1
236 895 8
236 1746 6
236 734 3
236 631 2
237 744 1
237 1777 8
237 702 7
238 1450 5
238 1613 3
239 1744 3
239 616 7
239 1278 6
240 883 5
240 1375 4
241 1220 5
241 470 3
242 707 8
242 1356 5
242 1645 8
243 1700 2
243 1234 8
243 900 7
243 1605 4
243 887 1
244 849 8
244 645 8
245 432 5
245 992 3
245 770 2
247 1340 2
247 1511 3
248 641 4
248 268 5
249 1274 4
249 1347 9
249 638 2
250 1536 5
250 1555 7
250 758 4
250 791 2
250 915 9
250 509 6
251 842 8
251 1357 6
251 1053 4
252 1339 8
252 406 9
252 1646 7
253 781 4
254 1033 8
255 1768 5
255 1212 10
255 1374 6
256 440 2
256 1603 10
256 1244 7
256 279 4
257 1881 1
257 666 4
258 323 4
259 357 3
259 269 9
261 1323 8
262 635 1
262 1281 4
262 594 9
262 1403 3
262 500 10
264 834 4
264 1347 10
264 297 9
264 1549 4
264 1335 10
264 793 8
265 779 1
265 1012 5
266 519 9
267 1699 3
268 1611 4
268 650 4
268 331 2
268 276 9
268 1045 5
268 765 7
269 708 8
270 746 6
270 898 8
270 685 4
271 1043 2
271 1405 6
272 1488 9
273 1058 1
273 613 8
273 846 8
273 759 9
274 1205 10
274 1158 10
274 1775 5
275 746 7
275 1220 1
275 1365 1
275 1854 9
278 1552 8
278 608 8
278 1287 3
279 1304 10
279 1721 3
280 624 4
281 1032 9
282 880 2
282 336 10
282 1403 3
282 1525 4
283 875 8
283 480 2
283 1355 1
283 1863 7
284 1525 4
285 1688 4
285 1536 1
285 450 10
285 1391 5
286 938 4
286 445 6
287 1562 7
287 1607 7
288 1354 4
288 1563 4
289 1632 3
289 1161 7
289 928 8
289 556 1
289 1045 5
290 683 5
291 693 8
292 1484 9
292 1782 5
293 1880 1
293 1566 4
293 1879 1
294 957 4
295 641 10
295 943 5
297 1531 5
297 1477 1
298 1444 3
299 1485 7
300 301 2
300 1590 8
301 400 2
302 1271 1
302 1447 7
304 1831 4
306 1000 1
306 1210 3
306 582 8
306 1703 3
307 1120 3
307 786 6
307 1789 4
308 1265 10
309 385 4
309 1778 5
309 874 3
310 961 3
310 979 1
310 589 9
311 666 2
311 523 4
311 1356 4
311 1229 3
312 1051 4
312 1822 10
313 1459 8
314 1072 10
314 1332 6
314 1821 6
314 349 5
314 1343 2
317 319 6
317 323 10
317 661 6
317 1006 6
317 503 2
318 377 7
318 538 10
318 1351 10
319 1088 8
319 1096 5
319 1394 7
319 1332 10
319 1083 6
319 1853 8
320 352 2
320 653 2
320 1585 7
320 727 2
320 696 5
320 1087 4
321 672 7
321 764 7
322 1757 4
322 951 1
324 1681 4
325 1242 1
325 1394 6
325 1540 1
326 1546 1
326 1029 4
327 1631 7
328 1691 5
328 1382 4
329 1248 5
329 1416 5
329 652 8
329 845 3
329 439 9
329 1112 7
329 477 9
330 1702 8
331 938 7
331 1315 10
332 448 8
333 1800 6
334 970 5
334 767 10
335 913 8
335 1131 10
336 1757 8
337 761 9
337 1787 5
337 1668 5
337 1543 9
338 1818 4
340 499 10
340 1253 3
340 646 3
342 1025 2
342 1751 3
342 1711 1
343 1112 6
343 476 4
345 1023 5
345 399 9
345 1013 6
345 1055 4
346 880 4
346 1570 6
347 1761 2
347 1180 10
347 681 7
348 1008 3
348 354 8
348 662 1
349 1696 8
349 1307 3
350 977 9
351 1374 9
352 771 1
352 1132 1
353 924 6
354 1789 1
355 674 9
355 1859 8
355 1828 10
355 1611 4
355 825 6
355 539 4
356 784 6
356 508 6
358 946 9
359 670 2
359 918 8
360 1035 3
362 414 4
363 1731 2
364 638 6
364 743 7
365 1520 8
366 1536 7
367 1494 1
368 1816 5
368 1222 8
368 623 7
369 1284 8
369 997 5
370 629 3
370 1367 4
372 1458 1
374 550 7
374 1383 2
375 1480 8
375 1577 6
375 1583 7
376 944 9
376 559 9
377 1215 1
378 1302 5
379 1465 7
379 921 7
380 1690 4
380 1428 4
380 910 7
380 551 5
382 720 3
382 995 5
382 1761 2
383 980 1
384 1709 4
384 598 1
384 1566 3
384 663 9
385 1707 1
385 1197 10
385 743 6
386 1584 2
387 1760 9
387 406 7
387 735 8
388 1112 7
388 1066 5
388 822 1
390 1404 3
390 1764 3
390 761 1
391 1368 3
392 1074 1
392 1354 8
392 806 10
393 1579 10
393 421 4
394 872 10
394 571 5
394 1331 8
395 1075 9
396 501 9
397 417 7
398 1511 2
399 981 6
399 1038 1
400 555 3
400 510 5
401 608 4
401 1460 3
401 510 2
401 1247 2
402 456 1
402 1016 4
403 1034 2
404 529 10
404 1779 10
405 1872 4
406 1891 2
406 1125 1
407 626 6
408 1793 4
408 1066 7
408 1495 8
409 764 7
409 1852 10
409 639 1
410 1655 9
410 724 4
410 966 1
410 1583 7
411 700 10
412 1472 3
412 1230 6
412 566 1
412 477 8
413 1842 8
413 779 6
414 953 8
414 1162 3
415 733 7
416 837 6
416 1734 4
417 1786 6
417 1843 9
417 1234 6
418 880 8
418 1792 3
419 1190 3
420 545 3
420 1092 9
420 816 4
420 594 2
420 1722 4
421 1412 4
421 1254 6
421 1558 9
422 826 9
424 1086 5
424 1031 8
426 1376 2
426 576 8
426 884 3
426 991 4
427 1136 5
428 1857 5
429 906 7
429 442 8
431 1686 6
431 1214 4
432 736 10
433 1692 2
433 1380 1
433 781 10
433 1374 10
433 823 6
435 1479 7
436 1200 1
436 1393 9
436 1054 9
437 1615 8
437 1605 5
438 1866 6
438 698 4
439 553 1
439 674 7
440 576 10
440 711 9
440 1293 7
440 1537 5
440 636 1
440 991 4
442 1696 8
442 853 3
442 991 5
443 1268 8
443 1054 1
443 1159 7
444 830 8
445 1714 6
445 1699 1
445 1822 5
446 1840 1
446 1843 9
446 1732 1
446 1735 7
447 869 7
448 1898 8
448 1899 3
448 1650 5
449 1544 2
449 1304 2
449 1349 7
450 1854 6
451 644 6
452 1644 6
452 762 5
452 963 7
452 1348 9
452 1750 4
453 816 9
453 1681 4
453 1826 8
454 1232 7
454 1586 3
454 1779 5
454 894 5
455 1885 4
455 585 5
455 613 8
455 1102 8
455 629 8
456 1382 9
456 1478 3
456 564 1
456 981 3
456 887 3
457 737 2
457 1083 3
458 1096 6
458 1771 2
458 1597 8
459 1494 5
461 1216 4
461 1423 2
462 1301 5
462 1758 8
462 1071 8
463 832 8
463 1001 2
463 1723 2
463 987 3
464 1401 4
465 1409 9
465 1300 4
467 1344 1
467 1456 8
467 1202 4
467 1304 6
467 1369 1
467 1052 3
469 801 2
471 736 4
471 946 1
471 1895 1
471 1181 7
471 607 8
472 1590 2
473 1183 3
473 1701 2
473 1550 7
473 967 10
475 1104 4
475 1820 7
475 1226 6
475 1468 7
475 1826 5
476 536 3
477 1476 6
478 1369 6
479 1860 10
480 1730 7
481 1768 2
481 729 9
481 1428 6
482 1169 2
482 1541 10
482 1103 9
483 1448 9
483 1633 3
483 1445 4
484 805 8
484 486 1
485 1009 7
485 538 8
485 692 7
485 1265 10
486 775 9
486 1719 3
486 694 2
486 1463 10
486 1085 3
487 1639 3
488 1149 2
489 1315 1
489 1895 10
490 595 3
490 996 6
490 1573 9
490 1279 1
491 1340 7
491 604 1
492 1153 5
492 1867 7
492 547 5
492 1855 8
493 874 10
495 1520 5
495 522 5
495 1397 7
495 1871 2
496 1329 4
498 1776 2
498 768 4
499 814 3
500 961 3
501 713 5
501 908 2
501 659 1
501 1173 6
502 897 4
502 1540 3
502 1195 8
502 1686 7
502 1016 6
504 1547 1
505 1539 2
505 1394 7
505 1875 1
505 1372 10
509 936 10
509 553 7
509 834 9
510 1346 2
510 1037 7
510 518 1
511 570 10
511 1406 1
511 653 8
511 982 5
513 1577 1
513 1275 2
513 1421 7
514 1896 10
515 1266 7
516 1888 5
516 1832 3
518 884 4
518 757 5
519 591 5
519 970 5
519 1127 5
520 878 1
521 1000 9
521 1276 1
521 1556 7
521 1862 5
522 1425 6
523 1465 3
523 786 2
523 1613 9
525 1156 10
527 1581 10
527 775 8
528 1660 3
528 1879 2
529 1536 8
529 1317 7
529 1463 6
530 537 7
531 735 10
532 1532 9
532 1237 9
534 888 8
534 1256 9
535 1728 1
536 1322 4
537 708 4
537 1685 3
537 903 6
538 969 10
541 1846 9
543 1360 8
543 1596 10
544 715 4
544 1133 5
545 1368 8
545 1419 4
545 1533 1
545 1675 10
546 1688 8
546 993 6
546 1078 7
546 1087 8
547 850 7
547 1148 8
547 974 3
548 1769 1
548 859 6
548 1356 3
548 1583 9
549 664 3
549 882 6
550 1430 4
553 1239 2
554 1360 1
554 1131 6
555 996 10
555 1796 3
556 945 3
556 1209 6
557 1774 4
558 562 2
558 1878 5
559 1231 6
561 1626 8
561 1783 5
561 650 9
561 607 6
563 1024 1
563 1633 8
563 1221 5
564 1340 6
564 1247 10
566 1825 9
566 1222 2
567 1256 7
567 802 9
567 870 1
567 1575 4
568 1738 4
570 1816 10
570 1037 6
570 726 6
571 1796 9
572 1337 8
573 1664 4
573 716 6
574 1143 1
575 1591 8
577 1634 3
580 1584 2
580 980 2
580 1703 2
580 1047 3
581 1737 6
581 718 3
582 1309 5
582 1677 6
583 621 6
583 1502 1
584 1147 9
584 1667 4
584 1452 5
584 1861 1
584 1733 10
586 1898 2
587 1086 4
588 1189 7
589 1662 2
589 1823 7
591 880 5
591 691 3
592 881 8
593 1586 2
594 651 1
594 813 1
597 1658 6
597 743 6
598 1600 5
598 1579 6
598 1379 4
599 1826 3
600 1841 8
602 1077 3
603 985 9
603 1158 8
604 1127 10
604 815 4
606 765 4
607 746 1
608 742 10
608 779 8
608 1367 3
611 920 2
612 786 2
612 1442 6
613 627 8
613 1172 9
614 851 6
614 1542 5
615 1041 6
615 1869 2
617 1665 10
618 728 9
618 866 10
619 1346 2
619 1839 9
621 1594 4
622 1408 3
622 1226 7
622 1004 1
622 1861 6
623 1232 6
623 776 1
623 1687 8
624 1001 5
625 1303 10
625 1727 4
625 1092 7
625 1495 2
626 1333 10
627 977 10
627 1212 7
627 671 7
628 882 9
628 1796 6
628 1862 4
629 1259 10
629 945 10
629 1628 10
629 1406 6
630 1270 4
631 1841 8
631 1319 7
631 1087 3
632 1154 9
632 675 9
632 1173 9
632 926 2
633 713 4
634 1199 3
634 1060 5
634 1686 9
634 1671 10
636 1855 7
637 1248 5
637 1893 7
638 1554 3
638 991 9
639 1232 4
639 1634 8
639 1520 10
639 1831 7
642 1682 1
642 1797 6
644 1404 3
645 1065 4
645 1829 2
646 1015 10
646 1709 6
647 819 1
649 994 2
649 1237 8
649 1782 3
650 1354 8
650 1286 2
651 1843 1
652 977 2
654 1467 1
654 1535 1
655 1131 8
655 1845 4
655 782 10
656 883 6
656 677 7
657 1313 2
657 1753 2
658 1117 3
659 956 3
660 1714 8
660 1196 3
661 1810 10
661 998 3
662 967 1
663 1535 8
664 1440 9
664 1472 5
664 1175 3
665 810 6
666 991 4
666 1351 8
667 1312 10
668 1380 8
668 807 5
669 829 1
669 735 3
670 1041 6
670 1415 7
671 800 1
671 1882 4
671 1167 5
672 1666 6
673 888 7
673 1822 8
674 1687 8
675 1116 2
675 1653 5
676 1274 7
678 682 3
679 1509 9
681 1179 2
681 1276 4
682 689 3
682 748 3
683 845 2
684 1198 5
685 857 10
687 1277 4
687 1007 1
689 1597 10
690 1083 10
690 1011 1
693 1766 7
694 1665 4
694 1679 4
694 740 3
694 745 6
696 1842 10
696 1557 10
697 1016 7
697 1519 10
698 1025 8
698 866 5
699 1418 9
699 874 10
700 1033 4
702 1297 8
703 842 7
703 1893 9
703 898 8
704 1460 6
705 1634 3
706 1693 9
708 1678 2
708 1591 6
709 1616 8
709 1697 8
709 1530 7
711 761 5
711 1869 9
712 1680 1
712 1004 7
712 831 10
713 1099 1
713 1851 10
713 1412 1
716 946 1
717 871 4
717 1279 3
718 1562 8
718 733 5
719 1062 4
720 738 10
723 726 9
724 732 7
725 1341 2
726 1472 10
726 940 2
726 1336 5
727 1283 4
727 1831 8
728 1573 4
728 1159 5
730 766 7
730 862 9
731 873 9
731 1668 10
731 1333 3
732 1281 10
732 1426 3
732 747 10
733 798 8
734 1377 1
734 1738 1
736 1728 8
736 1158 9
736 1134 1
736 1076 7
737 900 2
737 1333 5
737 1869 8
738 1017 7
740 1342 8
741 1123 8
741 924 4
742 1697 6
742 1259 1
743 1592 10
744 806 7
744 950 7
744 1582 1
744 1887 8
745 1609 7
746 1541 5
747 883 10
747 1427 6
748 1386 10
748 1338 9
748 779 3
749 1420 7
749 1383 10
750 1154 7
750 1407 7
751 1355 10
752 1130 8
752 1500 10
753 1678 7
753 1610 1
753 867 3
753 1894 6
754 1322 5
757 1822 6
758 1698 4
758 1558 10
759 1876 5
761 1131 9
761 1669 6
762 989 2
762 1887 8
763 1081 8
764 1605 9
764 1739 8
764 1804 6
764 1433 8
765 1624 9
767 1832 3
767 1520 2
767 1618 6
767 1359 10
769 1274 4
769 1811 8
769 1621 5
771 1776 1
771 1675 4
771 838 10
771 1387 3
772 1443 1
772 1053 9
772 1549 8
773 1647 1
773 831 4
777 1251 5
777 982 4
777 1879 7
778 1613 7
778 1517 1
780 1032 6
780 1484 3
780 923 7
780 1567 4
782 1206 9
782 783 3
783 784 4
784 1119 9
785 880 8
785 1285 8
787 1539 4
788 1147 7
789 1720 5
789 841 6
790 1154 3
791 1378 4
791 1139 8
791 1094 3
791 1866 3
791 1484 1
791 1702 10
791 1427 4
794 883 4
794 981 4
794 1558 8
794 1503 9
795 1316 1
795 1221 6
796 1411 7
797 1820 1
798 1531 8
798 1494 7
798 1031 8
800 1456 3
800 939 7
800 868 10
800 1699 6
801 1241 4
802 1090 6
802 829 5
803 1555 2
803 1415 10
803 1491 9
805 1269 9
806 1054 2
806 1678 4
806 1615 4
807 1443 7
807 1833 2
807 1299 3
807 820 9
808 1008 6
808 1017 9
810 817 9
811 1347 5
813 960 4
813 1293 8
814 958 10
818 881 10
818 1807 10
819 1023 10
819 1333 6
820 1568 7
820 1798 4
820 884 1
820 1598 6
820 1342 7
821 1768 3
822 1289 8
822 1307 9
822 1798 3
822 1531 8
823 1422 1
824 1159 5
825 1757 4
825 1174 2
826 1601 9
827 1619 7
827 1005 6
827 918 9
828 1067 8
828 1235 2
829 941 7
830 1592 8
830 1489 7
830 1493 2
831 1739 10
831 1791 4
832 941 1
833 938 10
834 1617 4
834 1736 5
837 1338 4
838 1890 4
838 874 1
838 1882 2
839 1168 7
841 875 10
841 1350 5
841 1711 7
842 1146 7
844 1298 4
844 1318 3
844 1839 2
845 1813 8
846 1845 2
846 1295 1
847 1434 3
849 1364 4
849 1323 7
850 1631 3
851 1498 8
852 1401 3
853 1715 3
853 1013 10
853 1561 7
853 1466 7
854 1416 3
855 1292 9
855 1845 6
856 1594 2
856 1647 6
857 1058 2
857 1079 3
858 1270 5
859 1361 1
859 1718 7
861 885 7
862 1167 5
865 1387 4
865 1431 6
866 1338 2
868 1797 5
869 1770 4
869 1884 8
870 1258 3
870 1223 6
871 1665 2
871 1399 2
871 1471 9
875 1098 7
876 1633 3
876 1410 3
876 1873 8
877 1137 10
879 1367 3
880 1839 2
882 1398 3
883 1346 9
883 1755 6
883 1274 7
884 970 3
884 1151 4
885 1066 5
885 1531 10
886 1288 4
886 1051 4
887 1621 2
889 1030 7
889 1101 8
890 1154 7
890 1484 1
890 1469 1
890 1654 9
890 1090 6
891 1472 3
891 1651 10
892 1396 2
892 1756 8
894 1262 2
895 996 9
895 974 5
897 1634 2
900 901 9
900 1483 3
900 1313 10
901 1882 2
901 1267 3
902 1501 3
904 1123 6
905 1253 2
907 1360 5
909 1066 8
909 1746 9
910 1662 2
912 1883 1
913 1595 9
914 995 7
917 1787 2
917 1116 5
918 1357 5
920 941 5
921 1074 5
921 1635 9
922 1015 1
923 992 8
923 1440 5
923 1317 6
924 1504 9
924 1146 9
925 1395 8
927 1734 4
928 1763 1
929 980 10
930 1169 10
931 1184 7
931 1218 7
931 1053 5
933 1631 7
934 1518 4
936 1797 6
937 1119 8
938 1746 5
939 1480 4
939 1523 9
940 1170 7
940 1327 7
941 1826 3
942 1465 10
942 969 7
942 1100 2
942 1369 10
943 1792 6
945 1230 8
946 1212 8
947 1592 5
947 1496 3
947 1491 3
947 1292 2
949 1496 5
949 1293 9
949 1159 5
950 1332 6
950 1631 5
952 1231 2
954 1830 2
955 1534 9
956 1758 10
956 1447 9
957 1224 8
957 1634 4
958 1072 10
959 1560 6
960 1457 4
960 1225 1
961 1893 8
962 1579 3
962 1572 3
963 1487 6
964 1507 10
966 1020 1
967 1432 10
967 1774 1
969 1447 4
970 1838 7
970 1146 2
970 1692 7
971 1048 4
971 1022 7
974 1449 8
976 1016 1
976 1858 5
976 1615 6
976 1015 3
977 1531 7
978 1545 10
979 1406 1
980 1423 3
980 1434 1
980 1244 6
981 1273 4
981 1243 6
981 1118 2
982 1154 3
982 1755 4
982 1366 10
983 1433 7
984 1768 10
984 1457 5
984 1510 9
987 1630 6
990 1111 3
992 1608 1
994 1530 10
994 1379 6
995 1484 9
995 1808 8
995 1341 2
998 1649 7
998 1327 10
999 1280 8
999 1801 5
999 1460 1
999 1880 8
1000 1377 10
1001 1425 5
1001 1745 7
1001 1356 5
1003 1682 5
1003 1459 6
1006 1574 9
1008 1684 5
1008 1567 2
1008 1063 5
1009 1421 10
1010 1689 9
1011 1446 7
1012 1360 2
1012 1857 5
1012 1765 9
1013 1416 10
1013 1458 7
1014 1056 1
1014 1048 8
1014 1732 3
1016 1626 8
1017 1508 8
1018 1545 1
1019 1485 7
1024 1048 10
1025 1532 10
1025 1308 2
1026 1842 4
1029 1456 6
1029 1383 9
1030 1437 10
1031 1864 8
1035 1807 8
1036 1482 1
1036 1459 6
1036 1181 4
1038 1162 9
1038 1844 9
1039 1089 4
1041 1863 10
1048 1887 7
1049 1306 9
1049 1829 4
1054 1374 3
1056 1709 3
1061 1211 9
1061 1686 2
1063 1880 2
1063 1437 1
1064 1402 5
1066 1572 4
1066 1606 7
1067 1251 7
1067 1733 5
1067 1894 1
1067 1271 3
1069 1658 3
1069 1684 9
1071 1395 10
1071 1293 3
1071 1518 10
1072 1691 5
1072 1308 4
1073 1314 6
1073 1810 5
1076 1768 5
1077 1599 1
1079 1720 6
1079 1121 9
1080 1185 7
1080 1507 4
1081 1879 1
1081 1899 10
1082 1360 10
1082 1623 3
1084 1329 5
1085 1538 4
1085 1359 7
1086 1663 5
1087 1792 1
1087 1358 7
1087 1467 3
1088 1444 2
1090 1124 1
1090 1734 1
1090 1342 9
1096 1521 3
1097 1220 5
1099 1657 6
1102 1133 3
1105 1668 2
1106 1721 7
1106 1725 7
1106 1726 1
1106 1391 7
1107 1478 1
1107 1431 10
1110 1568 5
1112 1251 6
1113 1355 1
1115 1566 7
1116 1691 7
1116 1443 5
1117 1522 4
1117 1267 10
1118 1150 8
1122 1147 3
1122 1661 7
1125 1883 4
1125 1173 3
1126 1188 9
1126 1604 5
1127 1590 1
1129 1821 5
1130 1392 9
1132 1460 7
1132 1821 6
1134 1216 8
1135 1713 1
1136 1275 2
1137 1626 8
1137 1174 2
1139 1250 1
1139 1189 7
1140 1259 10
1142 1311 3
1143 1329 3
1143 1788 7
1148 1850 9
1151 1583 5
1152 1200 3
1154 1336 10
1154 1406 5
1155 1391 1
1156 1378 8
1156 1619 3
1156 1710 8
1157 1246 7
1157 1479 9
1162 1806 8
1164 1862 5
1165 1176 9
1165 1431 3
1168 1626 1
1169 1329 1
1170 1889 2
1170 1891 7
1170 1686 6
1175 1211 2
1176 1706 6
1177 1391 8
1178 1313 4
1178 1493 3
1180 1835 5
1180 1517 5
1181 1672 9
1181 1447 5
1182 1705 4
1183 1640 2
1183 1390 4
1184 1338 6
1189 1741 3
1192 1490 7
1196 1561 8
1196 1446 5
1197 1883 4
1199 1498 1
1199 1421 5
1202 1565 8
1202 1837 3
1202 1759 2
1203 1372 10
1203 1414 10
1205 1550 6
1206 1284 4
1207 1245 10
1209 1604 4
1209 1857 5
1212 1887 5
1215 1374 8
1216 1706 9
1217 1673 5
1218 1813 3
1220 1741 10
1224 1369 2
1225 1499 2
1225 1573 4
1226 1579 7
1226 1485 10
1227 1649 9
1228 1421 9
1229 1308 4
1231 1472 9
1233 1693 10
1235 1522 6
1236 1538 9
1238 1436 6
1240 1484 3
1240 1710 2
1241 1383 5
1242 1882 2
1243 1754 2
1245 1786 6
1246 1869 3
1248 1790 6
1249 1640 3
1249 1532 1
1249 1686 4
1250 1519 7
1251 1858 6
1251 1672 10
1253 1557 3
1255 1894 6
1255 1327 9
1256 1726 10
1257 1263 5
1258 1282 1
1259 1841 1
1259 1362 8
1260 1810 1
1261 1452 8
1263 1832 8
1264 1673 10
1264 1669 8
1265 1656 2
1266 1532 7
1267 1319 9
1269 1605 6
1270 1547 8
1272 1551 3
1274 1652 8
1276 1672 7
1277 1772 2
1280 1336 1
1281 1416 3
1282 1667 10
1285 1747 6
1286 1827 6
1286 1812 8
1289 1803 10
1292 1878 5
1294 1663 5
1295 1652 4
1296 1340 10
1297 1697 7
1298 1350 2
1299 1648 2
1299 1826 7
1300 1514 5
1300 1830 6
1302 1724 10
1306 1805 9
1312 1552 10
1312 1393 9
1314 1703 9
1315 1358 3
1317 1474 5
1318 1769 3
1318 1875 2
1320 1612 10
1321 1824 1
1323 1622 7
1327 1381 5
1329 1799 8
1333 1809 7
1333 1852 9
1334 1414 10
1335 1468 7
1337 1398 9
1338 1392 1
1339 1416 5
1339 1595 9
1340 1814 9
1341 1356 8
1345 1572 3
1345 1815 4
1349 1420 1
1350 1497 9
1350 1359 6
1351 1708 2
1352 1606 4
1354 1737 10
1354 1788 7
1355 1418 8
1356 1774 8
1357 1767 4
1359 1709 10
1360 1478 2
1361 1508 10
1366 1500 8
1369 1386 3
1369 1390 8
1371 1391 2
1372 1889 1
1375 1832 6
1379 1449 9
1379 1717 10
1380 1421 10
1381 1562 5
1382 1581 2
1383 1642 4
1386 1657 2
1387 1479 4
1387 1685 4
1387 1654 4
1387 1502 5
1388 1890 1
1389 1884 3
1395 1572 2
1398 1693 9
1400 1706 9
1401 1745 5
1406 1427 9
1406 1884 3
1409 1444 4
1410 1893 10
1411 1747 8
1414 1504 6
1418 1455 3
1419 1605 6
1424 1775 5
1429 1837 9
1429 1855 8
1430 1785 2
1433 1662 2
1433 1454 7
1435 1878 4
1435 1839 2
1436 1607 10
1439 1649 7
1449 1774 3
1450 1714 7
1453 1501 8
1455 1807 4
1461 1865 3
1462 1640 6
1462 1705 7
1466 1855 6
1467 1765 10
1468 1672 8
1471 1749 6
1471 1574 2
1474 1608 5
1474 1542 3
1476 1543 4
1482 1787 10
1486 1875 3
1487 1816 4
1488 1869 1
1490 1724 10
1490 1813 7
1490 1695 9
1491 1891 9
1492 1845 7
1493 1857 6
1498 1534 8
1503 1796 1
1504 1514 3
1508 1694 10
1509 1578 4
1513 1575 6
1518 1882 9
1523 1622 4
1528 1768 1
1529 1656 7
1533 1688 10
1533 1682 9
1534 1861 9
1535 1868 6
1536 1711 6
1536 1712 4
1537 1556 3
1538 1816 8
1538 1594 6
1539 1866 5
1539 1895 8
1541 1642 2
1542 1642 4
1542 1836 10
1543 1865 1
1544 1868 4
1547 1650 2
1547 1791 2
1549 1801 2
1549 1676 8
1549 1798 6
1551 1653 9
1555 1707 1
1555 1733 4
1556 1820 7
1558 1730 6
1564 1785 8
1564 1805 7
1567 1691 5
1570 1611 4
1570 1756 6
1572 1617 8
1583 1647 9
1584 1602 5
1584 1706 3
1587 1868 8
1588 1853 4
1589 1885 9
1590 1825 2
1596 1887 4
1596 1852 4
1598 1734 2
1599 1754 8
1599 1756 9
1605 1875 4
1606 1855 5
1610 1790 2
1616 1706 6
1620 1637 8
1625 1866 8
1626 1683 4
1628 1877 1
1630 1777 2
1636 1681 2
1640 1798 9
1644 1676 1
1647 1881 10
1650 1711 10
1655 1692 10
1656 1728 10
1658 1700 5
1664 1872 1
1676 1818 5
1678 1894 10
1680 1829 1
1697 1850 2
1701 1817 7
1712 1803 2
1714 1755 6
1718 1844 9
1720 1827 7
1722 1790 1
1726 1876 2
1729 1800 6
1729 1838 7
1733 1861 1
1735 1801 4
1735 1851 6
1735 1868 8
1740 1866 7
1742 1826 8
1745 1819 2
1746 1850 9
1751 1780 10
1753 1866 1
1757 1848 6
1757 1789 10
1765 1839 3
1769 1860 10
1776 1820 2
1780 1841 2
1789 1895 7
1793 1869 3
1796 1856 4
1797 1805 10
1799 1831 7
1801 1890 4
1818 1832 8
1856 1867 6
