0 1057 10
0 188 9
0 156 4
1 558 7
2 224 10
2 66 5
2 457 7
2 947 8
2 1309 2
2 767 10
3 1024 5
3 383 3
3 828 8
3 846 1
3 1423 5
5 707 10
5 1148 4
6 1032 5
6 866 8
6 310 3
7 259 7
7 497 7
7 235 4
7 188 9
7 237 8
8 84 6
9 1499 2
9 243 5
9 869 1
9 343 1
10 464 2
10 25 7
10 812 9
11 1323 9
11 1059 4
11 142 1
11 350 7
12 335 5
14 1472 9
14 1089 8
14 902 10
14 1032 5
14 1261 9
14 1331 4
14 1082 1
14 414 5
15 821 1
15 918 7
15 421 5
16 1003 3
16 391 10
16 743 6
17 891 5
17 773 6
17 333 7
18 722 7
18 1011 6
18 178 9
19 187 6
19 710 10
20 1435 8
20 711 3
20 850 9
20 276 8
20 822 9
20 889 9
20 1371 3
21 1154 9
21 270 3
22 292 9
22 27 5
22 188 3
22 1014 7
23 840 10
23 567 5
24 544 3
24 266 8
24 132 6
25 1364 2
25 789 5
27 50 6
27 1043 5
27 1078 8
27 1399 9
28 525 5
28 645 10
28 1391 1
29 786 3
29 986 1
29 667 4
29 965 9
29 887 3
30 1193 1
30 1372 10
31 1041 9
31 1083 6
31 542 5
32 1084 7
32 902 8
32 798 8
33 689 5
33 444 10
35 1264 4
35 475 4
35 740 2
36 1464 9
36 553 1
37 724 10
37 1331 10
37 76 4
37 45 5
37 478 10
39 578 3
39 1236 7
39 261 1
40 536 7
41 857 2
41 598 7
42 169 7
43 259 10
44 1408 4
45 848 6
45 1490 6
45 1213 7
46 416 1
46 88 8
46 567 2
47 1472 9
47 289 7
47 750 3
47 144 4
47 1299 7
47 1143 7
48 257 1
49 1248 7
49 1417 4
49 1113 10
50 242 8
50 862 9
51 1080 10
51 1274 3
52 586 7
52 606 7
52 983 3
53 601 6
53 789 1
54 1065 5
54 538 1
54 361 3
55 83 7
55 995 8
55 750 6
56 1288 10
56 330 8
56 944 3
56 104 8
56 1013 3
56 889 5
56 380 6
56 1470 7
57 1417 5
57 279 10
58 1246 2
58 290 2
58 1341 3
58 1406 7
58 1194 3
59 648 8
59 1097 9
59 1477 3
60 1448 9
60 1067 10
60 701 1
61 233 10
61 1442 9
61 1119 10
61 754 10
61 151 1
62 1404 8
63 1183 3
64 1404 6
64 98 3
64 124 3
64 194 9
64 622 5
66 865 1
66 1480 9
66 1328 10
66 692 6
66 1046 4
66 1180 10
67 1360 9
67 497 1
68 1194 8
69 966 10
70 1282 5
70 1467 8
70 1022 8
70 1278 4
71 1413 6
73 83 4
73 764 4
73 254 2
74 1341 4
74 591 3
75 839 8
76 828 7
77 1294 5
77 342 8
78 1314 7
78 1220 4
78 1087 4
79 976 6
79 1455 2
80 1019 8
80 1275 9
81 133 7
81 369 8
81 947 2
81 87 5
81 314 5
81 122 4
81 991 7
82 1193 2
82 172 9
82 1374 8
84 139 10
84 414 3
84 470 5
85 1184 1
85 449 5
85 194 7
86 1102 4
87 675 8
87 1316 5
87 639 6
88 1185 5
88 783 9
90 253 3
91 592 5
91 276 3
93 589 4
94 1091 10
94 572 9
95 618 9
96 1148 5
96 485 7
96 1190 6
96 893 6
97 224 2
98 713 1
98 1202 10
98 656 8
99 958 6
100 1273 1
100 218 9
100 677 1
100 226 5
100 1175 9
101 211 5
101 525 9
102 1368 2
102 1103 4
103 384 2
103 1290 8
104 984 4
104 983 9
104 279 4
105 1380 8
105 1044 7
105 1197 1
105 935 1
106 933 4
107 755 3
107 131 7
107 1014 1
108 1248 7
108 1073 4
108 1364 4
108 182 6
108 701 3
108 1342 9
109 332 1
109 1086 2
109 1150 7
110 443 5
110 1453 10
110 1366 1
111 526 10
111 695 2
112 1016 10
112 578 3
112 1308 2
113 1421 5
116 305 8
116 1371 2
117 604 1
118 195 4
118 1199 8
120 417 1
120 930 8
121 784 4
121 449 7
121 1110 3
122 864 2
122 1166 8
123 585 9
123 783 7
124 145 3
124 1311 2
126 1081 6
126 211 10
127 197 10
128 625 8
128 1390 6
129 1440 9
129 1018 1
129 323 1
129 429 8
129 390 5
130 432 6
130 450 2
130 1090 7
130 189 6
130 775 9
131 145 3
131 306 2
132 724 8
132 468 8
132 516 1
133 1056 9
133 1185 9
133 1124 8
133 902 3
133 844 6
133 891 6
133 383 6
134 1451 10
134 460 4
134 1157 4
135 509 6
136 1036 2
136 365 9
136 965 8
137 616 5
137 576 2
137 1117 9
138 1455 3
139 1118 9
139 461 6
139 950 8
139 533 7
140 701 3
140 478 6
140 1263 8
141 817 2
141 524 6
143 988 2
144 426 8
145 216 3
145 532 2
145 935 8
146 701 1
147 675 3
147 229 2
147 1165 7
147 195 10
147 439 7
147 1306 10
147 1018 2
150 581 3
152 1208 2
152 194 8
152 1125 8
152 1174 5
153 480 8
153 705 3
153 931 7
153 690 10
153 1204 1
153 1436 10
155 1282 6
156 1261 8
156 564 10
156 1305 6
156 1116 3
156 767 10
157 408 10
158 1300 8
159 1128 5
160 1137 8
160 1383 3
160 228 10
160 567 5
161 529 2
161 805 10
162 912 9
162 1416 8
164 1193 9
165 801 2
165 531 1
165 198 6
165 503 10
166 1139 3
166 956 2
168 177 3
168 251 1
168 990 5
169 749 5
170 1153 9
170 1021 4
171 1321 7
171 1459 8
173 299 10
173 1231 9
173 1331 5
173 1204 1
173 409 5
173 827 7
174 1265 8
174 1107 9
175 700 2
176 1261 4
177 788 6
177 437 8
177 622 9
177 333 7
178 1037 4
178 310 2
179 932 1
179 461 6
180 1450 4
180 531 5
180 366 7
181 216 4
181 1193 1
181 819 8
181 1446 5
181 303 3
182 761 4
182 982 9
183 768 8
183 762 8
183 588 1
183 774 10
183 1262 2
184 1217 8
184 562 3
184 955 7
184 1467 2
185 878 2
185 607 10
186 793 8
186 1218 6
189 720 5
189 538 5
190 228 2
190 935 4
191 1352 10
191 725 2
192 202 4
192 1323 6
192 330 7
192 1095 7
194 653 2
194 958 4
196 1208 3
197 1497 9
197 434 3
197 395 1
197 479 9
198 984 1
198 1098 10
198 1471 7
198 1445 3
199 1408 8
199 359 7
199 1225 5
199 842 1
199 941 6
199 1232 4
201 945 9
202 443 5
202 1491 7
204 1372 7
204 1342 7
205 1179 9
205 485 4
206 248 3
206 1477 9
206 1143 1
207 674 4
208 866 2
208 996 1
208 1207 10
209 404 2
209 637 1
209 589 2
209 759 9
210 430 3
212 213 5
213 1047 3
213 793 8
213 505 9
213 1185 5
214 414 10
214 774 2
215 736 7
216 1379 8
216 1217 10
217 465 1
218 484 9
218 859 10
218 1310 3
218 1318 2
219 741 2
219 998 10
219 785 2
219 788 7
219 1208 4
219 1019 5
220 554 4
221 1429 5
222 1062 1
224 860 10
226 1403 5
226 523 3
226 925 9
228 234 6
228 708 1
228 279 3
229 1217 5
229 1030 3
229 1073 8
230 731 6
231 514 8
233 1145 6
233 978 4
233 1308 7
233 1233 9
234 647 9
235 801 1
235 911 8
235 1167 4
236 739 10
236 845 10
237 715 10
237 958 9
238 522 1
238 1350 2
239 1316 4
239 661 9
240 807 3
241 1152 4
242 993 4
244 510 6
246 683 6
247 864 9
247 338 3
247 1156 4
247 661 7
248 1435 1
248 572 7
249 1192 6
249 448 9
249 1348 9
251 1320 7
251 399 3
252 752 7
252 522 3
253 292 7
253 830 3
254 1012 4
254 1381 3
254 1201 2
255 582 3
256 780 6
257 1046 7
258 408 2
258 1484 4
259 396 10
259 950 10
261 1104 4
261 1267 3
261 868 9
261 278 8
262 441 9
262 478 6
263 1011 4
265 893 10
265 869 1
266 288 4
266 1346 2
267 1337 6
268 1192 2
268 509 1
268 375 2
269 612 4
269 957 1
269 1422 4
270 786 3
271 1459 9
272 922 4
273 984 9
273 713 2
273 1058 6
273 345 8
274 1457 7
274 805 2
275 649 7
275 1099 6
275 997 7
276 1418 10
276 1443 3
277 1051 4
277 870 7
279 935 6
279 658 3
279 406 3
280 376 4
280 1483 8
280 535 6
281 1048 3
281 301 7
282 642 8
282 630 7
283 761 7
284 625 3
284 493 3
284 1365 2
284 1463 2
285 1177 5
285 820 1
286 601 6
286 813 9
287 1398 3
288 1140 4
288 682 10
289 1360 7
289 1268 6
291 636 8
291 533 5
292 426 4
293 1457 2
293 785 3
293 393 5
294 475 4
296 774 8
296 558 8
297 374 9
298 1360 9
298 786 3
298 867 5
299 470 10
299 989 7
299 845 4
299 1239 2
300 1152 3
302 512 4
302 611 4
302 525 8
302 1483 8
303 790 10
303 549 6
304 1035 2
305 320 8
305 1490 5
305 1186 9
305 430 6
307 1211 1
307 885 7
308 1014 9
309 561 2
309 1419 7
310 832 5
310 1164 3
310 486 2
311 966 2
312 933 4
314 1030 3
314 1150 7
315 647 3
316 1432 5
316 1384 6
316 1055 3
317 1299 3
317 357 10
317 590 3
320 1283 1
320 1310 6
321 377 6
321 1122 1
321 1165 7
321 839 3
323 1461 7
324 608 3
324 1425 3
324 1284 5
324 582 5
324 463 3
325 368 1
325 1114 2
326 1225 2
326 467 4
327 507 4
327 1148 6
327 1063 2
330 1344 3
330 746 4
330 831 7
331 1313 3
332 1353 4
332 546 8
332 1350 5
332 447 9
333 542 9
335 372 5
336 378 5
337 754 10
339 1084 8
339 1350 4
340 915 9
341 342 6
342 501 7
342 436 3
342 909 4
343 930 7
344 416 10
344 620 5
345 1475 5
345 1133 8
345 1087 1
347 1203 4
348 1006 2
348 1239 6
349 466 5
349 868 5
349 685 10
349 909 7
350 1066 8
350 1262 5
351 1075 10
351 1486 8
351 702 1
351 623 3
352 1186 6
352 1117 1
353 1011 3
353 1311 10
354 908 3
355 1322 8
355 475 5
355 1174 8
357 899 2
358 824 3
358 377 5
360 432 5
360 384 5
360 928 8
360 1421 1
361 1193 4
361 906 8
361 561 6
361 577 8
362 675 2
362 854 6
364 1066 3
364 1127 1
365 1354 5
365 1493 3
365 839 5
366 1451 4
366 708 9
366 694 10
367 1177 3
367 858 7
368 914 5
369 462 2
370 1175 3
372 771 1
372 868 9
372 830 6
372 1358 10
373 673 6
373 1286 10
375 1382 6
375 775 8
376 1386 6
376 486 2
378 1047 7
379 617 4
379 1410 2
379 1452 3
379 1429 8
379 449 6
380 1256 4
380 602 5
380 1482 8
381 1201 6
381 794 9
381 1005 2
382 432 9
382 857 2
383 644 6
383 1327 5
384 1114 8
385 1102 1
385 814 1
386 747 10
386 1214 7
386 1278 2
387 762 8
387 844 7
388 1209 5
388 1477 8
388 830 4
389 1294 1
390 1010 9
390 676 8
390 444 4
390 609 9
391 621 4
391 814 5
392 474 7
392 428 9
392 751 9
393 872 4
393 1351 3
394 1341 10
394 1333 4
395 1224 7
395 642 1
395 452 3
395 917 1
396 946 8
396 851 10
396 623 8
397 682 8
398 656 7
398 971 9
398 437 6
398 750 8
399 1463 1
400 879 4
401 1087 1
402 762 5
402 675 4
402 791 9
403 1266 7
403 683 9
404 984 8
404 1460 3
404 1318 9
405 1457 8
405 734 7
406 595 5
406 646 6
407 537 3
408 1332 10
408 637 1
409 868 8
410 1161 10
410 1499 6
410 1333 1
411 1019 2
412 1487 5
413 1205 1
414 741 9
414 591 1
414 848 3
414 1431 5
414 980 3
416 980 8
416 1047 8
417 1266 6
418 608 4
419 1432 6
419 827 4
420 424 10
420 1329 8
420 1106 7
421 890 4
421 531 2
421 710 9
422 1158 6
424 986 4
424 1131 4
424 630 3
425 1204 2
427 1091 9
427 925 1
428 1345 3
428 937 6
429 552 5
429 947 3
430 1010 3
432 1446 2
432 1390 9
432 952 8
432 1307 3
432 575 1
434 1025 7
434 633 7
434 1404 1
434 711 10
435 1234 4
435 730 6
435 1487 3
437 976 8
437 601 9
438 926 9
439 527 8
439 695 9
440 672 8
440 452 10
440 447 5
441 1093 7
441 1118 1
442 1312 5
442 1254 8
443 984 8
443 502 1
443 1079 6
444 731 2
444 1492 1
445 1213 2
445 1311 6
446 1256 2
446 1411 2
446 557 1
447 568 8
447 1324 7
448 629 8
449 1499 7
451 632 9
451 1148 7
451 661 5
452 1397 10
453 857 1
453 1493 5
453 1230 7
453 759 4
454 997 5
454 542 6
456 604 6
459 594 10
459 1406 6
459 990 1
459 1367 6
460 688 5
460 935 7
461 1130 8
461 1302 9
462 1170 6
463 899 8
463 870 3
465 754 4
467 800 1
467 987 7
467 926 3
467 1101 7
468 640 8
468 876 1
468 619 10
468 1437 4
469 653 10
470 909 5
471 692 3
472 817 7
472 1068 4
473 766 1
474 1124 4
474 917 4
474 1054 4
475 858 2
475 1038 6
476 914 8
476 1388 10
477 1313 2
477 702 8
479 1207 2
480 1491 7
480 1006 9
481 709 7
482 1164 9
483 799 1
484 1117 9
484 902 7
484 727 1
486 969 5
487 1445 6
487 797 10
488 600 2
488 812 3
489 1211 5
490 520 8
490 1224 6
490 1043 10
490 979 6
490 1375 9
491 879 3
493 830 4
494 1405 9
495 1362 7
495 1332 3
496 1334 7
497 1192 4
497 841 7
497 1169 2
497 1379 10
497 791 7
499 1162 2
499 1387 2
500 1368 7
500 721 1
500 531 10
501 1296 1
501 1420 4
501 1231 6
502 1078 3
503 1140 1
503 1062 7
504 768 1
504 1365 5
505 847 8
506 578 8
506 571 2
508 557 8
508 1151 9
509 973 9
510 971 3
511 850 1
511 1220 5
511 935 2
512 913 10
512 1092 10
512 749 7
513 1352 7
514 1477 10
515 1062 10
516 696 7
516 940 9
516 541 4
517 1066 9
517 1397 6
518 832 8
518 723 5
519 760 7
520 1195 7
522 526 4
524 952 6
524 714 9
524 1221 3
526 906 1
526 1263 3
527 619 4
528 710 7
530 603 4
530 964 10
531 661 2
532 1217 8
533 689 4
533 1492 7
533 997 3
535 1174 2
536 1397 5
537 1248 3
537 1081 10
537 1234 10
538 936 1
538 857 10
539 753 10
539 1371 8
541 1372 2
543 732 3
544 983 8
545 1476 4
545 1053 6
546 804 6
546 614 8
547 708 6
547 567 7
548 1228 1
548 660 6
549 832 3
549 854 6
549 1287 6
550 621 8
552 619 1
552 1421 1
553 1327 4
554 578 9
556 1361 7
557 1347 9
557 812 1
557 1040 7
557 567 8
559 920 5
559 963 9
560 1257 5
560 1349 8
560 1229 2
561 1438 8
563 1296 7
563 1343 8
564 621 6
565 809 3
566 921 6
566 1245 8
566 861 4
567 892 4
569 1155 2
569 676 10
569 719 8
571 966 7
571 1010 5
571 742 9
571 790 5
572 1300 10
572 1022 5
574 841 8
575 1204 5
578 1240 5
578 1212 9
579 1455 8
579 751 6
580 1193 2
580 861 9
580 1029 1
581 889 7
582 1170 7
582 1365 3
584 1394 10
584 1197 9
585 1348 9
587 977 5
588 942 2
589 1065 2
589 895 1
589 705 3
590 824 8
590 1208 5
592 1248 3
594 1216 5
594 773 4
594 1062 10
594 741 6
595 1195 6
595 735 6
596 1344 9
596 945 2
596 964 8
597 1315 3
599 744 7
601 653 8
601 1426 10
602 1208 9
602 1353 7
602 737 7
602 665 1
603 755 9
603 620 1
604 795 5
604 1245 1
605 1320 4
605 1262 1
606 1166 9
606 783 3
607 1399 1
608 1280 10
608 1426 7
609 1158 1
611 953 6
611 1007 1
612 1146 7
612 747 8
613 1384 10
613 783 6
614 937 1
615 1177 9
615 660 3
615 781 10
618 1144 10
618 1149 4
619 799 10
620 1456 10
620 1132 3
620 1197 6
621 1203 6
621 939 9
621 1263 6
621 1459 6
621 790 6
626 1470 6
627 990 5
627 751 1
629 1275 3
629 1021 4
630 972 8
630 1330 2
631 964 3
632 1129 5
632 1286 3
633 744 8
633 1399 6
634 982 7
635 1185 9
635 650 3
636 1005 2
636 1143 10
636 1285 2
636 871 10
637 1315 4
638 713 9
639 795 10
639 859 3
639 1116 9
640 1191 6
641 975 8
642 1251 10
642 759 1
643 778 4
643 1397 5
645 937 5
646 1096 2
649 1151 2
649 1159 10
650 1385 5
651 1123 4
652 1435 7
652 718 3
653 1034 1
653 1180 1
655 1184 5
655 769 5
656 983 3
656 943 8
657 1408 10
657 964 8
662 676 7
665 1005 3
666 979 9
666 1180 10
667 1424 6
667 1177 9
667 1453 3
668 865 2
668 1038 7
669 1117 7
670 1025 2
671 924 10
672 705 9
672 780 2
672 895 1
673 1400 5
673 706 5
676 1482 4
677 1444 10
677 803 1
677 1077 1
679 1144 1
680 1092 4
681 1035 10
681 863 5
682 1233 8
683 725 10
683 1007 6
685 1423 10
687 850 4
688 1001 9
689 745 6
689 723 8
690 1072 4
691 1305 2
692 1417 5
692 1441 1
693 1432 10
693 1221 5
694 1225 9
694 1039 1
695 736 10
695 1052 10
697 829 8
698 1449 7
698 1030 1
699 1361 5
700 1184 5
701 1061 10
701 775 10
701 1401 10
702 737 4
703 1043 5
706 778 5
707 1316 10
707 1279 4
708 1189 8
708 983 8
709 1011 7
709 1205 6
709 1478 6
710 1143 5
711 1139 2
712 1125 4
713 1271 5
714 920 5
714 862 4
715 1425 2
715 917 6
716 870 1
717 1009 9
717 933 5
717 1415 3
719 1085 7
720 1040 3
722 898 2
723 1205 8
724 1089 10
725 1355 10
725 1444 7
726 1322 9
726 836 6
730 1281 6
733 860 7
734 1042 3
734 876 7
735 1140 8
735 1317 4
736 991 4
736 1084 7
738 1058 8
738 802 2
738 835 5
738 973 10
739 744 9
739 995 2
739 1398 1
740 985 6
740 1370 7
740 1460 7
740 1124 4
741 1190 9
743 1292 1
743 1127 1
745 1146 1
745 844 8
747 961 2
747 1078 8
748 910 6
749 1222 1
750 777 3
750 909 9
751 1346 7
751 939 1
751 1032 1
751 888 7
751 1400 8
753 1250 10
754 1216 9
754 1338 1
755 1479 6
756 1178 2
756 1101 7
756 1173 3
757 1495 7
759 1110 7
760 1137 7
761 1115 10
763 1333 2
764 954 5
765 772 9
765 823 7
766 1479 8
767 1180 1
767 1115 3
769 1146 4
771 1091 4
773 1033 5
774 1453 6
775 1196 6
775 1045 2
776 805 6
777 1422 6
778 1177 9
778 1277 3
779 1064 9
779 808 1
779 1434 3
780 1399 5
781 1144 5
781 858 2
781 836 1
782 823 4
783 1488 10
786 974 2
787 900 8
788 1059 9
789 1098 8
790 837 3
790 880 4
790 1014 3
790 1082 8
794 900 10
794 925 4
795 983 5
798 1425 7
798 1285 2
798 1366 10
799 1311 3
800 843 10
800 1012 5
800 1478 6
800 1383 4
801 819 3
801 1315 1
801 825 5
803 1173 2
804 1443 3
805 1124 6
805 1487 9
806 1010 5
808 1064 1
809 1208 2
811 1403 9
811 1366 4
812 1103 7
814 1310 3
817 1253 5
819 1329 4
820 1112 4
820 1344 4
820 1475 2
820 823 9
822 1498 6
822 861 3
823 1424 9
824 1456 10
824 850 4
824 962 8
826 938 10
826 1371 9
829 930 10
830 909 8
831 1058 4
832 833 5
832 1027 9
833 1272 5
833 980 6
833 1221 1
834 960 7
834 1254 7
835 1293 10
835 1038 7
835 1431 9
836 1133 4
838 865 10
838 1333 1
838 1190 8
839 873 6
840 938 3
840 931 2
840 1404 7
840 1211 1
843 866 5
846 979 1
848 1248 7
848 1064 9
848 1295 3
850 1368 4
855 1278 10
856 1004 8
857 1490 9
858 1278 9
860 1432 7
860 1159 5
861 973 5
861 1087 1
862 993 4
863 1386 1
863 1250 7
863 1375 7
864 1186 1
864 1250 4
866 1101 2
867 1026 8
867 1181 10
868 1372 5
869 1073 2
870 928 3
870 1435 1
870 1131 5
870 1238 4
870 1051 1
870 925 8
872 1006 9
873 1104 9
874 1099 8
876 1296 5
876 1348 8
878 1382 8
880 1449 8
882 1033 2
882 908 4
882 957 9
882 1478 6
883 1256 7
883 1014 3
884 1021 8
885 1077 8
887 1418 6
887 1102 6
888 1381 1
889 1383 10
889 905 8
889 1355 5
891 1379 1
891 1052 9
892 1065 4
893 1138 9
893 1275 2
893 1118 4
895 1330 6
895 998 1
896 1169 6
896 1485 7
899 1090 3
900 1331 9
900 1019 5
902 1280 7
906 1088 7
906 1129 1
906 1082 6
906 1211 8
907 954 1
909 985 4
910 1360 10
911 1236 6
913 1276 5
913 1415 9
915 1494 9
915 935 7
922 1456 9
925 1282 8
925 1458 2
925 956 9
928 1116 9
929 1038 10
930 1441 5
930 1147 10
931 1457 5
933 1007 5
934 994 8
934 1254 8
935 1409 1
935 1192 9
936 1296 9
936 1366 10
937 1325 7
937 1207 1
941 1431 7
942 1219 1
942 1309 5
942 951 3
947 993 8
947 969 1
947 1108 10
947 1365 9
948 1321 8
949 1175 7
950 1066 4
950 1431 2
952 1436 10
953 1357 8
953 975 5
953 1137 3
953 1208 9
953 1071 8
954 964 6
954 1053 1
954 1335 2
958 1406 9
959 1120 8
959 1053 1
960 1178 5
964 1197 1
966 1170 9
968 1339 10
969 1110 3
969 1357 3
971 1006 4
972 1272 10
972 1109 6
973 1159 9
973 1353 10
973 1486 8
974 1406 4
979 1444 2
979 1434 2
980 1286 3
981 1350 4
981 1279 8
982 1267 10
987 1003 1
987 1031 2
993 1441 5
993 1235 6
993 1214 7
995 1073 3
995 1163 1
995 1286 7
997 1256 9
997 1066 8
998 1260 10
1000 1440 6
1002 1304 2
1003 1464 9
1004 1069 3
1005 1499 10
1015 1252 7
1016 1256 6
1016 1085 8
1016 1462 10
1018 1422 2
1019 1455 9
1020 1342 7
1023 1414 2
1024 1362 7
1024 1355 5
1024 1343 4
1026 1480 9
1026 1243 7
1027 1209 9
1027 1394 8
1029 1052 9
1029 1285 10
1029 1439 10
1032 1061 5
1039 1170 3
1041 1097 3
1041 1110 1
1042 1056 5
1043 1474 10
1045 1225 3
1047 1377 4
1047 1069 7
1048 1172 8
1048 1373 3
1050 1069 7
1058 1144 5
1059 1499 3
1059 1262 4
1061 1109 9
1066 1170 3
1066 1183 5
1067 1397 9
1067 1311 5
1068 1203 2
1069 1193 7
1069 1450 9
1072 1375 2
1073 1183 10
1074 1415 7
1077 1249 2
1078 1308 4
1079 1112 2
1083 1100 7
1083 1348 6
1085 1263 4
1086 1272 4
1086 1112 6
1087 1229 8
1088 1304 7
1089 1343 3
1097 1341 6
1097 1253 2
1099 1171 1
1101 1207 8
1104 1242 4
1105 1372 1
1105 1213 5
1106 1458 4
1108 1461 4
1109 1459 1
1111 1333 5
1112 1449 10
1112 1149 5
1113 1316 7
1114 1486 10
1121 1132 6
1123 1408 4
1123 1400 8
1124 1181 6
1126 1324 3
1128 1282 10
1129 1131 6
1135 1227 3
1138 1149 6
1142 1289 7
1142 1346 10
1142 1441 2
1145 1160 6
1148 1190 5
1150 1451 5
1152 1368 3
1152 1443 8
1153 1228 9
1154 1400 10
1161 1380 9
1161 1478 1
1164 1373 9
1165 1248 6
1169 1186 8
1171 1376 3
1172 1404 1
1179 1432 10
1181 1463 4
1182 1424 4
1182 1203 9
1183 1272 6
1185 1190 1
1186 1487 1
1187 1220 10
1189 1393 9
1190 1323 8
1192 1495 5
1193 1347 6
1194 1314 1
1194 1398 7
1195 1364 4
1199 1448 8
1200 1328 2
1200 1276 2
1202 1455 1
1203 1244 10
1204 1216 4
1205 1304 8
1206 1312 3
1208 1269 7
1209 1448 7
1212 1481 6
1212 1411 9
1214 1310 1
1218 1452 1
1219 1350 5
1219 1367 7
1223 1345 6
1232 1424 6
1238 1382 8
1239 1448 8
1240 1295 10
1241 1438 5
1245 1265 5
1246 1431 9
1249 1274 7
1250 1282 9
1251 1256 7
1251 1337 9
1252 1367 6
1255 1336 4
1255 1313 8
1255 1347 5
1257 1452 3
1264 1328 7
1264 1272 4
1275 1474 2
1276 1467 1
1280 1346 6
1283 1289 7
1289 1294 10
1291 1378 8
1292 1392 2
1292 1494 8
1293 1366 1
1295 1359 1
1297 1375 2
1298 1361 3
1298 1311 10
1299 1300 5
1302 1481 6
1303 1367 4
1304 1383 5
1310 1482 5
1313 1450 1
1339 1360 9
1339 1375 8
1341 1496 3
1349 1371 10
1351 1398 8
1371 1483 8
1375 1402 4
1378 1387 2
1378 1477 9
1394 1461 3
1396 1451 10
1405 1457 8
1418 1484 9
1427 1449 8
1429 1434 9
1442 1461 5
1451 1493 7
1481 1489 2
