0 568 22
1 496 328
1 550 660
2 32 515
2 296 243
2 746 454
2 203 726
2 174 29
2 977 65
2 51 529
2 377 714
2 637 510
3 589 838
5 907 951
6 196 713
6 647 300
7 466 115
7 668 217
8 297 692
10 664 674
11 237 261
12 596 259
12 964 368
12 370 684
12 524 798
12 725 569
13 49 931
13 822 848
14 944 997
14 298 705
14 924 871
14 559 439
15 416 775
15 665 876
15 125 647
15 790 829
16 315 65
17 512 935
17 402 992
17 355 508
17 150 657
18 524 623
18 126 236
19 410 24
19 596 781
20 269 778
20 862 722
21 185 221
21 548 361
21 991 39
22 118 925
24 113 520
25 195 197
25 711 176
26 928 90
26 993 718
26 579 895
26 932 563
26 368 848
26 793 707
27 790 970
28 441 928
28 684 843
29 664 937
29 491 473
29 318 913
30 106 536
30 987 873
31 721 506
32 680 682
32 162 448
32 126 98
33 889 974
33 420 321
33 647 34
34 958 63
35 267 249
35 949 217
35 317 122
36 942 294
37 124 417
37 287 591
38 756 585
38 644 17
38 511 392
40 432 79
40 665 859
40 238 393
41 856 845
41 990 84
42 875 143
43 146 488
43 340 424
46 785 767
46 98 105
46 71 149
47 386 87
47 844 114
47 77 71
48 506 150
49 106 237
49 563 690
49 436 15
49 957 145
50 442 735
50 468 802
50 919 628
52 763 975
53 888 963
54 450 82
54 807 898
54 874 316
54 242 34
54 250 352
54 191 497
55 88 886
55 698 293
55 642 250
55 455 657
56 241 650
56 590 141
57 405 5
57 933 501
57 943 513
58 433 725
58 747 658
59 472 894
59 274 900
60 985 476
60 163 33
60 387 656
61 196 842
62 756 624
62 388 158
62 406 567
62 510 779
62 425 880
63 890 203
63 334 340
64 547 385
64 631 379
65 570 688
65 675 894
66 641 704
66 995 993
66 131 429
67 745 374
67 210 445
68 378 990
68 169 577
68 458 509
68 155 710
68 210 10
69 572 641
69 338 749
69 380 372
69 934 250
70 360 707
70 585 742
70 618 619
70 451 658
70 597 688
71 510 874
72 146 4
72 895 652
73 819 926
74 762 912
74 139 450
74 220 479
75 920 31
75 658 475
75 102 603
76 872 486
76 179 634
77 328 876
77 800 58
77 245 882
77 607 679
78 992 44
78 362 795
78 958 886
80 959 901
81 145 479
82 808 831
82 818 864
82 355 74
82 597 461
83 738 754
84 504 850
84 720 492
84 492 677
85 348 826
85 964 610
85 993 592
86 702 362
87 494 409
87 167 703
88 883 597
90 415 857
91 673 438
92 329 70
92 485 421
93 269 846
93 582 258
94 149 873
94 478 380
95 752 264
95 347 201
96 722 984
97 153 668
97 341 541
97 366 738
99 712 829
99 571 413
99 219 96
100 131 603
100 163 965
100 574 725
100 855 669
101 850 33
101 173 775
102 528 178
103 114 120
103 379 945
104 872 823
104 273 344
104 627 277
104 630 88
105 440 172
105 769 392
105 331 344
105 190 946
106 935 538
107 716 943
107 892 647
107 517 977
108 375 78
109 324 647
109 405 857
109 326 550
110 152 26
110 505 751
110 214 226
110 134 660
111 732 342
111 395 354
111 172 290
111 551 498
112 313 803
113 449 961
113 691 602
113 484 679
114 536 181
114 711 975
115 597 255
116 782 767
116 223 830
117 197 470
117 502 192
117 509 498
118 472 216
118 586 293
118 362 353
119 674 348
119 742 875
119 151 267
120 516 168
121 587 792
121 955 146
121 658 7
122 373 642
122 919 43
123 770 143
124 694 904
125 384 828
125 951 948
125 463 389
126 811 295
126 843 677
126 753 551
126 790 946
126 824 922
128 214 102
129 562 585
129 357 800
131 801 581
131 525 747
132 405 385
133 355 87
134 541 910
135 573 126
135 623 747
137 247 522
138 704 147
138 769 208
138 290 485
138 397 805
139 202 792
140 580 12
140 654 498
141 378 265
142 720 755
142 880 948
143 686 328
144 444 825
144 324 315
144 950 714
144 145 855
145 588 247
145 941 58
145 470 927
145 247 234
146 210 478
147 921 609
147 915 943
148 903 876
149 850 247
150 863 251
150 151 713
150 673 3
151 289 819
151 490 792
151 971 98
151 754 456
152 471 559
153 606 818
154 874 237
154 372 820
154 381 518
155 679 684
156 304 222
156 554 675
157 823 460
158 270 213
158 437 407
158 854 512
160 659 833
160 732 183
161 270 984
161 558 326
162 472 579
162 252 866
162 407 754
164 454 449
165 255 109
166 812 895
167 537 243
169 865 4
169 973 159
169 903 242
170 898 909
170 971 969
170 516 981
171 767 387
172 994 104
172 275 508
173 312 211
174 385 749
175 726 123
176 539 841
176 543 914
178 340 818
179 638 368
180 536 758
180 513 831
180 579 22
180 350 766
181 760 3
181 652 415
181 990 286
181 351 587
182 951 494
183 368 438
183 641 505
184 568 755
185 970 47
186 953 714
186 669 405
187 280 891
189 740 638
189 718 926
190 264 34
190 916 234
193 336 406
193 219 701
193 879 9
194 858 966
194 419 961
195 984 899
195 718 173
196 965 191
196 988 36
196 838 703
196 476 244
197 883 363
198 680 72
198 700 727
198 878 573
199 315 686
199 245 822
199 534 84
200 512 690
200 965 218
200 422 810
201 216 314
201 328 490
203 771 522
203 227 735
203 659 289
203 469 24
203 732 361
204 626 207
204 246 851
204 934 334
205 976 475
205 847 321
206 848 927
206 390 436
206 839 118
207 513 634
207 510 757
207 838 898
207 503 986
208 419 24
210 764 324
210 214 540
211 868 336
212 833 740
212 317 423
214 933 831
214 364 357
214 751 892
215 473 477
215 613 36
215 783 906
216 507 438
217 682 354
217 844 413
217 538 734
219 896 165
219 866 643
220 361 405
220 789 244
220 735 289
221 824 189
222 761 292
222 810 826
222 479 398
223 259 72
223 477 860
224 834 26
224 618 196
226 872 606
226 949 584
228 720 113
228 924 907
229 678 429
230 386 231
231 946 446
231 754 988
232 864 18
232 297 721
232 881 258
232 689 996
233 477 811
233 599 368
234 276 593
234 684 723
235 904 678
235 816 553
235 674 311
235 580 123
236 323 856
236 990 25
237 988 333
237 483 420
238 548 74
238 347 173
238 908 115
238 637 105
239 618 938
239 314 646
240 360 55
240 728 239
240 834 761
240 654 545
241 339 425
242 392 455
243 478 862
244 251 789
244 764 671
245 770 597
245 357 695
246 568 317
246 813 799
247 461 934
247 286 49
248 249 653
248 787 7
249 326 118
250 450 807
251 406 663
252 449 766
252 939 748
252 414 904
253 703 219
254 333 614
254 366 896
256 696 365
256 645 202
257 755 120
257 540 497
258 457 274
258 994 522
258 411 502
259 792 428
259 374 993
260 978 8
262 356 195
262 487 602
263 486 865
264 832 290
264 323 743
265 962 438
267 729 971
268 420 518
268 615 134
269 537 481
270 657 908
270 287 131
271 865 291
271 698 933
271 937 170
272 900 670
272 762 566
272 316 848
274 793 715
274 317 824
274 877 14
275 560 890
275 894 390
276 371 589
276 972 673
277 463 667
278 860 244
281 544 498
281 515 981
281 500 54
282 666 727
283 708 125
283 990 851
284 779 593
285 572 6
285 519 528
286 399 344
287 721 703
287 490 873
287 535 64
289 968 99
290 521 683
290 523 72
290 972 849
291 784 983
291 626 306
291 783 501
292 936 698
292 868 982
295 386 794
295 508 471
296 522 744
297 660 517
297 692 701
297 453 207
299 376 416
299 792 380
299 428 871
302 858 770
302 682 386
303 892 277
304 800 321
304 673 539
305 721 870
305 732 481
305 477 626
306 440 547
306 864 314
306 389 67
306 710 594
306 653 614
307 641 852
307 908 444
307 390 519
307 977 303
309 763 676
310 545 663
310 978 360
313 547 596
314 568 675
314 383 849
315 516 111
315 649 183
315 495 877
315 663 521
315 603 869
315 476 575
316 693 633
317 597 254
318 682 939
319 937 867
319 859 906
319 543 641
320 891 762
320 513 435
320 731 768
320 764 147
322 941 949
323 936 804
323 474 508
323 363 736
324 942 121
324 535 611
325 872 734
326 352 269
326 832 32
326 985 426
326 575 298
327 585 664
327 700 950
327 646 747
328 853 306
329 500 28
330 428 895
330 356 475
331 906 451
331 811 185
332 789 778
332 886 906
333 719 487
333 589 252
333 671 320
334 515 263
334 869 560
334 877 422
334 943 394
334 820 569
334 415 669
335 992 650
337 427 354
337 517 818
337 381 4
337 383 215
338 904 729
339 377 417
340 912 458
341 402 57
341 407 386
342 768 429
342 585 459
342 809 210
343 449 795
343 438 687
344 353 348
345 440 418
346 744 912
346 580 491
347 734 148
347 463 308
348 593 232
349 584 19
349 548 566
350 905 892
351 397 963
352 836 64
352 998 291
352 871 241
352 702 559
352 863 33
353 616 263
353 527 546
354 475 26
355 707 114
355 732 185
356 954 34
357 627 844
358 378 432
358 955 477
358 444 131
358 477 74
358 989 338
359 783 224
360 418 916
360 740 56
360 735 572
361 951 657
363 530 857
363 869 809
364 588 461
365 474 236
365 461 705
365 405 126
365 863 708
368 817 721
368 682 162
369 704 583
370 404 568
370 829 506
370 879 599
371 989 702
372 947 974
372 925 89
372 806 804
373 732 462
374 881 929
374 387 71
374 448 205
374 575 464
375 935 185
376 877 202
377 578 179
378 484 899
378 756 815
379 587 18
379 380 818
380 695 876
381 558 738
383 656 820
383 969 304
383 985 273
384 713 31
384 985 250
384 635 766
384 629 71
385 473 415
385 821 85
386 585 27
386 846 67
387 840 688
389 650 993
390 583 569
390 653 682
390 559 746
391 689 886
391 403 102
391 501 916
391 414 219
392 626 470
392 621 309
394 667 481
394 453 202
394 981 929
395 472 90
396 764 512
397 792 459
397 675 275
399 624 397
400 481 915
400 867 841
400 555 433
401 760 652
402 698 717
402 787 147
403 419 247
404 900 916
404 711 108
405 515 444
405 912 697
406 668 186
406 902 999
408 600 517
408 555 451
410 624 556
410 759 311
412 861 102
414 739 389
415 761 854
415 884 486
416 985 446
417 801 679
418 742 964
420 784 140
420 761 40
420 532 727
421 641 531
423 572 682
423 583 548
424 945 741
425 657 443
425 498 507
425 555 688
425 931 456
426 922 638
426 522 742
426 590 621
427 453 129
427 470 446
428 755 960
429 681 274
429 866 410
429 515 461
430 666 547
430 718 529
430 943 890
431 490 643
431 999 28
432 802 39
434 630 398
435 632 981
441 628 733
441 678 908
443 760 431
444 624 41
444 527 399
445 602 697
446 458 338
447 925 859
448 753 866
448 652 815
449 533 142
450 668 740
450 717 446
450 807 867
451 900 132
451 788 614
452 841 813
453 629 222
454 721 883
454 762 640
454 554 334
455 713 604
455 878 601
455 977 216
455 761 139
455 698 203
456 901 284
458 801 25
459 922 458
460 832 485
460 917 339
460 471 699
463 593 24
463 823 25
464 494 595
464 911 199
465 863 350
466 714 531
469 894 170
470 721 113
471 666 353
471 893 997
472 796 602
472 479 791
473 721 804
473 542 263
474 800 265
474 529 295
475 538 946
476 594 260
476 700 173
477 804 702
477 540 459
479 720 133
479 711 465
481 886 153
484 869 552
485 957 194
488 523 185
494 818 378
494 499 862
495 934 838
497 562 95
497 772 521
498 777 869
498 941 139
499 635 99
500 692 111
502 842 977
503 535 211
503 971 693
505 808 254
505 797 805
506 885 373
507 764 645
507 959 951
509 957 961
510 898 769
510 644 135
511 688 219
512 835 893
512 801 774
513 668 221
513 564 9
513 783 827
513 540 397
515 676 157
516 640 911
516 879 663
517 556 689
518 576 577
518 646 150
518 839 715
520 785 70
520 695 439
520 927 762
521 609 825
521 571 90
521 654 324
522 551 139
522 657 670
522 915 962
522 575 289
524 744 291
524 660 912
526 827 923
528 835 945
528 831 441
529 741 859
530 980 33
530 678 495
531 552 420
532 889 749
532 981 838
533 784 27
535 540 144
535 958 354
537 727 480
538 936 654
539 836 818
540 542 576
543 993 551
543 677 773
544 639 354
545 861 48
545 925 64
546 968 800
546 919 545
547 548 198
549 706 43
549 683 765
549 679 167
550 920 255
551 605 466
552 743 912
553 618 135
554 626 768
554 914 815
554 950 190
554 829 556
555 872 496
556 869 281
556 823 517
557 603 232
558 803 633
559 974 42
561 991 413
563 777 112
564 632 725
566 763 493
567 960 893
567 622 746
571 927 280
574 761 700
574 682 393
575 909 888
575 880 233
575 857 579
576 657 332
577 592 332
577 657 288
577 939 635
577 837 644
579 596 378
579 788 294
579 750 184
580 907 823
581 794 303
581 949 957
582 865 23
582 855 669
583 934 155
584 891 338
584 678 608
585 754 43
586 829 703
588 771 521
588 967 974
590 765 93
591 650 756
591 895 974
591 711 662
592 965 699
593 686 202
594 793 747
599 684 220
599 837 100
601 949 204
602 919 169
604 804 739
605 952 145
606 928 576
609 632 713
609 821 793
609 999 58
611 627 522
612 782 218
614 857 863
615 978 590
617 720 696
617 665 977
617 698 944
617 691 685
619 643 919
620 858 751
625 795 959
626 992 413
626 860 131
627 941 409
632 909 601
634 825 287
635 795 639
638 956 844
638 951 616
641 749 658
643 904 961
643 858 122
643 702 187
645 782 185
647 880 444
647 873 380
648 849 309
648 982 287
652 672 979
652 823 147
653 974 229
655 750 15
656 746 4
657 665 471
657 793 503
659 905 420
659 931 294
662 684 52
662 707 24
662 916 704
662 742 165
662 897 974
663 777 92
663 790 49
664 765 119
666 889 489
666 838 436
668 837 980
672 795 947
673 981 881
675 990 763
677 954 711
677 803 429
677 965 403
680 841 707
680 682 61
680 998 779
682 851 464
682 920 503
683 940 97
683 693 772
683 951 601
687 826 49
688 795 122
688 789 875
689 896 626
689 913 604
689 790 82
693 749 61
693 695 769
694 888 173
696 803 73
699 951 752
700 956 733
700 927 680
703 987 401
704 973 99
705 932 82
706 720 550
706 817 246
706 968 418
708 737 708
709 737 1
711 905 629
712 964 810
712 807 411
714 765 664
715 805 8
716 771 358
717 947 862
719 972 957
720 892 528
723 939 839
723 798 672
724 984 588
724 978 251
725 911 767
726 832 791
726 982 328
727 766 536
730 980 492
731 940 397
731 798 771
732 963 504
733 966 873
738 777 351
738 950 93
740 865 533
743 856 604
743 926 200
744 938 362
744 811 76
746 753 921
748 946 299
748 890 340
749 818 564
750 788 531
752 962 569
753 806 659
754 977 312
760 851 594
761 937 803
763 778 877
763 796 846
764 883 344
764 921 319
764 956 29
764 862 297
767 937 907
768 869 770
770 823 908
770 799 815
775 851 945
776 992 250
776 891 224
777 805 673
778 915 550
778 973 541
779 864 106
779 787 365
779 790 439
781 827 554
782 940 193
784 813 633
789 814 765
790 845 803
792 959 427
795 845 253
796 880 552
796 822 373
796 856 471
802 883 370
803 927 115
812 978 362
812 819 432
812 938 617
818 877 335
818 847 142
820 932 266
820 966 197
823 967 761
825 937 899
827 923 902
829 887 448
834 996 574
837 924 613
840 907 156
840 846 416
841 844 646
843 935 383
845 862 743
846 928 409
854 991 340
860 904 388
863 945 157
870 956 388
871 984 412
872 995 482
873 927 163
874 990 69
874 981 483
876 907 151
885 977 429
897 974 544
898 955 103
899 946 699
902 925 716
903 936 967
907 941 11
908 910 941
915 940 617
920 968 919
922 924 30
931 977 296
934 957 497
943 991 387
951 984 589
957 989 975
