0 506 3
0 852 8
0 149 6
0 386 6
1 912 10
1 809 6
1 1111 6
2 1195 2
2 302 3
2 431 4
4 1084 2
6 683 9
6 749 3
6 646 4
7 733 7
9 104 3
9 825 6
10 680 7
10 780 4
10 332 10
10 102 8
11 1048 7
11 709 1
12 833 5
12 1084 8
12 140 7
12 847 9
12 661 1
12 924 2
13 32 3
13 1185 8
13 1026 2
13 940 10
13 691 1
13 1146 3
14 1169 5
14 642 4
15 672 6
15 545 4
15 644 4
15 380 2
16 345 7
16 620 6
16 1037 8
17 1072 2
17 981 2
18 777 10
18 364 2
19 992 1
19 1066 5
21 432 5
21 697 4
21 265 10
22 390 7
23 971 2
23 253 7
24 1046 1
26 33 4
26 291 4
26 325 6
26 1129 8
26 1098 6
26 692 10
26 670 9
27 280 2
27 747 2
27 1156 7
27 589 5
28 684 3
29 995 9
29 828 8
29 622 4
29 503 3
31 1065 6
31 1036 7
31 589 10
32 1047 9
32 131 2
32 901 5
33 285 9
33 870 8
34 1114 6
35 558 7
36 595 10
36 123 9
36 399 5
37 425 6
37 851 8
37 758 3
37 895 10
38 472 2
38 555 3
38 149 7
38 270 7
38 287 2
39 1126 4
40 1035 5
41 1161 4
42 787 1
42 455 7
42 639 4
43 391 3
43 205 7
43 479 6
43 663 7
44 433 4
44 867 1
44 171 3
45 129 7
45 351 5
46 1100 8
47 320 8
47 138 8
48 432 6
48 1059 10
49 413 3
49 454 8
50 239 8
51 144 3
51 832 10
51 1174 1
51 830 9
52 708 9
52 782 8
52 324 9
52 174 7
52 286 5
53 910 7
54 156 1
54 366 6
55 152 4
56 952 1
56 525 2
56 1199 5
58 288 4
58 869 9
59 339 7
59 1103 6
61 707 2
61 916 2
61 670 5
61 1183 10
62 985 10
62 229 4
63 1152 2
63 306 1
63 101 3
63 895 10
64 512 3
64 466 1
64 439 4
66 347 9
66 498 2
66 219 4
66 830 10
66 710 1
67 457 3
68 128 3
68 667 2
68 983 5
69 144 4
69 698 3
69 630 9
70 1096 9
70 225 6
70 701 10
70 405 6
71 605 8
72 1154 7
72 194 1
73 1033 8
73 333 3
73 353 4
74 625 1
74 594 4
74 124 3
74 693 9
75 1068 7
75 581 5
77 715 6
77 1148 8
77 502 1
78 608 7
78 806 8
79 96 8
79 763 4
79 816 8
79 501 4
79 278 3
79 91 1
79 1181 3
80 410 3
80 426 8
81 892 2
81 494 6
82 639 2
82 1087 4
83 522 1
83 852 10
83 829 2
84 384 9
85 712 4
85 1128 7
85 527 10
85 214 4
85 95 9
86 818 8
86 516 10
86 1053 1
87 117 7
88 579 8
88 812 4
89 557 2
89 703 1
89 309 6
89 207 2
90 859 8
90 767 10
92 809 7
92 1146 8
92 859 5
93 833 8
93 580 2
93 549 3
93 903 2
93 1164 3
93 1159 4
93 1036 10
93 532 7
93 278 2
93 695 1
93 381 10
94 536 5
95 865 5
95 190 4
96 1160 6
96 645 6
97 440 6
97 756 2
98 577 4
98 836 9
99 398 9
100 685 6
100 1054 5
101 984 3
102 507 8
102 607 3
103 1153 5
103 276 8
103 748 5
103 1142 7
103 119 10
104 306 4
104 334 10
105 923 5
106 259 1
106 708 4
107 853 10
107 334 7
108 907 4
109 1005 2
110 193 2
110 323 3
110 356 10
110 339 7
110 180 10
110 917 3
111 569 2
111 882 4
111 300 1
111 1190 2
112 376 9
112 351 9
112 694 5
112 1159 4
113 884 10
113 117 5
113 150 3
113 167 8
114 1078 9
114 399 1
115 1002 2
115 598 7
116 322 7
117 384 3
117 205 2
119 276 9
120 688 10
120 612 2
120 621 9
120 478 8
120 367 1
121 513 5
121 1004 2
121 857 9
123 404 2
123 646 10
123 622 6
125 767 6
126 848 9
126 1034 9
127 645 2
128 1153 10
128 459 3
129 431 4
130 522 1
131 1162 7
131 907 2
131 332 1
131 817 7
131 874 6
132 469 4
133 501 2
133 1078 4
134 176 6
135 594 9
135 805 1
135 191 8
136 352 9
137 750 10
137 1012 6
137 229 2
137 446 9
138 774 9
138 839 4
139 1145 4
139 699 6
139 187 6
139 1030 10
140 852 7
140 801 7
140 893 10
140 527 6
141 967 9
142 827 2
143 838 7
144 673 9
144 1101 10
144 239 8
144 1115 3
145 242 9
145 882 10
145 148 10
145 925 8
146 571 2
146 487 8
146 1151 6
147 1170 7
147 987 8
147 794 7
147 671 8
148 1029 1
148 189 2
149 1000 2
149 291 7
149 613 9
150 501 1
152 170 1
152 595 8
152 179 5
153 1056 9
153 1092 3
153 726 2
153 359 6
154 465 8
154 651 5
154 844 8
154 1062 8
154 303 2
155 649 5
155 962 5
155 801 2
156 863 8
158 915 6
158 367 10
159 264 7
159 778 5
159 230 7
159 734 2
159 549 5
160 884 8
160 238 10
161 456 1
161 248 5
161 788 7
161 349 5
162 664 5
162 696 1
162 912 4
163 1136 8
163 562 10
164 1018 4
164 559 10
165 410 8
165 892 8
166 1091 5
166 997 7
166 297 4
166 462 2
166 1199 1
166 686 7
166 793 1
166 191 4
167 763 4
167 393 2
167 1007 3
167 528 4
167 852 9
167 347 9
167 669 1
168 538 4
168 403 9
168 558 4
169 917 4
169 878 3
171 993 6
171 1015 6
172 522 3
172 1029 7
172 439 4
173 402 7
173 924 9
173 566 2
174 1024 1
175 632 9
175 1145 4
176 420 2
177 896 7
177 379 10
177 1029 7
178 1121 3
178 363 2
178 334 9
178 245 9
178 670 3
179 192 6
179 338 7
179 319 10
181 581 1
181 623 3
183 1084 4
183 701 8
183 951 1
184 1131 1
186 570 7
186 499 8
186 418 9
187 285 10
187 526 6
188 257 10
188 867 1
188 956 5
190 759 5
191 273 6
191 277 8
192 405 3
192 823 4
193 710 3
194 491 1
194 382 9
196 1040 3
196 912 5
196 525 10
196 374 3
197 306 10
197 1085 8
198 676 5
198 845 6
198 1086 7
199 1109 3
200 525 7
201 641 8
201 457 4
201 668 3
201 1071 6
202 691 7
202 237 9
204 1130 2
204 622 10
205 1010 5
208 1056 1
209 416 8
209 466 4
209 805 3
210 333 2
210 702 6
211 1048 6
211 409 9
212 679 7
213 769 7
213 1111 4
214 261 2
214 886 1
215 521 4
216 986 6
216 555 5
216 782 2
217 326 6
218 619 5
219 610 9
220 244 8
220 404 4
221 540 3
222 601 7
223 390 10
224 1161 9
226 642 3
226 835 10
227 1000 3
227 346 7
227 684 5
228 955 5
228 444 10
228 893 7
228 470 7
229 995 8
229 453 2
230 1162 2
231 470 5
231 1150 6
232 890 2
232 395 8
233 637 7
233 1142 7
234 296 7
234 881 1
234 1053 6
234 838 8
235 968 9
235 406 8
235 1126 6
236 1048 4
236 675 3
236 292 4
237 684 6
238 722 2
239 845 1
240 954 3
240 260 5
240 471 5
241 374 7
241 395 7
241 1005 1
241 630 3
242 801 6
243 584 9
244 956 7
244 1061 5
246 1096 9
246 720 1
247 941 7
248 509 6
249 723 1
250 1170 10
250 411 9
250 1142 4
252 292 9
253 474 6
254 857 10
254 731 9
254 604 3
255 699 8
256 505 1
256 683 2
257 936 9
257 867 2
258 1072 10
258 1032 1
258 1063 6
258 716 7
258 719 10
259 1137 1
259 817 5
260 759 2
260 791 7
261 382 5
261 269 4
262 539 9
262 414 1
263 865 5
263 507 1
263 646 8
264 355 2
264 1104 9
264 274 5
264 468 10
264 853 7
266 312 4
266 384 2
267 828 7
267 1156 10
268 823 9
269 597 3
270 510 7
271 321 10
271 547 8
273 634 4
273 531 9
273 284 8
273 910 8
274 600 4
274 1043 5
274 727 8
275 528 4
275 1105 1
276 420 6
276 364 6
276 939 4
277 512 9
278 314 6
278 484 9
279 946 5
279 682 10
280 778 6
282 817 3
282 862 6
283 1106 7
283 798 7
285 722 10
285 810 1
285 286 2
286 912 9
286 758 9
287 518 2
287 856 10
287 664 9
287 537 2
287 317 3
287 1182 10
287 581 4
288 1198 9
288 734 7
290 820 4
290 1124 10
292 899 8
292 583 8
293 938 9
293 533 3
294 539 7
295 1158 10
296 753 3
296 939 6
297 928 4
297 973 9
297 461 3
299 780 1
300 1136 1
300 409 1
300 412 4
301 457 7
301 1005 5
302 390 6
303 1132 10
303 1029 6
303 1013 6
304 809 7
305 1104 8
306 1011 5
307 995 7
308 804 6
309 658 7
309 858 7
309 775 10
310 631 7
310 691 9
310 1019 6
310 823 10
311 1056 9
311 848 4
311 404 1
312 835 2
312 1004 9
313 326 2
315 395 4
315 1164 6
316 637 9
317 737 4
317 1051 3
319 876 9
319 1173 5
320 944 3
320 518 4
321 629 5
321 574 6
322 905 8
324 1083 1
324 765 9
325 709 10
326 552 8
326 873 8
326 911 7
326 529 7
326 342 1
326 713 9
327 809 9
327 580 8
327 572 7
327 558 2
327 1105 5
328 833 4
328 891 6
329 1082 3
329 642 5
330 362 3
332 348 1
333 672 2
333 1169 7
333 519 4
334 1127 8
335 780 9
336 842 6
337 968 3
337 495 10
337 892 1
337 365 6
337 391 10
338 502 6
339 835 6
340 1026 3
340 597 2
341 586 7
342 1163 7
342 1172 10
343 913 3
343 1044 6
343 614 4
343 670 9
344 899 9
344 853 4
344 1190 9
345 1041 2
345 891 4
347 456 2
348 667 9
348 733 5
349 1153 8
351 528 4
351 963 8
352 512 2
352 518 3
353 688 3
353 924 9
353 893 4
353 991 3
354 1186 5
354 598 1
355 538 7
355 1020 4
356 691 4
356 556 5
356 741 7
357 423 8
359 945 1
359 1013 6
361 946 6
361 594 8
362 510 6
363 591 10
363 1155 1
363 551 3
365 457 7
366 1113 5
366 598 7
367 1115 4
367 1107 7
367 1182 3
368 827 3
369 1122 1
370 1058 10
370 923 2
371 811 2
371 979 1
371 781 10
371 1078 2
371 469 4
372 704 9
373 681 9
374 410 2
374 1155 1
375 721 7
376 621 4
376 1087 2
377 1131 4
377 879 9
378 465 4
378 1050 4
378 926 9
379 986 3
381 552 6
381 909 10
382 1034 5
383 420 2
383 572 8
383 1173 8
383 961 2
384 972 6
386 1105 10
387 407 8
389 1159 7
391 1029 8
392 1181 8
392 687 2
393 1012 3
394 844 7
394 725 7
395 1179 9
396 763 10
396 1111 8
397 474 8
397 477 1
398 575 9
399 1028 5
399 1069 9
400 979 6
403 996 2
403 836 4
404 1094 8
404 1176 4
404 921 5
405 1056 3
405 424 1
405 802 2
406 622 6
406 550 8
407 438 8
408 680 8
408 932 7
408 1076 2
409 840 7
411 555 3
411 691 6
412 757 1
413 1016 5
414 1184 8
414 771 3
415 780 5
416 1116 1
417 451 4
417 1019 10
417 1143 9
417 505 10
417 571 9
417 477 2
420 1081 2
420 677 8
421 625 6
422 1083 7
423 679 9
424 668 3
424 1141 10
425 558 8
425 991 3
426 488 9
426 1197 7
427 968 6
428 968 6
428 1082 2
428 516 2
428 818 2
430 592 3
430 1031 6
431 507 10
431 990 6
432 769 2
434 766 4
435 985 10
435 582 9
436 1027 4
436 866 7
436 1019 9
436 700 3
437 1018 7
437 685 4
438 1186 1
438 805 2
439 1002 8
439 982 8
439 503 8
439 504 4
439 507 3
439 799 2
441 665 3
441 914 5
441 983 2
443 1020 2
443 773 7
444 832 1
444 1187 1
445 762 7
445 1157 7
447 470 5
447 646 9
447 510 2
449 965 6
449 983 4
451 820 4
451 1013 9
451 1070 9
451 551 8
453 1184 10
453 644 6
453 1086 9
454 530 4
454 1013 9
454 567 3
455 919 5
457 592 3
457 861 7
458 714 3
459 617 9
460 936 7
460 1060 3
463 568 1
463 481 7
463 523 4
464 801 8
465 808 4
465 1041 9
465 916 6
466 1059 8
469 893 9
470 930 7
471 522 5
472 547 8
472 581 7
473 636 8
473 987 4
473 972 4
474 1006 5
474 1111 6
475 1176 1
477 634 6
478 1119 8
479 638 4
480 843 2
480 974 5
480 1127 9
481 1174 10
481 510 6
482 545 9
483 612 4
485 976 3
488 736 8
488 500 2
489 768 4
489 922 8
489 718 1
489 894 5
489 583 7
490 907 3
491 849 3
491 765 10
491 1153 4
492 1146 4
492 669 8
493 835 4
493 1061 2
494 672 3
494 525 8
495 998 2
496 565 5
497 976 5
499 932 9
499 602 6
499 540 10
499 925 1
501 555 5
502 1158 3
502 1067 7
502 853 10
502 508 10
504 1154 4
504 1132 4
505 953 9
505 742 1
506 1140 1
507 1127 8
507 1192 9
507 687 9
507 1181 6
508 857 1
509 695 8
510 899 9
510 591 3
511 920 8
511 948 2
511 1198 5
511 791 2
513 554 8
513 775 9
514 1112 3
514 823 6
517 843 8
517 860 3
519 940 3
519 899 9
519 676 8
521 1128 6
525 1190 5
526 1087 2
528 760 9
528 1102 3
529 938 7
530 730 7
530 1092 8
530 994 6
530 759 9
531 695 5
532 1080 3
532 838 6
532 1007 7
533 631 4
533 958 3
533 1087 4
534 908 4
534 1028 4
535 695 10
536 764 3
536 918 4
538 656 1
538 1100 5
538 694 8
539 1139 8
539 1106 2
539 891 6
541 686 6
541 1054 5
542 953 2
542 1094 10
543 997 8
545 559 7
545 1114 5
546 864 9
547 1025 2
548 733 1
549 947 1
550 1185 6
551 686 10
551 845 2
552 1067 9
553 711 1
554 778 1
555 818 4
555 948 10
556 1129 5
557 621 9
559 1081 8
560 727 7
561 648 9
561 672 10
562 664 10
562 714 3
563 878 7
563 598 6
564 574 1
565 950 4
566 750 7
568 754 1
568 603 6
569 859 3
569 702 5
569 751 3
570 625 8
570 1116 7
570 1121 5
572 642 5
572 766 2
573 677 4
574 690 10
575 733 2
577 680 5
577 1086 4
578 961 2
578 643 7
580 626 4
581 709 9
581 859 3
582 916 4
582 970 5
582 1084 10
582 786 3
583 866 5
584 875 4
584 854 7
587 726 5
588 1073 9
588 1124 10
588 701 5
589 763 9
589 966 2
589 1003 3
589 1119 7
590 694 6
591 831 10
592 971 2
593 766 7
594 1043 10
595 793 6
595 1030 7
596 721 7
598 1059 8
598 996 1
599 848 5
599 791 6
600 791 2
601 795 3
602 985 8
603 1071 6
604 914 2
605 1192 7
606 921 5
607 758 5
610 1059 6
611 898 5
614 921 9
614 1094 5
615 936 8
615 775 1
616 682 2
617 784 1
619 810 2
619 1029 6
619 1102 9
621 711 4
621 1197 9
625 871 1
625 627 8
625 1014 9
625 637 5
626 720 4
627 1084 10
627 973 4
627 1167 1
628 820 6
629 978 9
631 650 10
631 845 4
633 1048 7
633 1113 6
633 789 1
634 944 8
634 734 3
635 1133 4
636 932 3
636 989 1
636 821 10
639 654 7
640 1145 10
640 1075 9
641 804 5
642 927 10
642 799 2
644 692 6
644 1012 6
647 750 8
648 1187 7
648 942 6
648 670 5
649 913 3
649 1093 4
650 671 5
650 947 8
651 1002 1
654 742 6
655 1022 9
656 1195 1
658 776 6
659 800 7
659 1061 10
661 793 7
662 969 7
663 954 6
664 850 2
665 914 9
665 830 10
667 786 6
669 1157 3
671 721 1
673 870 5
674 1146 1
674 1133 5
674 1126 10
675 791 8
677 809 1
678 1092 1
678 719 5
679 983 7
680 1013 10
682 1142 5
684 1145 2
686 1154 10
687 1064 8
689 1037 3
691 1129 4
692 854 6
693 870 4
694 773 10
695 1100 3
696 923 10
697 1166 6
698 1120 2
699 1039 10
700 970 5
702 1033 9
703 952 4
703 1060 6
704 956 4
705 1049 3
706 735 7
707 724 3
708 752 9
708 1051 1
710 920 9
711 867 7
712 728 8
713 760 9
713 974 9
715 963 9
715 1054 3
716 1159 1
717 1039 7
718 871 2
719 858 3
720 882 10
721 1154 9
721 939 2
722 1161 10
722 1101 1
723 958 8
724 1106 5
728 1163 5
728 1196 8
729 1056 3
729 730 2
729 1012 10
731 875 10
732 1124 7
734 1009 7
735 953 7
736 1011 5
737 753 7
739 848 10
740 800 1
740 1066 1
743 990 5
744 819 1
745 762 7
745 941 4
746 831 8
747 978 9
748 1075 4
749 1174 4
749 807 5
752 1007 5
754 796 9
755 1158 6
756 1171 7
756 988 6
759 782 5
760 801 5
760 982 8
760 856 9
760 794 1
762 1002 2
762 807 8
763 1182 1
763 863 5
766 795 8
766 1129 10
768 1071 1
771 816 4
771 885 7
772 1100 10
773 841 3
775 931 10
775 1073 8
778 1018 8
778 1147 6
778 893 8
780 1054 9
781 1080 2
782 1116 5
783 845 9
784 1091 5
786 950 5
786 1173 6
787 1107 2
787 1014 7
788 929 2
789 826 7
789 1130 10
790 1093 7
790 1182 1
791 1079 2
793 830 7
794 1124 9
794 1014 5
795 806 1
795 1077 10
796 861 7
797 1166 6
799 1192 5
800 1026 8
800 1182 2
801 892 5
806 932 1
811 1164 10
811 1150 5
812 1156 8
815 920 4
815 1069 7
817 891 1
818 869 8
819 826 10
823 973 7
824 1103 4
825 1078 3
825 830 8
828 995 3
829 968 9
829 922 2
831 1000 1
833 1180 9
844 998 8
845 1063 5
845 1141 5
848 1067 6
849 989 3
850 1017 8
851 986 8
851 935 6
854 879 10
856 1028 5
856 910 3
859 1086 4
860 1194 6
862 1030 2
864 1049 4
869 1185 8
869 1019 4
872 929 9
872 1188 1
873 1154 5
880 909 10
882 908 7
883 1140 5
884 1035 4
886 1032 5
888 999 5
891 1098 1
894 1084 3
898 1169 4
898 1041 7
899 1154 1
899 1036 3
899 1134 4
903 906 7
906 1176 6
906 955 8
906 916 5
906 1046 1
909 1115 5
914 958 6
915 971 9
916 945 3
917 1055 2
919 960 7
922 1138 6
927 1123 7
928 1056 4
928 1035 7
933 981 8
935 1160 4
935 1136 8
938 1018 3
938 1199 10
939 1013 5
942 970 5
943 1198 6
944 1091 7
946 1124 6
948 1066 2
948 1039 10
953 1108 5
957 1091 9
958 1125 1
959 1104 9
959 1162 10
963 1152 3
964 1189 5
966 1154 2
978 1087 10
978 1122 1
978 1127 1
979 995 5
986 1042 2
987 1112 10
992 1012 3
992 1063 7
997 1043 5
999 1073 1
1002 1034 7
1002 1173 2
1003 1099 4
1005 1051 6
1014 1138 8
1017 1136 3
1017 1090 7
1020 1133 7
1020 1063 1
1021 1114 5
1025 1173 3
1029 1160 2
1033 1086 9
1035 1199 2
1037 1175 1
1051 1155 2
1053 1100 5
1056 1122 4
1056 1059 3
1060 1093 10
1067 1154 10
1068 1117 10
1072 1117 2
1073 1095 2
1075 1087 8
1077 1099 9
1078 1141 4
1081 1133 10
1084 1086 10
1087 1123 8
1093 1192 3
1095 1128 10
1102 1146 3
1125 1162 5
1128 1148 5
1128 1177 9
1136 1160 10
1146 1171 6
1151 1196 6
