0 201 6
0 594 4
0 413 10
1 512 2
1 3 7
2 497 9
2 82 4
2 236 10
2 510 10
2 294 2
3 656 2
3 411 4
3 142 5
3 342 2
4 667 5
5 358 4
5 340 8
5 157 6
5 686 3
6 644 1
6 350 2
7 216 5
7 248 10
7 50 4
7 182 4
7 614 2
8 677 6
9 378 8
10 182 8
12 426 3
12 412 3
12 470 2
13 526 6
14 539 7
14 468 6
14 342 7
15 268 8
15 421 4
15 478 3
16 192 1
16 664 2
16 81 4
16 167 10
17 140 10
18 480 6
18 341 3
18 510 3
19 249 1
19 250 4
19 591 9
20 77 1
20 439 9
21 209 7
22 433 7
22 210 8
23 56 3
23 321 3
23 562 10
24 41 10
25 233 5
25 579 9
26 594 2
26 99 2
26 565 2
26 598 7
28 153 6
29 409 10
29 244 7
30 92 3
31 57 4
31 274 5
31 37 7
32 330 5
32 263 2
33 163 1
33 236 9
33 327 7
34 467 1
36 292 6
36 118 10
37 322 4
37 284 1
37 77 6
37 630 1
38 475 9
38 165 7
38 622 1
39 536 4
39 494 8
40 225 8
40 394 6
40 131 7
41 688 7
41 425 2
42 236 6
42 590 4
42 183 4
43 670 1
44 392 4
44 529 3
44 209 7
45 561 1
45 522 4
45 510 8
47 516 4
47 557 8
47 311 8
48 508 5
48 695 6
50 346 10
51 536 4
51 656 8
51 330 5
52 641 2
52 581 2
52 266 1
52 494 5
52 404 6
52 476 8
52 669 10
54 498 8
54 614 2
54 334 7
57 80 3
59 643 5
59 294 7
59 519 3
59 333 10
59 430 9
59 377 1
59 666 3
59 188 5
60 594 8
60 547 9
60 108 10
60 250 8
63 522 5
63 94 8
64 164 3
64 455 5
66 360 5
66 423 8
66 157 7
66 463 9
66 439 8
67 136 7
67 683 9
68 97 4
69 600 6
72 395 3
72 381 10
72 407 5
73 79 2
74 592 3
74 458 6
74 98 6
74 474 2
75 192 5
75 400 9
75 284 1
76 208 10
76 498 8
76 643 9
77 656 8
77 699 6
77 460 8
78 624 8
78 547 9
78 447 9
79 450 3
80 415 8
81 176 5
81 411 1
82 520 2
82 250 4
83 202 4
84 193 2
84 634 8
84 645 1
85 193 4
86 267 5
87 355 2
88 603 3
89 539 4
89 452 2
89 187 6
90 665 5
91 688 3
91 193 4
91 439 6
92 320 4
92 148 7
92 147 1
92 108 6
93 415 2
93 199 3
94 342 1
95 239 10
97 280 7
97 321 4
97 179 10
98 301 10
100 574 5
100 303 6
101 314 8
102 233 4
102 385 8
103 245 4
103 261 10
104 201 9
106 626 5
106 684 6
106 174 6
106 583 8
107 259 7
108 699 3
108 646 4
108 495 2
109 442 1
110 689 2
111 434 7
111 396 9
112 267 10
112 393 10
112 291 5
113 647 4
114 384 5
116 180 1
116 214 10
117 426 6
119 387 5
119 139 7
120 680 10
120 522 3
120 309 7
121 493 6
122 416 10
122 268 3
122 604 3
123 691 6
124 440 6
124 438 3
124 295 6
125 298 8
125 411 9
125 383 9
127 211 1
127 661 1
127 199 1
128 644 9
128 246 9
128 567 1
130 577 6
130 602 8
130 468 8
130 630 7
131 149 1
131 334 10
132 312 8
132 656 6
132 339 4
133 235 9
133 206 4
133 230 4
134 589 6
135 335 10
136 587 7
136 540 9
137 676 6
138 664 10
138 295 8
139 656 5
139 330 2
139 598 1
139 414 8
140 618 8
140 699 2
140 468 3
140 231 2
142 172 6
142 663 10
143 476 8
143 671 7
144 370 4
144 637 4
144 220 4
144 602 7
144 245 4
145 264 9
145 291 2
147 416 6
147 244 7
148 438 3
150 369 7
150 636 7
150 345 5
150 151 7
151 362 3
151 452 8
152 232 4
152 488 2
152 530 7
153 352 7
153 402 4
155 491 9
155 445 6
157 161 5
157 651 7
157 496 3
157 593 10
157 406 8
158 575 10
159 466 3
161 528 7
161 186 5
161 659 3
161 564 4
162 256 3
163 329 4
163 661 6
164 619 9
164 197 8
165 506 8
165 618 7
166 199 9
168 454 2
168 190 9
168 183 4
169 624 4
169 417 3
170 424 4
170 269 1
171 507 2
171 556 9
171 605 10
171 190 9
171 509 6
172 546 7
173 401 8
173 362 7
173 411 2
174 475 6
175 411 3
176 429 3
177 249 9
177 273 4
179 579 6
179 526 5
180 290 7
182 652 4
182 540 2
184 185 6
184 637 6
186 404 8
186 308 6
187 249 2
187 211 10
187 548 10
187 478 7
188 344 5
188 372 9
190 518 5
191 565 8
192 611 9
192 644 7
192 536 10
193 631 6
194 601 4
195 419 5
197 697 5
197 247 2
198 452 10
198 230 5
200 419 4
200 402 1
200 467 9
200 666 3
200 421 9
201 596 5
202 256 5
202 470 3
202 239 8
203 354 4
203 351 2
204 395 3
204 667 9
205 587 2
207 257 7
207 578 5
208 602 1
208 652 7
208 542 2
210 682 4
211 696 4
212 664 3
213 508 9
213 596 10
213 623 2
214 567 3
215 432 5
215 240 9
215 565 2
217 319 10
218 641 3
219 438 8
220 568 9
220 460 8
221 374 1
222 421 7
222 671 6
223 392 3
224 698 8
224 580 2
224 534 1
224 295 2
227 627 2
227 495 1
228 273 9
228 489 4
228 241 3
228 308 7
228 534 8
228 585 10
230 516 1
230 296 10
230 432 9
230 628 1
230 566 3
231 652 2
232 543 5
233 499 8
233 606 1
233 493 9
235 355 9
235 452 9
236 653 5
238 427 6
238 404 9
240 269 7
241 570 4
241 492 3
242 564 3
243 409 4
243 306 2
246 433 6
246 484 4
247 542 9
248 667 8
248 253 5
249 656 10
249 570 1
250 497 1
251 489 2
251 444 8
252 301 5
254 294 2
254 423 6
256 538 3
256 467 9
257 696 6
258 568 10
258 585 9
260 524 1
261 591 10
261 621 8
262 282 1
262 292 10
262 662 1
263 439 2
264 570 6
266 292 9
267 284 6
267 453 9
269 419 9
269 586 7
269 308 5
269 693 6
270 458 9
270 386 8
271 595 10
271 300 6
272 666 3
272 314 6
272 357 5
273 328 6
273 585 4
274 498 2
277 681 8
277 332 5
279 623 8
280 594 7
280 550 3
283 513 1
285 689 2
285 435 3
285 430 7
286 494 2
286 570 7
286 646 9
286 462 9
287 417 7
288 652 4
288 548 9
288 646 8
289 376 5
290 474 2
292 385 10
294 645 3
294 322 3
294 633 10
297 664 10
297 642 6
297 550 2
298 423 8
299 557 2
299 615 3
300 589 3
300 366 9
301 685 8
302 505 5
302 347 7
303 529 10
303 540 1
303 505 3
304 392 10
304 396 2
306 659 3
307 552 9
307 699 6
307 387 5
307 581 4
308 584 3
308 548 8
309 560 9
309 632 9
310 408 1
310 487 8
311 697 7
311 629 10
311 470 2
312 564 5
312 691 2
312 429 1
313 473 8
313 500 4
316 390 5
316 391 6
316 559 2
316 497 1
316 665 2
316 379 3
317 534 4
318 355 8
319 513 7
320 556 1
320 558 9
321 368 7
321 569 9
321 411 7
322 425 9
324 566 1
325 611 4
325 621 6
326 609 6
327 371 9
327 525 6
328 571 2
328 350 7
329 386 8
329 620 3
330 424 1
331 482 6
331 597 2
333 650 4
334 642 3
334 349 3
335 539 10
335 510 5
336 378 8
336 438 4
336 582 2
337 340 6
338 553 5
338 374 2
340 585 6
342 673 3
343 696 2
343 446 8
346 460 4
346 495 8
347 421 7
349 450 9
349 365 6
350 664 6
352 507 6
353 611 2
354 580 5
356 598 9
356 494 7
358 671 10
359 542 7
360 412 7
361 439 7
361 478 8
361 679 7
362 456 1
362 412 1
362 436 9
363 576 7
363 389 5
364 699 5
364 507 1
366 600 3
366 699 3
372 400 2
374 485 10
375 505 1
375 642 3
375 523 9
376 520 7
376 444 7
376 453 1
376 415 10
377 544 8
377 561 5
378 444 9
378 519 6
379 601 6
379 611 3
381 384 10
381 692 6
382 694 3
383 412 2
384 451 1
386 608 5
386 537 7
386 624 4
387 583 3
388 432 1
388 422 10
389 588 8
390 568 7
390 516 6
391 638 1
392 423 3
392 631 9
392 408 8
394 539 4
394 475 1
394 483 8
395 400 5
396 420 5
396 524 10
396 461 2
396 669 2
397 656 9
397 506 8
397 511 1
397 591 9
399 591 10
399 630 3
399 495 3
400 677 3
402 503 10
402 568 1
403 467 5
403 428 8
404 413 5
406 417 8
406 435 6
408 483 8
408 588 3
408 467 9
409 590 6
410 600 4
412 559 4
412 575 3
414 498 4
414 468 6
414 589 7
414 475 8
415 585 10
415 637 5
416 504 9
417 643 10
418 446 3
418 631 5
420 519 9
421 639 1
422 670 7
426 576 10
427 510 6
427 495 2
428 479 10
428 551 1
429 527 8
431 505 7
434 622 6
436 684 5
437 483 9
438 448 5
439 455 8
439 623 10
439 504 8
441 526 9
442 464 2
442 652 1
443 685 2
443 479 2
444 692 4
445 684 4
445 604 10
446 520 1
446 601 7
447 638 9
447 613 4
448 524 4
449 602 10
449 511 9
450 576 9
450 618 9
450 631 5
451 522 8
451 653 10
453 597 4
455 524 8
455 653 9
455 542 6
457 520 4
457 664 8
459 625 3
459 503 4
460 465 9
460 467 2
461 504 9
462 584 9
462 548 8
463 557 10
466 609 2
466 562 7
467 517 7
468 548 9
468 565 9
469 635 7
470 586 4
471 571 2
472 536 1
472 474 3
473 555 1
474 529 1
475 601 7
477 536 9
477 484 10
477 542 10
478 674 4
478 654 2
480 645 1
481 685 5
482 672 3
483 645 8
483 679 5
484 600 5
486 681 3
487 668 2
489 658 9
493 584 9
495 618 3
496 506 8
496 515 10
499 554 8
504 574 1
508 649 1
508 618 6
509 620 4
511 658 4
511 590 1
512 643 9
515 563 7
521 580 3
522 676 4
522 551 4
523 622 8
524 640 2
524 620 5
525 567 10
525 684 9
526 547 4
528 601 8
529 558 10
531 627 3
533 688 7
534 603 4
535 569 3
535 620 6
540 618 8
541 587 4
542 663 8
543 638 2
552 632 8
556 656 6
559 666 7
562 612 8
564 577 5
565 625 1
568 602 6
569 667 5
569 691 10
569 630 2
575 622 1
577 673 2
581 687 4
583 643 6
588 607 6
588 686 2
588 678 2
591 660 5
605 687 5
609 652 1
609 631 6
610 636 5
610 694 9
611 666 4
612 638 4
613 626 10
620 674 1
626 637 2
628 630 6
629 658 3
636 690 3
645 672 1
645 671 1
647 651 5
653 669 1
653 671 4
662 670 6
668 690 5
668 675 10
669 687 1
683 686 10
693 694 2
