0 9 9
0 285 9
1 297 7
1 228 5
2 55 10
2 190 5
2 223 10
3 275 7
3 299 2
3 180 2
3 159 2
4 241 1
4 126 10
5 210 10
5 276 4
6 208 7
6 29 5
6 167 5
7 72 4
7 33 5
7 138 4
8 45 5
8 86 9
8 191 8
10 188 7
10 190 9
11 45 5
11 181 7
12 288 8
12 224 10
12 234 7
13 274 2
13 43 9
13 262 1
14 234 2
14 270 10
14 215 8
15 91 6
15 124 2
16 273 10
17 116 6
20 107 9
20 101 6
20 230 8
21 155 2
21 126 1
23 121 4
23 115 10
23 38 2
24 216 8
26 261 2
27 98 6
27 52 4
27 182 8
28 35 4
28 100 4
29 184 2
29 145 9
29 236 10
30 98 5
30 166 2
31 101 3
32 72 10
32 161 4
32 122 5
32 181 2
32 88 1
33 246 9
33 271 4
34 106 9
34 197 10
35 234 9
35 58 9
36 41 7
36 84 10
36 269 4
37 224 10
37 100 8
37 200 5
37 298 3
37 78 8
37 117 6
37 253 6
38 152 10
38 162 9
38 59 2
39 241 6
39 143 10
40 273 5
40 81 10
41 106 6
41 299 9
41 132 10
41 101 9
42 198 10
42 87 9
43 281 2
43 47 5
44 298 2
44 156 3
44 238 1
46 240 3
46 108 7
47 296 10
48 238 4
49 233 3
49 87 2
50 260 1
50 261 3
50 230 5
50 231 4
51 132 5
52 71 10
52 76 8
52 108 9
52 78 9
52 122 5
52 94 8
53 90 9
53 195 6
54 80 7
54 68 2
54 239 1
55 192 10
57 264 6
57 102 4
57 286 5
57 150 5
58 288 10
59 201 10
59 290 3
60 218 4
60 251 9
61 217 4
62 200 10
63 222 9
64 129 8
66 202 8
67 227 1
67 109 5
68 152 2
69 122 1
69 219 1
69 293 2
69 134 8
70 153 9
70 132 3
70 237 8
71 98 5
71 292 10
71 298 1
71 207 6
72 161 7
72 198 8
72 73 6
72 107 6
72 218 9
73 169 5
73 298 10
73 203 3
73 79 4
75 288 7
75 213 2
77 126 1
78 193 5
78 94 4
79 258 7
79 195 6
79 110 1
79 246 4
79 152 4
79 254 8
80 127 7
81 109 6
81 86 1
83 144 5
83 211 2
83 287 3
84 298 5
84 86 6
86 276 1
87 110 2
90 206 2
90 246 5
91 96 8
92 129 4
92 165 10
94 263 5
94 264 6
94 179 2
94 222 2
95 108 9
95 133 2
97 248 2
97 266 3
98 152 5
101 263 1
101 104 2
101 181 10
101 156 3
103 256 5
103 242 1
104 208 8
104 165 10
104 263 4
105 224 8
105 299 3
105 247 10
106 137 5
106 122 8
106 214 5
107 125 10
109 274 4
109 186 8
109 151 5
110 295 4
110 268 3
110 206 2
111 296 10
111 174 8
111 214 4
113 210 3
114 225 7
114 161 6
115 218 8
116 250 10
117 238 8
118 135 5
120 257 9
120 267 3
121 216 9
121 243 7
122 131 9
123 164 10
123 237 9
125 246 1
126 288 1
126 246 7
126 252 7
127 290 6
128 187 4
130 299 9
130 291 5
131 266 3
131 260 7
131 143 8
133 221 3
134 231 8
135 185 9
135 183 5
136 168 6
136 257 2
138 201 4
138 173 3
142 257 10
142 154 7
142 268 5
144 280 8
145 293 6
145 278 1
147 220 5
149 247 7
150 208 7
150 175 5
151 251 9
153 172 9
154 283 5
155 210 9
155 254 10
156 199 10
157 184 4
157 167 4
158 169 7
161 201 3
162 170 9
162 245 8
164 240 7
164 204 3
166 269 5
166 207 6
167 258 2
170 251 1
170 189 7
172 175 3
175 186 4
177 202 2
177 221 9
177 197 5
179 199 8
180 263 2
181 286 2
182 228 3
182 191 4
184 226 10
184 247 2
185 274 7
185 221 7
185 199 6
190 212 9
190 270 2
190 229 9
192 240 5
193 292 4
193 271 9
194 207 4
194 204 1
194 278 1
194 239 4
196 238 4
197 251 3
197 223 2
198 277 6
201 271 3
202 296 8
202 260 8
204 222 3
205 274 10
205 219 5
205 253 10
207 259 7
209 220 4
209 293 1
209 294 10
211 276 8
212 221 5
213 226 9
215 280 2
216 251 9
220 250 6
220 291 6
222 275 5
223 287 5
224 290 6
226 293 8
227 242 5
228 234 1
229 248 7
232 244 3
234 238 8
235 273 10
237 256 3
241 242 6
243 256 6
244 262 7
247 284 10
248 251 8
249 276 5
249 286 8
250 264 6
254 271 8
255 266 1
255 285 3
257 280 1
257 292 3
258 292 4
261 282 2
265 266 10
267 291 1
272 284 1
295 298 4
