0 114 382
0 151 186
1 465 66
2 237 446
3 341 476
3 302 175
3 391 454
5 272 272
5 332 147
5 302 464
6 108 79
6 69 356
6 367 484
7 35 168
7 229 475
8 104 339
8 145 445
8 150 485
8 198 222
11 56 126
11 206 261
11 46 180
11 479 262
12 136 373
12 19 150
13 182 33
14 168 399
14 274 188
14 429 280
15 114 265
16 43 271
16 405 31
18 388 357
19 252 132
19 130 374
19 23 173
20 377 180
20 101 437
20 407 18
21 321 63
21 110 91
21 415 182
22 312 341
23 68 201
24 435 313
24 38 39
26 424 297
26 393 57
26 44 196
26 337 41
26 115 255
26 116 78
26 381 55
27 203 240
27 380 203
27 390 189
28 398 75
28 119 316
29 457 287
29 335 376
30 304 207
30 80 346
30 192 463
31 489 16
31 434 225
31 79 32
32 72 453
32 273 150
32 74 486
32 243 104
32 459 428
33 489 149
33 394 186
34 429 308
35 438 16
36 347 151
36 491 254
36 357 115
36 182 465
37 76 411
38 134 445
39 174 104
41 449 288
41 302 116
41 361 16
42 289 340
42 111 206
42 149 361
42 375 117
42 315 213
42 286 207
43 201 239
43 434 122
43 340 88
43 270 356
44 131 398
44 493 402
44 437 213
45 142 491
46 269 234
46 422 304
46 235 296
47 56 110
47 403 300
47 388 55
47 262 295
48 393 195
48 76 166
48 325 407
48 95 374
50 54 126
51 265 174
51 321 313
52 330 74
52 268 113
53 112 265
53 484 205
53 231 381
54 424 423
54 99 23
54 311 452
55 137 65
55 299 325
55 233 58
56 80 72
56 150 241
57 104 368
57 392 220
57 467 429
58 104 201
58 162 397
59 95 68
59 429 81
59 343 159
60 441 221
60 284 481
60 484 57
60 457 215
61 376 129
61 242 344
61 74 217
61 364 200
61 266 10
62 456 480
62 462 205
63 234 484
63 212 492
63 333 117
63 222 110
64 107 135
64 283 198
64 166 372
65 420 438
66 272 54
66 369 345
66 423 403
66 78 254
66 240 117
66 401 263
66 152 152
66 314 416
67 338 219
67 197 274
68 289 111
68 442 477
69 144 447
69 340 304
69 100 219
70 465 353
70 370 450
70 123 72
70 310 226
70 401 9
71 497 328
71 114 49
71 318 287
72 209 7
72 236 444
72 166 223
72 151 426
73 312 64
73 254 11
75 497 73
76 244 335
76 438 180
77 424 19
77 308 290
77 110 208
78 214 492
80 102 488
80 207 33
81 235 155
81 447 465
82 408 384
82 98 313
82 396 199
83 256 445
83 100 221
83 227 45
83 268 221
84 194 445
84 261 406
84 392 360
84 398 134
84 399 378
84 342 55
85 435 291
86 403 143
87 298 491
87 340 364
87 222 463
88 169 50
88 398 273
88 326 273
89 288 125
89 426 120
89 492 188
89 138 413
90 496 3
90 385 394
90 287 80
90 428 84
90 441 406
91 464 245
91 275 117
91 180 68
91 390 488
92 201 29
92 250 298
93 395 365
93 237 499
93 195 165
94 286 288
95 96 368
95 284 264
96 393 449
96 274 223
96 446 11
96 183 416
97 253 133
97 399 195
98 185 193
98 260 215
98 394 244
100 264 471
100 434 313
100 205 139
101 449 225
102 357 389
102 200 267
102 467 299
102 157 495
102 479 132
103 304 337
103 441 239
103 275 157
103 164 475
103 326 484
104 322 205
104 303 7
104 404 331
105 408 495
105 489 458
105 482 125
105 431 249
106 351 329
107 146 307
107 403 123
107 446 171
107 262 165
108 350 430
109 491 407
109 244 271
111 123 64
111 300 134
111 343 313
112 266 50
112 189 228
113 177 273
113 156 286
113 486 93
114 139 384
114 198 28
115 376 319
115 238 162
117 373 266
118 491 456
118 285 223
118 390 255
119 462 55
119 263 88
120 316 463
120 468 3
123 394 429
123 283 141
123 182 439
124 320 387
125 343 54
128 304 102
128 200 326
128 309 234
128 462 170
128 453 140
129 256 341
129 130 257
129 351 75
130 205 149
130 318 131
130 239 57
132 493 152
133 269 312
134 377 66
135 261 121
137 401 311
138 234 350
139 498 232
139 244 393
140 209 318
141 359 320
141 291 217
141 159 121
142 496 395
142 273 261
143 360 279
143 332 49
144 253 318
145 283 24
146 271 459
147 483 158
147 415 14
148 248 95
148 382 134
150 451 429
150 231 90
151 353 436
151 297 274
152 450 132
152 421 373
153 478 15
154 483 117
156 305 250
156 321 59
157 413 328
157 431 15
158 161 199
158 257 292
160 176 488
160 445 380
160 167 24
161 377 225
161 267 14
161 361 481
161 367 461
162 321 390
162 237 154
163 408 67
163 497 186
165 361 215
165 211 135
166 424 36
166 352 113
166 235 429
167 174 51
168 424 497
168 322 312
169 299 447
169 487 246
170 288 216
170 198 343
171 295 414
172 423 48
173 494 258
175 488 476
176 265 138
176 347 398
176 211 196
177 331 399
178 486 103
179 204 383
180 218 335
180 253 384
182 467 269
182 468 417
182 311 359
184 400 92
184 336 44
184 351 41
185 457 42
185 428 403
186 456 111
188 420 482
190 456 314
190 272 461
190 483 333
190 342 245
190 288 17
191 303 496
191 295 202
193 359 334
195 317 258
195 333 363
195 421 363
196 395 424
198 323 7
198 469 425
199 369 364
199 458 466
200 361 122
200 316 307
202 321 285
202 234 145
203 216 467
204 269 500
206 353 367
206 278 40
207 354 110
207 487 86
208 343 447
208 222 93
208 263 92
211 265 343
211 316 485
213 236 156
213 325 92
214 491 360
216 432 319
216 346 56
217 412 251
217 268 29
217 471 217
218 310 143
219 371 267
221 433 181
221 341 412
222 308 306
222 383 493
223 241 15
223 479 429
224 473 207
226 334 428
227 314 294
228 330 482
228 474 341
228 310 46
228 309 478
229 473 10
230 491 386
230 390 481
231 320 274
232 320 398
232 341 242
233 449 175
233 434 424
233 356 349
234 442 282
236 246 462
236 454 46
237 475 353
238 346 39
238 379 248
239 321 294
239 483 403
239 478 252
240 309 473
241 499 393
243 296 298
244 322 467
244 405 50
247 401 361
247 442 357
247 307 79
247 489 305
248 301 172
249 358 352
250 442 106
250 254 85
251 361 492
251 307 319
252 423 85
253 377 479
254 489 333
254 281 198
255 259 3
258 467 222
259 309 188
260 476 101
261 292 322
262 485 316
264 388 154
264 396 108
264 301 255
265 378 326
267 411 413
270 272 492
270 365 292
272 418 368
273 354 458
273 439 487
274 379 27
277 320 182
278 296 53
278 452 1
279 462 389
280 413 82
281 312 304
281 494 497
282 482 334
284 289 92
284 405 411
284 486 363
285 353 204
286 453 425
288 334 270
288 487 376
289 462 266
291 384 406
291 310 170
293 352 87
293 428 365
293 390 113
295 409 81
296 373 363
296 382 355
297 466 130
297 350 369
297 367 371
301 467 140
302 414 316
302 421 84
305 316 452
307 406 32
311 335 18
315 474 464
315 404 416
316 423 248
317 348 287
317 395 481
318 480 27
318 477 436
318 338 204
319 496 429
320 332 94
322 427 118
323 352 390
323 442 381
323 371 196
323 364 489
324 337 341
325 400 353
326 401 463
327 370 147
331 421 242
332 443 384
333 418 398
337 439 193
338 470 68
340 413 107
341 456 336
342 369 203
342 393 60
343 430 485
346 482 190
348 486 41
348 362 32
348 355 236
348 470 410
354 381 394
359 367 342
360 439 327
360 373 27
361 451 23
361 374 462
366 413 31
371 383 83
373 446 435
374 419 115
376 436 152
377 411 224
378 481 188
379 471 408
393 476 445
395 474 169
397 462 372
399 479 298
404 420 99
405 442 448
407 443 380
408 458 212
414 492 63
420 456 250
421 470 319
423 484 79
428 489 132
434 463 170
439 477 285
444 454 489
445 490 106
453 488 49
457 480 312
493 498 371
