0 1097 993
0 1189 1404
0 935 1001
1 1247 1370
2 1529 517
2 420 1013
3 4 748
4 162 1518
6 1264 1149
6 72 1058
7 619 972
7 654 9
8 897 1470
8 1138 395
8 611 603
8 290 1266
8 803 1215
9 217 17
9 1419 1574
9 1270 464
10 531 1344
10 1748 552
10 542 1124
11 962 1123
11 1700 775
11 333 597
12 309 1895
12 1270 442
12 391 1239
13 910 636
14 1651 807
14 165 1221
15 1469 386
16 723 1887
17 384 1571
17 809 1351
18 1160 87
18 19 671
18 1100 1581
19 953 879
19 1669 1315
19 327 782
20 845 472
20 190 538
21 393 1677
21 1150 543
22 383 517
23 1659 1198
23 1660 142
23 630 1860
24 35 1342
24 701 1760
25 1064 1203
27 595 1716
28 363 273
28 1855 823
29 1764 569
29 1094 5
29 1607 1133
29 1801 1483
29 1083 1231
29 543 671
30 552 483
30 528 369
30 439 1786
30 175 1534
31 1724 1442
31 437 1223
32 1506 727
32 1539 1097
32 1044 552
33 289 50
33 610 1372
33 709 1550
33 114 541
33 56 1513
33 1694 56
33 511 277
34 134 581
34 490 1839
34 592 1835
34 1817 1777
34 1691 458
34 1886 1064
35 785 222
36 1350 874
36 39 98
37 186 1263
37 1878 76
38 1568 324
38 969 681
38 326 436
39 136 351
39 1149 44
41 1220 518
41 759 1746
43 240 514
43 1565 155
44 1875 1282
44 1005 429
44 1053 1357
45 778 1784
45 555 555
45 325 491
46 473 602
46 666 472
46 690 404
46 1062 1405
47 759 1252
47 534 1484
47 1679 1750
48 473 972
48 1383 1674
49 752 1613
49 867 1058
49 1231 1299
50 1657 55
50 1220 1530
51 242 1380
52 1720 164
53 712 1315
53 814 1511
55 1533 1852
56 869 1289
56 1633 1060
56 1385 351
56 241 1158
56 1012 1840
56 1721 1022
58 1688 951
58 913 146
58 559 1248
59 956 837
59 1557 695
59 126 578
59 1367 700
60 882 472
61 1483 587
61 126 1131
62 1104 1377
62 1892 820
62 597 672
63 945 843
63 1333 1490
63 95 743
64 1594 1561
64 419 748
64 1414 96
65 895 489
65 1014 1567
65 999 1512
66 120 755
66 382 390
67 1884 1001
68 378 672
68 924 928
68 549 975
69 1680 571
69 1769 1856
70 632 386
70 1421 1843
71 452 1885
71 1141 909
71 1799 1007
72 1419 807
72 1044 795
73 1672 1319
73 843 1204
73 319 574
74 627 1139
74 445 511
74 1446 1096
74 535 1399
75 536 1639
75 937 458
76 1377 448
76 483 783
76 965 1363
76 1646 152
77 464 1880
78 1089 508
78 1148 876
79 408 1040
79 673 81
79 331 1095
79 335 735
80 1048 679
80 1490 7
81 514 1602
81 733 1606
82 1761 909
82 1050 827
82 828 295
82 614 1745
83 1570 162
83 202 253
84 1291 1514
84 1734 387
85 1427 1819
85 940 881
85 975 1798
87 1777 1757
87 1332 825
88 1550 1241
89 1218 1631
89 1124 1367
90 1445 334
91 1417 1055
91 157 559
91 1511 1225
92 208 1478
92 488 1854
92 1496 1154
92 333 1003
92 774 1656
93 915 120
93 1076 1346
94 1097 1541
94 1051 287
94 335 1139
95 552 791
95 1589 1681
95 1854 386
95 1013 1223
96 1056 81
96 122 444
96 983 512
98 938 812
98 1407 1201
99 1747 1270
99 204 1868
99 1357 1045
101 1001 1756
101 429 1285
102 1553 398
102 1506 140
102 933 647
102 718 252
103 379 1879
103 612 1105
104 1672 1863
104 1145 1794
104 938 844
104 517 923
104 329 713
105 1854 919
106 665 920
107 921 13
108 562 402
108 877 549
108 1845 1670
109 1145 1346
109 1629 1511
109 1479 147
110 1009 1024
110 994 691
110 1876 891
110 286 1343
110 1630 257
111 772 1000
111 574 314
111 846 1070
111 1149 1737
112 177 281
112 388 1029
112 1245 1389
113 1364 1016
113 1796 451
113 333 668
114 1352 619
115 934 1161
116 587 40
116 131 69
116 869 1096
116 491 1178
117 1080 786
119 818 581
119 1283 458
119 956 768
119 1829 40
119 486 1818
120 129 481
120 869 745
120 127 6
121 730 1803
121 1875 430
121 701 978
122 193 898
122 1196 287
122 329 998
123 1598 1141
123 1021 1572
123 1670 1439
124 241 409
124 281 1268
124 362 950
124 1603 1502
124 1615 134
125 916 519
125 182 1593
126 1722 1159
126 692 1541
127 224 1520
131 196 1863
131 1213 592
132 1895 87
133 1618 1726
133 1102 882
134 709 96
134 565 415
135 1361 808
135 698 1607
136 325 1317
138 940 1285
139 688 636
139 1477 1067
139 550 3
140 1563 7
140 411 996
140 695 1326
141 763 957
142 697 603
142 1044 743
142 854 1016
143 674 229
143 1116 850
143 965 349
144 518 1178
145 1297 78
145 1166 672
146 1399 383
147 1563 1859
147 212 938
149 1752 1322
149 1066 1150
149 923 528
149 1501 1505
150 648 1349
150 882 1565
150 234 776
151 808 1316
151 171 566
151 823 1781
152 995 585
153 600 29
153 1786 229
153 1734 200
153 1414 998
155 1304 1604
155 1894 858
156 743 328
157 541 1293
157 597 1741
157 1223 866
158 1639 1242
159 1012 1109
160 537 1193
161 425 40
161 1711 1181
161 249 1719
162 1829 175
162 679 58
163 1733 1079
163 1231 1195
165 401 958
165 578 1627
166 1536 1650
166 1113 1373
166 1521 803
166 169 1148
167 1329 1293
167 589 981
168 360 358
168 1504 709
169 1059 390
170 864 1066
170 1063 1228
171 1417 1659
171 279 405
172 1410 491
172 796 1781
172 845 1594
173 196 320
174 1693 103
175 1640 1434
175 1073 1437
176 1344 1700
176 322 453
176 1223 1438
176 799 372
177 1306 23
177 1155 648
177 1621 499
177 1677 368
178 1283 1852
178 877 1702
179 1018 1103
179 1750 1262
179 327 1178
180 785 646
180 1538 1303
180 478 1654
180 1255 1278
181 1471 1119
182 1272 1696
182 559 42
183 554 1461
183 1676 1778
183 1845 1059
184 1870 1756
184 190 503
186 455 841
187 654 654
188 1515 1002
188 189 957
189 650 16
189 460 1305
189 498 1448
189 1021 348
189 606 996
189 1535 239
190 649 745
190 883 1488
191 1568 88
191 1893 1683
191 871 952
191 1256 1169
191 844 136
191 1179 973
192 497 670
192 842 929
192 1596 1750
192 266 1075
192 1036 111
193 984 698
193 245 428
193 1439 256
194 648 811
194 290 748
194 339 678
195 683 285
195 357 1603
196 1129 540
197 1552 441
197 389 190
197 613 1421
198 1423 1688
199 856 66
199 1673 1579
199 1411 1713
199 358 160
200 794 1105
200 1739 1262
200 559 172
201 1571 418
201 614 383
201 652 1422
201 634 3
201 1660 615
201 1183 466
202 1745 1504
202 854 777
202 730 1743
202 1819 1758
202 445 521
203 1584 796
203 826 999
203 1895 1402
204 851 1900
204 810 190
205 1658 912
205 515 8
206 865 184
206 530 457
206 227 523
206 490 1261
206 806 470
207 496 318
207 280 471
207 1606 289
207 977 1568
208 1476 1702
208 1433 9
209 1084 403
209 511 1655
210 1641 1574
210 1851 998
210 774 1228
211 1156 1022
212 473 512
213 1608 1742
213 1626 1072
213 988 74
213 1493 266
214 1488 1109
214 1245 275
214 1831 91
216 945 150
216 821 1540
216 478 1835
216 223 1711
217 1549 390
218 1800 1696
218 515 1044
218 1226 1518
218 1395 947
218 810 503
219 1331 124
219 1125 974
219 702 1684
219 503 1216
220 1840 1731
220 297 243
221 480 587
221 1651 611
221 1199 356
221 767 1282
222 1184 1414
223 994 1419
223 1487 403
224 976 1646
224 544 558
224 1668 1000
225 265 642
225 619 1196
226 1324 883
226 1198 957
227 1632 804
227 1767 768
228 1138 1401
228 1147 246
229 963 1108
231 841 730
231 1562 1566
232 386 873
232 1804 1272
233 508 576
233 557 384
233 1662 1666
234 1004 1021
234 541 1323
234 1119 1303
235 1808 160
235 1344 1040
235 1098 972
237 1737 21
237 452 406
237 1276 1091
238 1633 20
238 1196 1010
238 649 194
240 513 1082
240 1700 91
240 421 1559
240 392 502
240 334 123
240 849 965
240 1746 1755
241 1792 1483
241 1021 640
241 342 121
242 1581 1171
242 294 804
243 608 1805
243 905 557
243 1451 1529
243 1839 1152
244 1626 1185
245 974 156
246 1347 118
248 963 218
249 1428 540
249 1276 378
249 1870 816
249 1783 629
250 816 903
250 974 426
250 390 1377
251 1129 385
251 810 280
251 1636 734
252 778 33
253 1570 2
253 1813 227
253 1838 1637
254 585 63
254 924 834
254 759 220
255 1184 1148
255 1019 922
256 313 35
256 946 975
257 1003 1032
258 1175 1070
259 329 1884
259 1891 348
259 349 1684
259 278 1705
260 1544 1213
261 1805 1501
262 1424 1421
262 1339 428
262 1652 948
262 1862 1780
262 1407 1417
263 1840 1260
263 1546 1429
263 806 1541
264 1309 832
265 1024 1054
265 1490 674
266 899 345
266 1867 488
266 462 1725
266 1143 937
266 1848 1423
266 1175 442
267 632 1513
267 1433 1145
267 1381 1264
268 552 69
268 633 24
268 434 196
268 571 1805
268 655 690
269 328 1506
269 1849 297
269 606 591
269 1710 414
269 1807 536
270 962 1020
270 479 147
271 1152 1059
271 1648 1453
271 1525 332
272 867 1678
273 1690 1124
273 308 839
273 522 1450
273 1319 1637
274 1689 849
274 417 522
274 398 1671
274 1246 1262
274 1583 1852
275 1668 1717
276 1280 746
277 1346 1594
278 1804 1096
278 934 298
279 1753 1479
279 522 864
279 1307 1156
279 1622 897
280 729 1150
280 1623 1196
280 1612 1602
280 1245 1048
281 335 804
282 1081 1245
282 1182 1417
283 425 1025
283 994 1804
284 561 802
284 639 786
285 1236 742
286 1635 585
287 1240 686
287 1332 1734
287 1390 408
288 1512 1063
288 1669 712
289 1101 29
289 855 1701
291 927 1815
293 481 100
293 1591 1051
294 1113 1193
294 1373 529
295 1340 428
295 1068 1037
296 1249 1697
296 1082 230
296 1763 839
296 1293 1524
296 697 243
297 1531 1769
297 574 1269
298 1106 1
298 403 1804
300 568 545
301 888 1515
301 1665 266
301 1354 443
301 1636 1249
301 522 731
302 504 922
302 1394 656
302 1347 85
305 1027 942
305 899 1524
306 938 796
307 1570 987
307 1468 1133
308 1312 1377
309 994 1156
309 935 459
309 1224 1307
309 551 1816
309 459 1715
314 415 1626
314 1484 1680
314 941 572
314 885 823
315 1172 280
315 814 1519
317 1331 116
318 536 1
318 891 1377
318 1163 271
319 501 517
319 894 356
320 1211 894
320 1045 1233
321 1349 616
321 1719 1435
322 1198 1202
323 1519 1384
323 1575 337
324 1558 463
325 1670 1504
325 1739 1707
325 597 65
325 951 1011
325 377 931
326 616 1769
326 851 599
326 1484 989
326 1446 758
327 1448 1277
327 1386 1595
327 502 101
328 1644 1445
328 1068 689
329 1840 1492
329 787 1755
329 822 1208
329 1627 1251
330 803 350
330 1862 451
331 1761 854
331 1858 37
331 1315 1195
331 1026 1689
331 1110 158
332 860 1771
332 1189 98
333 1349 752
333 1580 392
333 1183 1795
334 1794 544
334 948 1471
334 1479 458
335 1696 1842
335 897 288
335 1722 591
336 953 374
336 1161 946
337 1807 633
337 1652 66
337 1695 1845
338 1867 1030
338 740 1508
338 1879 502
339 666 1008
339 1581 699
340 1507 1267
342 945 1712
344 1242 916
344 722 636
344 1550 1055
345 1837 1412
347 904 919
347 512 436
347 1468 1664
348 635 283
348 1349 1339
349 1745 529
349 948 1230
349 769 123
350 1028 549
352 1116 240
352 1014 1258
353 1345 1030
353 700 97
354 1232 1076
355 1668 1492
355 1075 1779
355 1268 388
355 1110 1555
355 438 96
356 1187 61
356 932 1479
356 645 535
356 1036 470
356 911 1421
356 1274 613
356 1883 190
357 1566 803
358 1660 552
358 742 1352
359 1003 1295
360 1283 967
361 650 1830
362 1552 14
364 451 129
364 1814 1768
365 1104 211
365 1546 203
366 681 88
366 1375 1088
366 485 1800
366 1197 1543
367 1057 1326
367 1830 1883
367 1478 1224
368 1172 1557
368 1844 1036
369 1598 1351
370 525 957
371 852 941
371 1756 1554
372 718 1671
372 495 1468
373 1352 778
374 1677 1520
375 461 1
376 1283 679
376 1340 745
376 1797 1730
378 1804 1022
378 1261 94
378 1407 992
379 1506 241
379 1507 925
379 534 430
379 979 915
380 1785 298
381 753 255
381 1202 1796
381 1575 1398
381 1822 1060
381 1343 1513
382 1527 881
382 812 268
382 1671 1663
383 1322 174
383 1646 1670
383 783 1145
384 1440 42
384 419 1800
384 1015 808
385 1681 313
385 735 606
386 1832 1183
386 1596 1302
386 840 1280
389 920 456
389 818 1724
390 1869 1072
390 1167 1419
390 688 1657
390 1749 1308
390 1113 196
391 632 1387
391 435 49
392 1556 1194
393 1017 199
393 1094 981
394 760 17
395 417 927
397 907 267
399 1688 1645
400 1336 1872
400 933 1652
400 1301 1504
401 1136 442
401 613 1199
402 1547 765
404 465 1124
404 770 1691
404 1895 1871
405 1685 1142
406 710 1274
408 1842 1349
409 969 1683
412 446 1061
413 1360 685
413 1866 590
414 456 624
414 1720 487
414 1258 1475
414 1007 1353
415 1763 1018
418 1828 1456
418 1213 247
419 889 164
419 474 439
419 1159 1770
420 449 1651
420 795 246
420 1191 1252
421 1467 935
422 1234 717
422 1511 1168
425 1590 1283
426 1274 362
427 1558 517
427 1435 511
427 429 716
427 1382 493
428 712 379
428 915 557
430 1547 1847
430 789 1775
432 1824 1644
432 1346 1276
433 784 1184
433 776 1122
433 1281 780
434 682 1193
435 1154 1689
437 496 442
439 1605 963
440 1176 1583
440 1320 159
440 1427 15
441 1537 1843
441 1705 573
442 1205 239
444 1424 1455
444 604 1479
444 1838 289
445 1639 1674
446 1708 73
446 1069 782
446 1793 1225
447 738 420
447 1275 1728
448 639 646
449 1233 1222
449 1483 776
452 1438 1544
453 1289 1124
454 841 9
454 1471 1258
454 1185 685
455 1793 540
455 755 821
456 1721 969
456 1571 1723
456 1189 183
456 791 715
458 490 822
458 1693 1636
459 1544 190
459 826 1876
459 1147 391
461 627 1089
463 1516 748
463 1717 1105
464 1713 1434
464 1002 1590
464 645 1047
465 1762 1127
465 1893 310
465 626 186
465 787 1298
465 1015 254
466 835 366
466 811 1163
466 1661 1269
467 1751 247
468 712 899
468 1264 1340
468 1259 1282
469 1380 603
469 855 801
470 1456 673
470 875 1410
470 1614 483
472 1416 1710
475 1031 1897
476 1097 375
476 1234 1117
476 706 1636
476 1431 1781
478 1848 250
478 494 676
479 1170 1298
479 1447 70
480 1254 283
481 1683 63
481 1630 68
482 994 947
483 1662 1081
485 1701 1411
485 670 1607
486 656 709
486 1064 205
486 615 1895
488 1395 1081
489 901 804
490 978 824
493 1579 337
494 913 1080
494 1838 595
494 1365 1676
495 563 320
495 1023 145
496 577 726
496 1741 1498
497 1738 1582
498 1211 371
498 1636 1190
499 1507 739
499 718 192
500 1547 1469
500 1154 918
500 1379 14
500 1359 746
501 1365 1797
501 998 93
502 1029 1256
503 739 797
504 1328 1690
504 1185 1295
504 918 866
506 992 225
506 911 550
507 1208 425
508 532 603
509 1106 867
509 963 491
510 1228 1604
511 789 1365
513 1458 349
514 677 1065
515 1163 1005
515 1509 1025
516 896 1744
517 711 355
518 1292 102
519 1346 583
519 532 103
520 735 935
522 1337 111
522 1817 1224
523 1538 1893
523 1058 967
524 1193 461
524 1030 916
526 1037 740
526 1886 1887
527 1172 910
527 1366 1564
528 1777 1697
528 1330 205
528 1298 1081
529 608 527
529 649 536
531 1616 1645
532 1152 1636
532 1021 1485
533 780 1337
533 726 776
536 1464 806
536 1671 958
537 914 1210
537 677 834
538 841 497
539 1057 956
539 545 962
539 1263 437
539 1232 107
539 725 1722
539 1819 1737
540 1216 52
540 1786 164
541 779 1266
541 1731 1099
543 575 1591
543 671 708
544 817 872
544 902 1840
545 1056 243
546 858 22
546 786 1489
546 1199 1580
547 763 469
547 1141 1353
547 983 798
548 1442 1542
548 586 429
548 870 252
549 620 214
549 1081 635
550 1436 912
551 626 1414
551 571 1164
551 1030 742
552 878 292
553 889 829
554 1432 813
554 1219 829
554 1621 37
554 1246 1100
555 1541 1838
555 838 365
555 1256 242
555 1230 306
555 1878 1168
557 1396 964
557 725 924
557 887 177
558 1223 1882
559 651 104
560 1208 1849
561 1002 236
561 1605 442
561 1199 1189
562 768 119
562 1436 1614
562 1100 673
562 1006 1231
563 1179 290
563 1839 1764
565 1382 1321
568 1056 743
568 1673 1604
568 610 886
568 1835 1028
569 1778 1409
569 1196 325
570 1145 776
570 1515 532
571 656 1881
571 1534 257
571 734 1492
572 846 1458
573 1491 663
574 709 48
576 1184 500
576 1121 1170
576 1416 544
577 1098 392
577 1509 764
578 1302 1532
578 1255 442
579 1849 320
579 1605 1114
581 1809 1730
582 1092 1842
582 1503 1082
583 1073 590
583 1633 862
583 1473 786
584 1815 1162
585 1296 1413
585 1305 1526
585 1269 823
585 941 850
587 921 757
589 1496 1711
589 1420 1877
590 1259 1894
590 927 1638
591 1080 1313
591 893 1250
592 697 775
594 1025 1341
594 997 671
594 1607 1114
594 1068 707
594 1363 261
594 1114 1431
594 1276 259
595 1345 435
595 1670 1123
595 1768 554
595 1641 1655
595 1274 120
596 845 1419
597 1433 966
597 1335 616
599 1729 1445
599 894 1330
599 958 427
599 1545 360
600 889 1775
600 1268 13
600 847 1160
601 1280 147
601 1100 1763
602 1678 226
603 913 770
603 931 319
603 1046 286
604 1795 1147
605 860 364
605 1709 1796
607 1326 627
608 1809 767
609 1601 1313
609 1151 812
611 1412 1461
612 1738 144
612 899 1479
613 878 765
613 1874 1553
613 1235 1811
613 1684 1157
613 858 1527
614 1722 45
615 1427 1894
615 1101 1198
616 1525 45
617 681 1892
617 1289 1685
618 1621 1021
619 1464 77
619 1738 952
620 1402 409
620 1261 484
622 1554 800
622 1621 1018
623 920 1608
623 1883 890
624 1746 1360
624 843 973
624 941 912
624 1654 1536
624 1871 544
625 1668 662
625 1885 1701
627 653 1669
629 977 1352
630 1480 861
630 1634 1160
631 1181 1551
632 1060 972
632 1580 1263
632 718 799
633 1670 1811
634 959 1216
634 1161 1475
635 1500 86
635 1028 1600
636 846 1065
638 772 1081
639 1524 9
643 1083 182
645 1505 1737
645 1115 654
646 1515 947
646 1725 799
648 785 961
648 891 802
648 902 539
649 1887 960
649 1873 1704
650 988 335
652 1061 1189
652 759 1797
652 1391 554
652 1073 61
652 1239 673
653 1777 1656
653 758 1328
654 1123 1289
654 807 621
655 1266 94
655 1277 1191
656 801 719
656 1073 1583
657 956 1324
657 871 136
658 1645 1226
658 830 270
659 1183 1268
660 1733 780
661 891 992
662 752 25
662 1547 456
662 1420 338
663 665 872
663 1645 1879
664 965 105
665 1783 824
666 1033 593
667 1365 1442
667 1855 958
668 832 954
668 831 683
669 721 1681
670 1308 898
671 1000 1418
671 1412 1739
672 1817 1860
672 1228 201
672 1614 1585
673 786 694
673 989 1107
673 846 1742
674 1487 990
674 844 1557
674 1102 1329
676 824 537
676 1596 1329
676 1454 1308
677 804 608
677 1383 466
677 1577 1265
677 778 332
677 1481 130
678 1650 1489
679 1575 1138
680 1741 237
681 902 452
682 1087 514
684 940 149
684 1066 27
684 1276 350
685 1048 1292
685 1188 459
685 1112 404
685 1004 810
686 1777 1866
686 1404 497
687 1339 501
687 799 105
688 1095 1419
688 1223 1017
688 762 1069
688 700 619
689 988 80
689 1605 844
690 1462 29
691 1129 900
691 1318 229
692 1282 249
692 1093 523
692 1862 1367
692 790 1888
692 1018 954
692 1434 482
693 1258 337
693 971 915
694 1228 1736
695 794 25
696 1610 240
696 837 1862
697 1732 1279
697 1548 345
698 1002 423
701 1036 777
701 1503 287
704 1092 643
705 1307 904
707 1432 272
707 1340 3
708 1728 864
710 1200 744
712 1713 1510
714 1696 1140
714 1093 1672
715 1860 14
715 790 1410
716 1897 521
717 1364 412
717 1374 1525
717 1886 9
718 1086 1380
721 756 80
721 1774 1719
722 1520 797
722 1443 473
723 1081 1107
723 932 1500
724 1657 691
725 1110 839
726 769 398
726 1454 1438
726 1847 972
727 1544 625
727 1421 68
728 1377 1251
728 1850 277
728 1511 694
729 1752 406
729 978 60
729 1226 873
730 1064 70
730 810 774
731 1567 1417
732 1208 853
733 771 1795
733 1316 190
735 1587 1637
736 1660 635
737 1440 135
738 951 998
740 1842 1224
740 863 647
741 1411 1035
741 1292 1663
743 833 1338
744 1809 1547
744 1530 1673
744 886 1487
744 1671 564
745 1515 1585
745 1135 691
746 1090 1564
747 1039 838
748 1309 841
749 1212 1589
749 830 418
749 1631 425
752 1049 1424
752 839 1078
754 890 581
754 1495 1492
754 1732 1767
754 1119 1324
755 1407 836
755 1106 1355
755 1043 1245
755 1188 206
756 1505 1566
756 1523 621
756 1559 502
758 1044 209
759 1157 298
759 978 1483
759 1554 200
760 1123 1428
760 1274 1656
761 1142 795
762 784 873
763 864 1900
763 1517 1702
763 1454 1567
763 1589 297
763 1721 473
764 1368 1751
764 1571 362
766 1181 1699
767 857 17
767 1173 388
768 1207 505
768 1079 1697
769 1188 637
769 1413 1248
771 1433 871
771 1231 1028
772 1385 174
772 1394 1646
773 1467 1887
773 1622 1512
774 1156 741
776 781 1488
778 1150 391
778 1061 871
779 1769 609
779 1367 748
780 1115 1471
780 1383 601
781 1764 1811
782 945 1451
782 1790 6
782 1566 654
783 1137 196
783 1035 516
783 1228 690
783 1777 368
784 1004 415
784 1217 393
785 1601 1081
785 822 448
787 972 1164
789 1705 629
790 1445 1618
791 1214 119
792 1200 274
792 1336 43
792 1690 1502
793 1360 1038
793 1036 339
795 1860 888
795 1797 1076
796 1889 796
796 1586 1643
797 1601 1506
797 1271 1765
799 960 1181
799 917 1750
800 914 1590
801 1211 1372
802 1228 1563
803 926 64
804 1544 291
805 1226 810
805 875 119
805 830 395
806 1170 27
806 1302 690
807 1049 930
807 1265 200
807 943 327
807 1623 1838
808 1088 1076
808 1049 553
809 1409 1289
809 943 1228
810 1186 214
811 1325 850
812 1713 713
812 1605 274
813 1864 832
813 1611 262
814 1180 762
815 1469 1875
817 1017 379
818 1471 788
819 892 1232
821 1830 846
822 995 201
825 1167 285
826 877 1561
826 887 1168
827 1640 801
828 1434 1348
829 1899 621
831 1090 256
831 1899 1148
831 878 627
831 1163 1793
834 1088 11
835 849 761
835 1340 1770
836 1801 467
836 1587 123
837 1437 516
837 1687 618
838 1227 1571
841 1275 1530
841 1301 1535
844 980 673
845 1130 1582
845 1195 920
846 1752 1760
846 1086 1675
847 892 683
848 1022 1395
851 1761 337
852 1158 1445
854 1502 149
855 893 1420
856 1425 273
856 1553 265
856 1483 1196
856 1478 1531
857 1189 715
858 1120 1445
858 1066 1359
858 1698 1634
858 1165 1384
858 1074 1389
859 1505 541
859 1594 1446
860 938 966
860 1666 1672
861 1754 1697
861 1683 1502
861 1055 1680
863 1697 1292
863 882 1286
863 1774 940
865 1579 956
867 1270 1380
868 1312 96
869 1434 325
871 1521 546
872 1713 1299
872 1094 1678
872 1182 432
873 1609 1799
874 1856 1346
874 1266 873
874 1475 324
874 1581 249
875 1713 111
875 1525 194
875 1113 686
875 1404 1379
876 1258 413
876 1322 799
876 1548 913
876 1605 947
877 1827 88
878 1285 1742
879 1801 1187
880 1413 362
884 1691 12
885 1112 355
885 1260 1503
885 1150 1841
887 1044 1396
887 1519 53
889 1790 680
890 1400 125
890 1823 24
891 1363 574
891 984 1144
891 1791 1135
893 1663 175
893 1148 163
893 1429 61
894 1817 1377
894 1562 1217
894 1494 450
895 1720 781
896 1008 1415
896 1146 940
898 1092 1649
899 1103 1716
900 1125 10
900 1126 1172
901 1156 1887
902 1197 147
902 1037 947
902 1455 514
902 1181 1058
903 1667 550
904 1436 1225
904 923 1556
905 1682 1200
905 1741 857
906 1690 1287
907 1369 83
907 998 377
908 1325 1401
909 1425 384
911 1524 1554
912 1561 1319
912 1499 678
913 1389 1738
913 1169 192
913 1271 595
913 1375 1685
914 1237 663
915 1410 1440
915 1874 288
915 1326 570
918 1176 1491
919 1440 1192
919 1161 1511
920 1269 291
921 1593 1064
921 1779 1732
921 1892 1611
923 1057 1758
923 946 189
923 1746 1131
923 1469 283
923 1374 330
924 1203 1223
924 1276 1494
925 1022 251
926 1469 224
927 1057 1413
928 1802 523
928 1413 1674
928 1741 318
930 1850 1810
930 1290 1122
930 1734 572
930 1479 230
931 1538 433
932 1618 1567
932 1339 1531
934 1580 1381
935 1354 902
936 1521 535
937 1808 1541
937 1112 715
938 1640 601
938 1591 1833
940 1376 1270
940 1216 1651
941 1264 1408
942 1501 240
943 1232 1035
944 998 1078
944 1511 4
945 1650 1404
946 1747 1263
948 1410 1578
950 1590 937
951 1655 1897
951 1828 545
951 1341 1717
952 1712 110
952 1395 174
952 1092 752
953 1456 19
953 1658 1562
954 1355 1576
954 973 785
955 1330 226
955 1294 1033
956 1701 1089
956 1107 576
956 1143 728
957 1876 1499
957 1356 1203
957 1263 462
959 1251 596
960 1064 1615
960 1648 165
960 1059 920
960 1782 1410
963 1163 488
963 1324 365
964 1004 590
964 1210 912
964 1612 1077
965 1412 270
966 1716 388
966 1567 1402
967 1661 536
968 1792 1539
969 1642 1780
970 1765 695
971 1752 705
971 1840 1335
971 1216 403
974 1713 1257
974 1349 285
975 1385 754
975 1506 542
975 1050 763
975 1228 740
976 1198 1108
976 1311 1430
978 1269 1275
978 1656 808
978 1279 109
979 1603 541
981 982 1470
982 1718 1381
983 1195 1179
986 1468 1060
987 1629 251
987 1366 523
993 1465 1800
994 1591 1822
994 1816 433
995 1136 1441
997 1008 1676
997 1895 1773
998 1094 1221
998 1807 715
999 1147 1470
999 1185 1076
1002 1405 670
1002 1469 70
1003 1704 478
1003 1031 1268
1003 1782 38
1003 1368 43
1005 1530 810
1005 1114 1245
1007 1219 953
1007 1599 1030
1010 1238 166
1011 1374 1801
1012 1776 705
1012 1298 641
1013 1601 1504
1014 1578 1379
1015 1835 1477
1018 1025 1090
1018 1259 1663
1019 1253 1004
1019 1270 1206
1020 1304 1437
1020 1709 148
1021 1651 1654
1021 1404 692
1022 1373 1627
1022 1838 1076
1024 1702 1804
1025 1123 1089
1025 1206 101
1025 1871 320
1026 1285 1250
1029 1061 771
1029 1087 1301
1031 1539 1227
1031 1189 591
1032 1306 1780
1033 1675 863
1035 1088 1109
1036 1511 4
1037 1217 1242
1038 1656 1460
1038 1861 1127
1039 1136 1421
1039 1451 1455
1040 1226 1188
1042 1050 991
1045 1600 634
1045 1775 107
1046 1156 296
1046 1486 143
1048 1594 849
1049 1451 145
1050 1689 399
1051 1578 1049
1054 1398 334
1056 1408 232
1057 1107 777
1058 1728 226
1059 1350 210
1059 1127 71
1061 1332 361
1062 1851 1673
1063 1894 1180
1063 1287 1392
1063 1608 1192
1063 1799 1152
1063 1533 1138
1066 1755 1001
1067 1740 1615
1068 1198 158
1069 1070 1401
1070 1320 1848
1070 1723 609
1070 1862 849
1071 1478 143
1073 1669 495
1075 1609 805
1075 1123 1512
1075 1188 1841
1076 1355 1358
1077 1336 535
1077 1274 303
1077 1303 167
1078 1859 352
1078 1526 936
1079 1804 973
1079 1341 1632
1080 1394 380
1080 1796 806
1080 1406 1212
1081 1317 643
1084 1588 111
1086 1638 1778
1087 1152 1303
1088 1147 423
1088 1887 1735
1089 1109 1538
1090 1722 1738
1090 1454 1467
1090 1718 1765
1091 1673 909
1091 1187 1287
1092 1795 309
1094 1133 37
1094 1308 849
1094 1724 752
1100 1473 1253
1102 1169 1645
1103 1299 1545
1104 1345 1702
1104 1117 1412
1104 1158 36
1105 1729 212
1105 1722 893
1107 1127 156
1109 1226 418
1110 1155 312
1111 1459 450
1111 1236 246
1114 1328 925
1114 1457 1571
1115 1721 1
1116 1425 1155
1116 1770 1534
1117 1718 805
1118 1382 1764
1121 1455 590
1124 1694 1256
1126 1199 83
1127 1392 686
1128 1459 583
1128 1365 577
1129 1868 1114
1130 1369 1378
1131 1880 1144
1132 1363 279
1134 1490 1477
1135 1150 56
1137 1794 276
1137 1228 374
1138 1852 590
1147 1857 296
1148 1440 1155
1149 1204 734
1150 1486 260
1152 1551 1465
1152 1372 1540
1154 1266 1047
1154 1580 1692
1154 1683 689
1155 1423 1672
1156 1396 619
1157 1174 1647
1160 1568 179
1162 1829 1232
1163 1712 1296
1166 1821 51
1167 1232 591
1169 1493 167
1169 1815 467
1172 1739 1056
1174 1786 1033
1176 1363 818
1177 1196 1453
1180 1426 1891
1180 1510 1213
1181 1611 1131
1182 1459 1620
1182 1287 1493
1183 1620 1046
1183 1715 1718
1184 1186 1874
1185 1777 1504
1186 1804 1340
1188 1302 1722
1190 1321 1858
1192 1669 399
1193 1536 43
1193 1435 1499
1194 1640 1783
1195 1556 1314
1196 1306 775
1197 1630 379
1198 1697 1109
1200 1202 1523
1200 1667 1058
1200 1790 1746
1201 1813 484
1202 1250 712
1204 1570 1081
1207 1273 1219
1208 1434 1461
1209 1739 1409
1212 1298 1784
1213 1333 1756
1215 1627 1091
1215 1743 1583
1219 1360 1865
1219 1815 892
1220 1898 47
1222 1732 1203
1222 1518 1056
1223 1462 600
1224 1425 1714
1224 1701 1792
1225 1737 1689
1225 1812 787
1225 1630 1748
1228 1429 1259
1229 1755 1662
1231 1595 1548
1232 1685 766
1232 1551 420
1233 1365 185
1236 1541 1027
1237 1779 946
1237 1261 1136
1238 1633 412
1238 1282 1620
1239 1491 993
1241 1656 585
1241 1274 475
1242 1849 485
1243 1498 1609
1244 1888 893
1248 1506 854
1250 1364 1809
1250 1637 1678
1251 1659 1298
1251 1709 932
1252 1337 890
1253 1287 1274
1255 1508 804
1256 1717 647
1257 1284 1014
1258 1609 506
1261 1574 570
1264 1741 1244
1266 1872 1287
1267 1704 1419
1271 1478 1859
1273 1884 297
1274 1796 1567
1274 1614 1827
1275 1436 1025
1275 1294 408
1277 1278 467
1279 1635 1745
1281 1391 548
1283 1366 52
1284 1881 620
1285 1770 1875
1286 1670 663
1290 1768 1573
1292 1718 664
1294 1865 1808
1294 1806 284
1294 1529 700
1295 1402 1670
1298 1742 1553
1299 1409 1461
1299 1443 731
1301 1845 1299
1303 1855 1144
1304 1417 873
1307 1844 1888
1308 1779 30
1310 1696 1300
1311 1402 424
1314 1467 1358
1315 1689 329
1317 1845 149
1318 1521 684
1319 1735 1090
1320 1738 1751
1321 1562 516
1321 1789 852
1322 1782 556
1322 1390 10
1322 1423 1884
1323 1610 607
1324 1453 1391
1326 1835 1553
1327 1845 1450
1328 1877 1196
1328 1791 901
1329 1609 389
1331 1365 1547
1332 1407 1859
1335 1410 538
1336 1586 1065
1337 1889 518
1339 1530 601
1340 1736 1825
1340 1609 813
1341 1559 923
1343 1599 1575
1344 1770 518
1344 1830 242
1344 1478 781
1345 1482 1001
1346 1651 1696
1348 1779 247
1348 1422 1791
1349 1425 1682
1349 1800 1283
1349 1608 913
1349 1672 906
1351 1843 1496
1352 1576 572
1352 1781 660
1354 1686 613
1355 1640 138
1355 1823 167
1356 1724 479
1358 1433 1883
1360 1519 1114
1361 1777 995
1361 1738 823
1363 1780 78
1364 1709 739
1365 1596 561
1369 1550 797
1371 1505 1200
1371 1837 1649
1371 1897 1633
1373 1515 909
1375 1432 1639
1376 1594 1787
1379 1492 633
1380 1456 170
1381 1418 1051
1381 1847 166
1383 1834 1257
1383 1838 47
1383 1439 1129
1384 1528 911
1390 1514 1310
1391 1535 1021
1392 1424 1157
1394 1681 1075
1394 1509 1184
1395 1801 1244
1396 1731 812
1397 1440 739
1397 1557 1670
1399 1469 1142
1400 1457 705
1400 1691 1053
1400 1447 1365
1403 1740 1766
1404 1893 1627
1404 1847 1255
1408 1525 567
1409 1877 1674
1410 1476 480
1411 1699 419
1411 1468 1491
1413 1443 445
1414 1458 1619
1417 1872 1533
1421 1863 229
1421 1533 1688
1422 1826 1597
1425 1555 1623
1427 1697 1246
1427 1469 271
1433 1544 1235
1434 1808 1815
1434 1592 549
1436 1877 92
1439 1635 81
1442 1560 1672
1442 1460 1250
1442 1485 323
1443 1859 1558
1446 1621 83
1447 1722 1562
1447 1764 266
1448 1529 820
1448 1500 1126
1450 1738 1755
1453 1458 707
1453 1651 1819
1455 1522 1363
1457 1600 475
1458 1578 1218
1458 1738 1456
1459 1682 1018
1460 1546 1590
1461 1641 1522
1462 1538 1
1462 1734 1627
1463 1793 1441
1465 1607 1023
1470 1474 380
1470 1827 51
1470 1715 687
1472 1743 1118
1475 1896 1702
1476 1804 895
1477 1545 213
1477 1844 299
1477 1479 518
1478 1702 881
1481 1755 931
1482 1641 1643
1483 1857 784
1485 1864 624
1496 1558 1030
1502 1680 1083
1502 1799 968
1503 1534 28
1514 1841 952
1515 1755 1063
1516 1696 1698
1517 1529 1383
1518 1869 1339
1519 1661 1682
1521 1584 1864
1525 1549 991
1528 1575 873
1531 1780 1547
1531 1534 1570
1532 1587 477
1535 1817 1349
1536 1722 451
1539 1889 940
1542 1590 701
1544 1606 643
1546 1633 1376
1548 1574 670
1551 1803 1506
1552 1831 378
1556 1619 1211
1557 1784 1701
1560 1794 1526
1564 1655 913
1567 1679 1458
1572 1836 47
1573 1591 1238
1574 1687 964
1577 1685 882
1578 1814 1113
1581 1791 187
1582 1770 1571
1590 1715 1243
1590 1868 437
1597 1800 988
1601 1697 432
1606 1665 747
1610 1871 729
1611 1756 477
1613 1776 202
1614 1826 867
1624 1719 357
1625 1653 154
1630 1744 837
1634 1645 1274
1637 1777 1207
1645 1856 770
1646 1731 568
1654 1843 1520
1657 1720 1589
1658 1751 858
1662 1752 667
1675 1740 1252
1677 1738 687
1677 1891 309
1684 1837 1210
1686 1727 117
1690 1887 1102
1697 1771 1344
1699 1740 442
1710 1756 636
1711 1732 1824
1711 1862 421
1714 1814 1487
1718 1839 30
1718 1744 106
1718 1719 1333
1719 1792 1583
1722 1884 1024
1724 1760 1026
1725 1826 429
1727 1774 1330
1741 1896 1864
1755 1832 349
1755 1823 854
1760 1846 1418
1766 1828 1696
1784 1894 541
1785 1790 1763
1787 1844 494
1792 1899 137
1812 1881 1661
1820 1895 853
1830 1834 864
1830 1847 1881
1831 1840 969
1846 1872 1211
1853 1894 135
1856 1863 1190
