0 726 8
0 766 8
1 1186 9
1 311 10
2 248 2
2 41 3
2 1053 8
3 1537 3
3 962 8
3 876 8
3 1414 2
4 1431 3
4 543 4
5 328 1
5 802 8
6 1154 2
6 85 4
6 862 4
6 349 4
7 457 4
7 1418 6
7 811 4
7 1413 6
8 1562 8
9 809 1
9 10 3
9 199 2
10 1324 3
10 597 3
10 1471 2
11 1015 2
12 423 10
13 1137 6
13 644 6
13 1013 5
14 665 10
14 284 8
14 836 4
14 1329 5
15 718 4
16 1517 1
16 1158 7
17 890 5
17 1443 7
17 1421 4
17 151 3
18 1527 10
19 1472 10
19 404 6
19 1054 1
19 78 2
20 1585 1
20 747 5
21 965 4
22 283 3
22 363 7
23 313 8
23 1494 9
24 328 4
24 725 10
24 591 9
25 1432 4
25 916 10
26 224 2
26 1530 4
27 1098 1
27 764 1
28 1386 1
28 666 9
28 1079 2
29 856 9
30 174 10
31 1145 4
31 674 6
31 1229 9
33 512 3
33 1114 4
33 123 1
33 140 10
35 937 6
35 187 2
36 1001 5
36 876 5
37 666 4
37 133 3
37 898 9
37 1415 8
38 178 4
38 443 6
38 1004 7
38 365 8
39 889 10
40 675 6
40 1244 3
40 310 3
41 1344 7
41 1033 6
41 1355 6
41 626 2
41 536 9
42 346 4
42 1338 5
42 518 8
43 1267 3
43 1367 7
44 728 1
44 1130 4
44 46 3
45 709 1
46 1250 5
46 1108 7
46 326 6
47 119 2
47 543 1
48 616 10
49 1056 6
49 1296 9
49 158 1
49 798 8
50 200 8
50 539 3
50 509 2
50 941 10
51 832 5
51 748 2
52 948 7
52 629 6
53 179 9
54 811 1
54 1075 4
54 253 2
54 535 2
55 677 3
56 742 3
57 505 5
58 512 10
58 162 1
59 472 4
60 1160 1
60 1050 9
60 389 5
61 1354 7
61 1046 5
62 1217 2
62 1370 5
62 1238 7
63 289 4
63 1589 6
63 518 4
64 1505 10
65 920 7
65 280 3
66 1224 10
66 545 6
66 148 9
66 1222 4
66 375 4
67 622 4
68 1472 7
68 1586 9
69 1518 3
69 1382 2
72 1256 2
72 379 10
72 499 3
73 90 9
73 100 8
73 573 3
73 877 1
74 337 8
74 1466 8
74 635 2
74 1127 9
75 1112 1
75 369 5
75 1015 1
75 1406 2
75 743 7
76 1266 10
76 685 7
76 222 5
77 851 8
77 693 6
78 840 4
78 1420 2
78 492 5
79 709 2
80 731 4
80 622 10
81 317 8
82 643 8
82 308 9
83 92 5
84 869 1
85 523 1
87 622 9
88 1376 7
88 1062 3
89 849 8
89 674 2
90 1373 4
91 327 2
93 1328 7
93 297 8
93 548 9
94 910 8
95 1032 10
97 593 7
97 341 2
98 593 2
98 1061 7
98 158 5
98 687 3
100 642 7
100 1411 9
100 1303 9
101 1180 3
101 446 9
102 376 9
102 1282 9
102 766 7
102 286 3
103 206 9
104 715 8
104 1187 1
105 950 3
105 462 1
106 1235 5
107 109 2
107 1199 6
108 869 6
110 696 10
110 938 7
110 1565 3
111 313 10
111 1459 9
111 1436 8
111 517 2
111 1590 7
112 921 3
112 539 7
112 935 7
113 1252 1
113 301 10
113 1469 5
114 929 6
115 376 10
116 392 4
116 713 10
116 226 3
116 1370 10
116 407 4
117 1462 8
117 911 4
118 1580 8
118 1470 5
119 1416 9
119 264 5
119 940 5
119 749 1
119 975 2
119 465 8
121 247 3
122 1052 7
122 669 1
123 1145 8
123 1058 9
123 1326 6
124 924 4
124 685 9
125 578 6
125 1235 9
128 962 5
128 1238 8
129 596 7
129 917 7
131 258 5
131 980 8
131 650 6
131 279 2
133 451 2
133 421 2
134 209 4
134 271 9
135 1339 10
135 1019 10
135 693 5
136 210 1
136 893 8
136 1314 1
136 671 10
137 1463 9
138 772 4
138 1549 2
138 272 4
138 1265 2
138 181 5
138 1564 9
139 1560 2
139 1114 5
139 1364 10
140 1352 3
140 167 2
140 535 6
141 1184 5
141 315 10
142 336 5
142 545 6
142 1527 9
143 737 2
143 1571 5
143 805 7
143 887 9
143 1146 4
143 1183 2
144 292 3
144 430 9
145 929 8
145 243 4
146 824 8
146 792 10
146 1355 1
146 915 3
146 527 8
148 489 5
150 1531 1
150 1413 1
150 1486 3
151 955 10
151 358 9
152 1010 10
152 411 5
152 1590 4
153 1034 4
154 1278 1
154 1294 3
154 743 7
155 1569 9
155 218 9
155 699 6
156 197 6
156 511 4
157 371 6
158 1352 3
159 649 7
159 1003 8
160 1129 5
160 483 1
160 1508 4
161 832 10
161 354 3
161 1351 1
161 974 10
161 1584 1
161 212 5
161 1237 2
161 572 10
162 1569 3
162 925 6
163 761 2
165 254 8
165 1150 3
165 167 4
166 924 6
166 1110 3
167 1319 9
170 304 9
170 1081 10
170 355 6
170 708 3
170 605 9
171 896 9
171 1313 6
171 1574 2
172 1283 2
173 785 4
173 1299 3
173 1358 10
173 991 6
175 570 3
175 1298 9
176 530 8
176 534 5
177 1081 5
177 1338 7
177 781 3
177 817 10
178 937 1
178 511 5
178 895 2
179 750 3
180 946 7
180 1534 7
180 551 3
181 788 5
181 284 8
181 415 1
182 1336 5
182 1289 5
182 1508 7
184 1020 6
184 1294 10
184 1439 1
185 1031 4
185 394 2
185 1291 7
185 626 9
185 1279 6
186 1128 4
186 1273 4
187 228 7
187 680 9
187 561 6
187 1203 9
187 733 1
188 201 5
188 243 2
189 962 7
189 294 8
189 712 3
189 938 6
189 590 10
189 629 1
190 256 8
190 1552 1
190 562 7
190 215 2
191 1552 6
191 491 5
191 900 5
192 1170 6
192 301 3
192 1421 9
194 1170 8
194 1220 2
195 819 7
195 1173 2
195 1030 1
196 641 1
196 343 5
197 208 5
197 667 7
197 903 10
198 228 3
199 1293 4
200 1075 6
200 821 3
201 574 10
201 646 6
202 953 1
202 410 2
203 1128 8
205 1042 1
205 647 10
206 693 10
207 1480 5
208 794 5
208 1509 1
209 1034 10
210 858 8
210 692 5
210 430 4
211 1082 4
211 877 8
211 1142 3
213 1577 1
214 808 2
215 1177 10
215 350 7
215 527 4
217 1555 9
217 1044 3
217 1501 9
217 1102 1
218 425 4
218 242 6
218 716 1
218 1221 5
220 362 5
221 1252 9
222 256 6
222 839 1
223 1048 2
223 1098 5
223 1357 4
223 1151 3
224 505 6
224 1010 10
224 933 10
226 283 6
226 636 4
226 867 2
226 1517 5
227 1313 10
227 1103 4
228 1193 8
229 1363 9
229 1422 9
230 520 4
230 484 4
230 927 10
232 432 2
232 722 1
233 1048 2
233 551 8
234 579 7
234 327 1
235 257 10
235 818 4
235 340 2
235 1129 2
236 763 3
239 676 1
240 1547 9
240 1540 10
241 1311 4
241 350 7
241 807 3
243 1558 6
244 937 5
244 493 10
246 673 5
246 1068 6
246 1270 8
247 1336 4
247 781 3
248 1409 10
248 723 10
249 704 5
249 1010 2
249 294 5
249 1279 9
250 1301 4
250 311 5
251 1227 3
251 1029 9
252 1417 8
252 1355 4
252 1113 8
252 1367 8
253 1251 2
254 1245 4
256 354 9
256 1315 10
256 1159 2
257 618 9
257 908 9
257 558 3
259 1558 4
259 1304 4
259 410 2
259 959 2
259 506 7
259 1439 7
260 804 1
260 500 2
260 1047 6
260 548 5
260 859 1
260 1117 8
260 703 8
261 988 5
262 522 3
262 1300 8
262 902 4
262 703 9
264 1520 9
264 1507 4
264 350 1
265 1352 4
265 441 6
265 1517 7
266 328 8
266 317 6
267 906 8
268 1317 6
269 1507 4
270 1091 4
270 1098 5
270 686 3
270 1361 3
270 1594 5
270 1546 2
271 1520 3
272 1180 2
272 291 3
272 316 7
272 535 1
273 448 4
273 804 8
273 798 6
273 671 8
274 722 9
275 1178 2
277 688 4
277 1572 10
277 812 10
278 392 6
278 1423 6
279 334 9
279 1110 4
279 953 10
279 1177 10
279 1499 1
280 1019 3
281 1126 9
282 581 3
282 550 1
282 1268 3
282 407 8
282 1382 4
282 637 8
283 465 6
283 685 6
286 1225 9
286 777 10
287 1316 8
287 532 2
287 1598 3
288 743 7
288 799 1
289 789 2
290 1392 5
290 1499 2
291 688 7
291 1517 5
291 734 10
293 466 2
293 538 2
293 1250 8
294 355 1
294 1241 8
295 875 10
295 1420 4
296 1333 6
297 986 5
298 849 9
298 579 1
298 876 1
298 755 3
299 1566 4
299 319 8
300 1170 9
301 1231 7
302 465 6
302 1037 1
303 1598 6
303 839 4
306 1356 9
306 1397 8
306 1343 6
307 1099 5
307 467 6
307 1253 1
307 1447 10
308 442 4
310 955 7
310 404 4
310 334 1
311 675 9
312 1153 3
312 567 2
313 892 5
313 1558 7
314 818 8
314 580 8
315 1552 1
315 710 8
315 446 6
316 1225 5
316 378 4
316 1386 4
318 723 2
318 1086 2
318 1151 6
319 1555 7
320 1593 7
320 917 3
321 976 8
322 707 5
322 348 8
322 1455 6
324 891 9
324 843 7
324 1147 10
324 509 3
326 857 5
326 1569 4
328 449 1
328 882 6
328 792 7
328 634 5
329 1508 7
332 1213 3
333 689 4
333 999 1
334 681 7
334 1454 5
335 1579 6
335 1179 10
335 941 9
335 1349 1
337 1416 4
337 1187 3
337 1107 1
337 718 5
338 450 6
338 683 1
338 778 3
339 627 6
339 588 10
340 1489 2
340 1130 8
340 963 9
341 1001 8
341 1373 7
342 490 3
343 1552 1
343 1040 9
343 1271 10
345 801 10
345 778 5
346 963 1
347 877 7
348 901 6
349 377 3
349 501 7
349 521 9
350 548 9
350 777 10
350 397 7
350 605 3
351 400 8
351 621 2
352 1366 7
354 1422 5
356 708 9
356 1245 2
358 1536 4
358 367 5
358 975 8
359 1412 3
361 635 4
361 1030 10
362 384 6
363 1481 10
363 605 6
363 1535 3
364 1047 2
365 528 6
365 1121 5
366 979 2
368 1450 8
368 1075 2
370 665 1
370 1366 9
371 1057 5
371 1283 8
371 438 7
372 819 1
372 692 3
372 739 5
375 960 3
375 1299 5
375 751 10
376 580 1
376 1373 6
376 991 3
377 779 1
378 1309 10
379 1186 2
379 517 4
381 1236 10
381 837 7
384 928 1
384 947 9
384 1237 3
384 983 7
387 411 1
387 885 6
387 1582 4
388 464 6
388 1109 2
388 1118 1
389 1320 8
389 540 10
389 1228 9
389 1124 6
390 514 1
391 657 10
391 476 9
391 573 9
392 481 8
393 992 3
393 747 6
393 436 3
393 550 8
394 1580 4
396 727 6
397 665 7
397 493 2
397 1255 3
398 938 2
400 752 6
400 495 2
400 1550 5
400 807 7
401 1492 4
401 1398 7
402 1545 10
402 1578 10
402 1035 5
402 410 1
402 1525 6
403 1550 10
403 1415 5
404 778 4
405 1147 4
406 1499 6
406 845 4
407 962 10
407 1319 8
408 1086 4
409 1432 9
409 1194 9
409 780 5
409 951 4
410 714 3
411 701 1
411 998 2
413 616 9
413 1354 7
414 1346 2
414 1404 1
415 434 4
415 1223 10
416 851 7
418 1404 2
420 634 8
420 948 9
421 915 10
422 1051 9
423 796 9
424 1528 8
424 1328 10
425 873 9
425 1548 3
425 958 10
426 1584 3
426 1003 4
426 694 4
427 1363 3
427 1366 4
428 697 7
428 1395 9
428 1241 8
429 656 7
429 1113 7
429 1412 2
429 1020 7
429 853 5
431 896 2
431 993 1
432 1007 6
433 451 6
433 716 10
433 903 7
434 928 3
434 1503 4
435 1192 5
435 772 7
435 653 1
436 1312 1
436 1202 7
436 891 8
438 929 6
439 1352 2
439 1142 8
439 1383 1
440 1201 10
440 1115 2
441 1478 1
442 1416 4
442 530 3
442 1390 4
444 880 8
444 1225 9
444 1190 9
445 954 7
445 1149 9
445 974 3
445 887 4
446 578 8
446 1316 6
446 921 2
446 826 2
447 1530 9
448 580 5
448 619 9
448 1517 9
448 594 7
448 661 3
449 633 7
449 1012 4
449 1337 7
450 828 2
450 1006 5
451 663 8
452 913 5
452 1547 9
452 812 8
452 803 1
452 471 3
454 1493 3
454 494 8
455 1009 4
455 516 9
455 1409 4
456 633 8
456 907 5
457 1429 2
458 870 3
460 533 10
460 750 4
460 503 3
461 1061 2
462 1520 5
462 533 5
462 677 6
463 761 2
463 1034 7
463 1310 2
464 1038 2
464 1236 2
464 1144 7
464 1371 7
464 860 3
465 1563 9
466 704 7
466 1142 3
466 573 1
468 683 4
468 1014 9
470 1593 5
470 1327 2
471 977 1
471 513 5
472 532 7
473 1168 5
475 1539 5
475 589 8
476 1520 6
476 669 8
476 687 10
477 1022 4
478 757 9
479 1367 8
480 1394 7
480 716 9
480 942 7
480 958 3
480 959 6
482 1162 4
483 1152 2
484 793 10
484 1443 3
485 1350 3
485 648 7
485 1039 6
485 627 7
485 1302 1
485 765 10
487 928 7
487 1207 2
488 1001 10
488 1187 8
488 861 5
489 1064 8
489 987 10
489 1524 7
489 621 9
490 1232 9
490 1484 1
491 1142 7
492 1527 9
494 1192 7
494 1324 1
494 1104 3
494 851 9
494 659 5
494 862 8
495 1457 4
497 694 2
497 1502 6
498 1304 7
499 1296 5
500 1103 4
500 519 7
501 1536 1
501 1388 7
501 789 8
502 1029 10
503 784 9
503 1349 10
503 687 9
505 956 4
507 527 5
508 641 9
508 615 5
510 550 2
510 1575 4
512 1312 9
512 1348 4
512 646 2
512 538 10
513 1299 3
513 1511 4
514 1013 4
515 1428 1
515 1158 7
516 1007 3
516 1287 4
517 523 5
518 650 3
518 519 6
518 1294 5
518 1469 5
519 696 8
520 768 10
520 900 8
520 798 4
521 1214 7
522 1117 2
523 1416 6
523 931 7
523 643 1
524 708 4
525 840 7
525 1270 10
525 1519 9
526 744 2
526 1252 9
526 1063 10
527 1404 4
528 1164 10
528 974 3
529 690 9
531 534 4
532 1186 10
533 608 9
533 801 1
533 1469 3
534 758 8
537 1108 1
538 1444 2
538 1372 4
538 1557 6
540 1277 5
541 1420 8
542 1482 6
542 1563 4
542 957 10
542 773 6
543 604 6
544 1400 9
544 1132 2
544 1502 1
544 782 1
545 1466 2
545 1365 9
547 1370 9
547 1501 8
549 1580 2
550 1572 3
551 1412 10
551 1360 9
551 1299 6
551 790 1
551 804 6
553 978 2
554 800 3
554 921 1
555 908 7
555 1295 7
556 1011 1
556 670 4
557 1047 5
558 846 8
560 1499 9
560 854 5
560 719 8
561 697 10
561 1334 7
563 720 1
563 968 7
563 833 7
564 1203 5
564 1245 9
565 1474 3
565 1374 7
566 849 8
566 964 7
569 1528 10
569 1329 5
569 1419 1
569 1136 5
569 1409 10
570 595 4
570 1579 7
570 959 2
571 815 3
572 1173 9
573 1096 6
574 1167 3
575 1570 4
575 955 4
576 641 6
576 601 5
579 1263 3
580 1448 2
582 1486 2
584 664 3
584 862 8
585 1049 7
585 1274 9
585 1597 1
586 1529 8
586 853 2
587 1386 2
587 626 10
588 834 6
588 1477 6
589 1392 6
589 832 10
589 1421 10
590 1192 7
590 971 6
590 1117 6
590 755 1
590 1303 3
590 1501 1
591 1456 9
591 657 10
592 980 9
592 1386 5
592 644 9
595 1022 8
596 1073 10
596 606 9
600 1057 8
600 1321 8
601 1145 6
601 1230 4
602 1557 7
603 674 8
603 1356 3
603 1078 6
604 1368 6
604 705 9
604 1282 6
605 1282 8
605 739 8
605 1577 2
606 924 9
606 1302 9
606 1070 3
609 1593 1
610 795 9
610 1443 8
610 1126 1
611 1114 2
611 1053 7
613 1238 10
614 920 10
614 899 8
615 1584 4
615 1045 2
615 966 7
616 835 9
619 1364 7
619 957 10
619 686 5
622 814 4
622 846 4
622 1498 3
622 1308 2
625 1307 6
625 1226 8
625 1459 6
625 1115 7
625 1238 6
626 1476 2
627 669 9
628 1243 2
628 1324 1
629 1091 10
629 806 2
629 1480 4
629 1033 1
630 895 7
630 678 3
630 1535 9
631 758 4
632 1490 10
633 1131 10
633 1109 10
635 1578 1
636 774 2
637 833 4
637 969 5
638 1006 9
639 1434 6
641 1591 4
643 1153 6
643 1298 8
643 1382 6
644 1536 5
644 933 1
644 1166 8
645 1057 3
645 1338 5
645 860 6
646 1224 8
646 1586 8
646 890 5
646 1375 3
649 1162 1
649 1420 5
650 1548 1
653 904 3
653 1083 10
655 1105 4
656 756 6
656 802 9
656 1460 2
657 914 6
657 1131 1
658 921 4
659 1191 5
662 1540 1
662 853 1
663 1476 9
664 1401 8
665 1463 3
669 1598 6
670 829 6
673 1408 2
675 1418 10
675 1564 5
675 1093 2
676 1571 1
676 1540 8
678 1224 9
681 1060 4
682 971 6
683 758 3
683 1559 7
685 1174 9
686 1016 10
687 1568 3
687 1239 4
689 1414 10
690 1082 10
690 1242 9
691 1256 10
691 806 1
691 998 8
691 1279 9
692 811 2
694 792 10
694 953 2
695 830 5
696 905 2
697 1507 7
698 888 8
698 1564 9
699 983 4
700 772 6
701 1519 1
702 1218 3
704 1496 3
704 1307 3
704 1527 10
705 724 9
705 741 8
705 1110 9
705 887 3
706 758 7
708 1437 3
709 771 3
709 1018 9
709 1117 5
709 1343 4
710 1381 10
711 1544 7
711 1338 7
712 870 6
714 1057 4
715 1058 1
715 959 2
716 850 6
716 1229 1
717 888 6
717 921 5
717 974 3
718 1347 6
719 1467 6
719 1254 1
721 1498 6
721 1563 9
722 846 1
723 970 6
725 1363 6
727 1305 9
727 1141 10
728 898 2
729 879 2
729 1487 2
730 1113 7
731 1188 3
732 1533 2
732 935 1
733 1330 7
733 1252 1
734 1056 1
735 1016 7
736 906 4
737 746 7
737 1386 1
737 1494 8
739 795 7
739 1116 10
741 1422 9
741 1567 4
743 1257 5
743 1370 5
743 827 4
744 1301 8
744 1101 1
745 872 7
745 1159 6
745 1175 6
745 767 7
746 934 7
747 1503 3
750 1097 6
750 1254 9
751 1312 3
751 1036 1
752 1460 4
753 1480 1
753 1518 10
754 880 4
754 1578 10
755 1370 5
755 1508 9
756 905 8
756 956 5
757 1352 5
758 1505 3
758 1543 7
758 975 9
760 1500 4
760 1261 3
761 1525 2
762 1355 6
764 1434 5
766 1217 6
766 1180 8
768 802 3
768 1589 9
770 1437 3
771 947 1
771 908 5
772 1337 8
773 1149 8
774 1361 9
774 798 7
775 777 5
775 1290 8
775 1147 2
775 1437 2
776 1417 10
776 1138 7
776 1003 4
777 1416 10
780 1016 7
780 1338 10
780 1591 9
781 921 6
781 804 8
781 876 2
782 1046 3
783 1141 4
784 1450 9
785 1462 8
787 1103 10
788 1132 8
789 1345 8
789 1328 7
789 1139 1
789 1308 2
789 1533 2
790 1589 9
792 995 3
794 973 10
795 916 4
795 1151 10
796 1372 5
797 1246 2
798 1251 2
798 1016 8
799 1408 10
801 1184 4
801 1234 3
802 1415 6
803 1200 6
803 1097 3
805 856 8
805 1138 9
808 1443 1
809 1394 2
809 877 8
809 1294 8
810 1493 5
811 1340 7
812 1006 4
812 1351 6
813 944 8
813 1245 2
814 1224 7
814 1057 5
814 1416 1
815 1000 6
815 1347 1
815 1366 8
816 1028 9
819 1361 7
820 1521 1
820 1367 3
821 1597 6
822 1380 9
823 1307 4
823 1284 10
824 1104 7
824 1188 2
825 856 7
825 932 9
826 1169 5
827 1443 10
827 1076 9
829 1171 9
829 1452 8
830 1416 6
830 1194 7
830 991 7
832 907 2
833 937 2
837 1080 6
837 1447 7
838 1022 2
839 1040 5
840 1138 2
841 863 2
842 1073 6
842 1498 6
842 1263 4
843 1020 5
843 1244 5
845 1597 2
846 937 3
846 983 4
848 1469 8
849 1259 8
849 1469 4
850 1587 5
851 1161 3
851 1133 8
852 976 1
852 1579 9
853 1208 8
853 1559 3
854 1414 3
855 969 4
855 964 2
856 928 5
856 1108 9
856 886 7
856 1590 3
859 996 1
859 1325 1
861 973 5
863 1339 3
864 1504 10
865 949 3
866 1056 10
867 1579 7
869 978 8
870 1375 5
871 1017 8
871 1042 10
872 1029 1
872 919 10
873 957 6
874 1178 10
874 1054 5
876 1377 7
876 1126 8
877 1587 9
877 953 2
878 1532 1
881 1283 4
882 1277 3
883 1409 2
883 1563 6
883 910 7
884 1453 4
884 1215 6
885 1286 7
886 953 9
887 1182 5
887 998 7
890 1407 9
891 1124 9
891 1045 1
891 905 5
892 1505 2
892 1091 4
894 1237 9
894 1325 2
895 1586 1
896 1145 10
897 1568 8
898 1423 3
899 1298 8
901 1521 5
901 1358 4
902 986 6
902 1031 5
903 1319 8
904 1058 6
906 1320 6
907 1111 6
908 1157 8
908 1569 10
910 1211 9
911 1523 6
912 1248 7
912 1064 5
913 980 2
914 1175 2
915 924 9
915 1246 10
917 1193 1
917 1542 7
918 1362 4
918 933 8
919 1575 9
920 1124 9
921 1253 3
922 1284 7
923 997 9
924 1570 9
924 931 1
924 950 4
924 1399 5
925 1249 4
925 1222 9
926 1500 8
926 1543 6
927 1316 3
928 1287 7
928 1343 1
929 1313 8
930 1125 1
930 1398 2
931 1098 5
931 956 3
933 980 1
934 1224 4
934 1361 3
935 1355 6
937 1351 6
937 1001 4
937 1241 5
938 1339 9
939 1047 7
943 1522 2
943 1151 5
944 1233 7
944 1395 10
945 1036 9
946 1282 7
947 1010 6
950 1119 7
951 1390 3
952 1336 10
952 1526 2
955 1001 8
956 1253 9
956 1585 8
958 1051 4
958 1165 8
958 1167 1
959 1382 7
960 969 10
961 1474 2
961 1157 2
962 1283 4
962 1096 8
965 1498 8
970 1073 6
970 972 6
972 1474 9
972 1277 4
974 1381 1
975 1586 5
977 1005 7
979 1533 9
980 1438 1
981 1387 3
981 1299 3
981 1566 10
984 1297 1
984 1334 4
985 1549 7
987 1501 6
988 1238 8
989 1326 4
990 1427 6
991 1092 9
991 1191 10
991 1452 10
993 1322 9
993 1179 3
996 1274 10
996 1435 4
996 1230 1
999 1504 1
999 1529 4
1003 1259 6
1003 1316 6
1004 1571 5
1006 1199 4
1007 1297 8
1007 1170 3
1009 1369 1
1009 1156 3
1011 1139 9
1013 1234 3
1015 1539 9
1015 1016 2
1017 1151 8
1019 1425 8
1021 1179 2
1021 1118 1
1024 1237 10
1025 1298 4
1026 1362 9
1027 1184 9
1028 1305 10
1031 1166 2
1034 1542 2
1035 1101 4
1038 1524 7
1038 1309 1
1039 1108 10
1039 1421 9
1040 1427 8
1041 1169 8
1043 1394 9
1048 1581 7
1048 1357 1
1051 1155 1
1052 1274 4
1053 1229 1
1055 1121 8
1057 1480 10
1059 1195 10
1062 1114 6
1063 1417 6
1063 1596 3
1064 1521 2
1064 1146 2
1065 1581 6
1067 1101 8
1068 1160 1
1068 1483 1
1069 1082 1
1069 1283 7
1070 1292 9
1070 1221 2
1071 1581 2
1074 1470 10
1076 1494 2
1083 1228 1
1084 1481 5
1085 1293 1
1085 1166 8
1086 1596 1
1089 1149 4
1089 1429 6
1090 1283 6
1092 1363 2
1093 1206 4
1094 1579 4
1096 1158 6
1096 1223 5
1098 1439 6
1099 1358 8
1100 1338 6
1101 1106 9
1103 1363 7
1103 1198 5
1103 1370 9
1104 1285 2
1106 1467 4
1109 1593 3
1110 1146 3
1111 1526 8
1112 1141 1
1112 1383 3
1113 1330 8
1113 1291 7
1114 1592 4
1119 1321 2
1119 1543 4
1120 1223 1
1121 1227 8
1126 1228 6
1131 1348 2
1132 1578 6
1134 1418 9
1136 1223 10
1137 1160 6
1137 1475 4
1138 1344 3
1140 1169 9
1140 1331 8
1142 1377 5
1145 1223 8
1145 1165 1
1145 1394 9
1146 1348 4
1148 1197 6
1150 1407 1
1151 1576 1
1152 1519 4
1154 1424 7
1155 1518 3
1156 1502 10
1157 1237 6
1167 1495 1
1168 1235 1
1170 1312 6
1171 1571 1
1171 1278 5
1172 1259 5
1173 1330 1
1173 1270 1
1174 1532 9
1174 1332 2
1174 1422 3
1175 1349 1
1177 1198 1
1181 1516 2
1184 1564 9
1185 1298 9
1188 1438 4
1189 1397 6
1190 1349 6
1195 1280 9
1197 1264 8
1198 1323 7
1199 1478 7
1201 1296 7
1201 1542 3
1203 1512 7
1203 1502 10
1205 1304 2
1208 1513 2
1209 1515 7
1217 1476 3
1218 1447 1
1220 1388 2
1221 1240 8
1221 1375 6
1224 1274 1
1225 1471 5
1226 1505 6
1226 1369 9
1227 1317 3
1227 1313 5
1228 1297 1
1229 1312 2
1231 1319 8
1232 1386 7
1235 1405 5
1236 1554 9
1237 1502 1
1246 1419 8
1250 1459 10
1251 1475 6
1251 1487 6
1254 1379 9
1258 1557 10
1259 1445 10
1260 1425 3
1261 1554 2
1261 1426 7
1262 1414 6
1265 1285 1
1265 1358 6
1274 1451 10
1274 1452 9
1274 1519 5
1275 1456 3
1275 1285 3
1278 1291 10
1279 1448 3
1279 1288 7
1281 1596 1
1283 1369 2
1287 1379 9
1288 1475 2
1290 1597 6
1290 1421 7
1296 1560 1
1298 1348 3
1298 1418 1
1299 1474 10
1299 1547 4
1300 1460 10
1303 1499 4
1303 1555 7
1304 1536 8
1305 1424 10
1307 1498 7
1308 1497 10
1313 1386 6
1313 1516 9
1316 1384 6
1317 1468 1
1318 1369 9
1320 1331 8
1320 1516 1
1322 1490 7
1325 1544 4
1326 1419 2
1333 1585 4
1333 1428 10
1333 1389 8
1334 1385 7
1337 1433 1
1342 1454 1
1346 1551 7
1346 1469 4
1346 1463 7
1347 1351 5
1349 1550 4
1349 1469 9
1350 1506 8
1350 1471 9
1353 1470 4
1354 1462 4
1355 1409 8
1359 1476 9
1359 1549 5
1360 1581 8
1361 1490 4
1366 1498 1
1367 1577 6
1368 1534 5
1369 1528 9
1376 1448 9
1378 1468 1
1384 1505 7
1384 1460 1
1386 1579 4
1390 1534 8
1394 1408 10
1395 1479 2
1396 1492 2
1400 1445 2
1401 1578 5
1402 1539 2
1402 1572 5
1407 1528 10
1407 1479 7
1409 1508 4
1410 1593 9
1410 1548 10
1411 1507 3
1414 1506 6
1416 1426 3
1423 1530 5
1426 1586 2
1427 1528 10
1429 1561 1
1430 1587 6
1430 1597 6
1435 1590 1
1436 1577 3
1443 1562 8
1457 1524 10
1460 1560 4
1463 1474 7
1464 1595 10
1471 1546 5
1473 1554 8
1480 1496 6
1488 1577 1
1500 1580 2
1512 1577 2
1519 1579 1
1523 1531 6
1535 1570 3
1541 1546 2
1545 1595 8
1581 1586 9
