0 593 401
0 531 868
0 660 880
0 198 1176
0 14 785
1 1064 992
1 1083 800
1 823 73
2 59 71
2 147 447
2 172 697
2 381 1020
3 833 1122
3 67 1095
3 933 564
3 902 115
3 395 147
3 718 941
5 66 523
7 1115 1186
7 724 635
7 45 506
8 1069 267
9 1042 775
9 211 636
9 1294 197
10 578 439
11 91 488
11 597 137
11 79 1190
12 707 835
12 750 841
12 847 190
12 725 374
12 278 44
12 250 883
12 379 685
12 1151 1240
16 132 1069
16 228 908
16 1001 331
16 1261 497
16 470 741
16 1273 416
16 1086 212
17 618 1202
18 361 57
18 683 417
18 1206 1157
19 514 472
20 1224 1205
20 132 359
20 844 417
20 494 1206
21 856 852
22 608 111
22 1232 1133
22 794 753
22 540 1111
23 793 833
23 1005 241
23 935 459
24 616 656
24 690 872
24 1077 4
24 1190 485
24 1239 794
25 132 385
25 327 471
26 387 1015
26 638 349
26 815 328
27 528 351
27 64 1299
27 109 362
27 854 1103
27 905 1015
28 747 13
28 220 1011
28 383 814
29 1224 692
29 667 952
30 680 29
30 968 371
30 998 196
31 85 422
31 1127 1257
32 441 741
32 1062 487
33 265 564
33 843 1140
33 196 1166
33 951 1168
34 153 992
34 268 598
34 977 382
35 879 883
36 665 489
36 148 216
36 412 1280
38 586 832
39 241 1126
40 922 533
40 1028 195
40 538 812
40 1175 442
41 949 305
42 364 1115
42 453 823
43 1048 971
44 130 451
44 155 954
44 895 235
45 1169 864
45 820 336
45 789 630
46 586 795
47 553 824
47 179 1117
48 601 727
48 106 996
48 691 195
48 957 430
48 769 320
49 1028 1198
49 75 586
49 717 540
49 533 659
49 984 965
49 953 590
50 730 1279
50 300 936
50 970 266
50 293 187
51 345 1213
51 190 546
52 189 389
53 104 419
53 665 581
53 466 699
53 973 843
53 255 507
54 416 139
54 323 798
54 1259 1174
55 913 651
55 186 866
55 523 424
56 1185 1140
57 436 196
57 877 858
57 982 132
58 145 537
58 815 1030
58 681 464
59 1256 707
59 793 374
59 690 726
59 838 155
60 769 3
60 642 278
62 904 459
62 759 362
62 886 1295
62 695 1
63 1205 184
64 229 1180
64 967 1232
64 1291 466
64 272 545
64 197 104
65 427 56
66 1125 439
67 649 927
67 607 72
68 1232 1056
69 682 534
69 492 142
69 1191 542
70 937 685
70 759 839
71 1139 647
71 1118 444
72 722 377
72 379 480
72 647 167
73 904 680
74 217 1
74 580 1097
75 798 177
76 1043 952
77 835 1280
77 622 189
78 567 377
79 909 825
79 1050 866
79 549 597
79 87 1202
80 794 589
80 861 970
80 1135 114
81 713 455
81 253 1043
82 195 696
83 328 40
83 266 427
83 566 82
84 1226 1008
84 1146 1181
85 1008 1206
85 1101 649
86 107 32
88 600 651
88 960 829
88 1012 874
89 867 857
89 756 1052
91 1121 1129
91 1029 941
92 1148 565
92 764 372
94 360 26
94 641 598
95 200 658
95 362 156
95 1297 1035
95 276 10
95 950 871
95 184 75
95 601 138
95 1082 1079
96 1003 1069
96 838 483
97 456 1260
98 640 944
98 427 306
98 557 412
98 1042 470
98 1081 313
98 346 1054
99 840 798
99 683 680
99 133 8
100 445 511
101 1170 921
101 926 222
103 1105 231
103 763 853
103 836 1140
104 217 1096
104 172 192
104 588 237
104 749 296
105 728 769
105 148 164
106 969 104
106 876 383
107 723 962
107 653 192
107 1039 1078
108 1257 951
108 1298 377
108 782 272
108 143 31
109 698 618
110 1289 287
111 936 130
111 1282 1188
111 685 1218
112 577 866
112 835 164
112 1022 818
114 246 686
114 635 776
114 174 789
114 270 919
115 184 245
115 968 611
116 400 598
116 841 709
116 298 1154
116 125 1272
117 628 686
118 345 1197
118 1075 156
118 377 1297
118 926 235
118 1039 740
119 397 118
120 360 918
120 261 692
120 998 1224
120 909 788
121 922 1072
122 888 337
122 986 13
122 260 601
122 311 364
123 184 515
123 1014 259
123 284 149
123 198 1135
123 830 303
124 943 436
125 1152 780
125 676 72
125 1282 652
125 621 612
126 1258 1053
126 775 1282
128 576 193
128 756 314
129 865 1276
129 715 231
130 633 579
130 1250 977
130 179 637
130 897 50
131 1183 1012
131 831 588
132 939 387
133 195 1266
134 336 402
135 465 1110
135 378 72
135 781 1072
136 416 1074
136 196 46
136 714 492
136 398 537
136 1104 594
136 471 905
136 1278 696
137 920 164
138 993 1262
139 1107 1160
140 283 896
140 675 1226
141 1200 424
141 466 694
141 787 1270
141 412 97
141 1199 1194
142 1023 162
142 303 422
143 882 419
143 619 798
144 972 1119
145 164 963
145 869 716
146 345 605
147 1178 226
147 862 1244
148 1085 130
149 217 592
149 835 151
149 1063 488
150 323 569
151 697 863
151 589 486
152 792 369
153 250 367
153 974 1084
154 556 700
154 1015 1020
157 490 1266
157 603 676
157 1220 944
159 645 811
159 717 361
159 751 1053
160 543 299
161 1047 188
162 320 352
162 833 749
162 990 826
163 617 1034
163 188 354
164 488 566
165 560 655
166 303 1005
168 246 905
169 1008 157
170 500 267
171 272 211
171 304 337
171 716 942
171 991 1156
172 939 1268
172 1278 222
172 943 73
173 425 744
173 354 511
173 971 70
174 231 267
175 351 604
176 604 605
176 1126 465
177 937 432
177 1299 584
177 445 809
178 1080 406
178 409 754
178 1083 609
178 1190 1248
179 705 6
180 536 911
180 449 770
180 468 75
180 533 157
182 591 409
182 579 811
182 359 1011
183 1083 959
184 855 980
184 666 829
184 862 1268
185 740 687
185 412 846
186 737 522
186 1181 981
187 311 67
188 417 46
188 450 1260
188 900 778
190 691 1088
191 730 676
192 824 26
192 796 1157
193 195 344
193 1295 942
194 1090 1178
194 883 55
194 717 1062
194 751 947
195 488 213
195 846 404
195 315 1121
195 447 312
197 450 407
197 836 19
197 241 939
197 884 1230
197 569 711
198 1283 1059
198 982 273
199 1273 946
199 1125 142
200 848 342
200 913 847
200 310 423
201 809 1216
201 404 1155
201 1095 717
203 1212 962
204 1105 873
204 870 77
204 1182 1184
205 365 20
206 717 336
206 669 1229
207 343 241
208 1024 783
209 875 1223
210 1023 645
211 858 148
211 1065 1133
212 357 1032
213 428 13
213 758 124
214 659 187
214 486 98
215 451 675
215 879 302
216 752 1300
217 1018 354
218 864 616
218 636 993
219 1097 923
219 372 326
219 1014 762
220 937 312
220 522 684
221 1264 1231
221 493 847
222 1213 499
223 345 1244
223 662 1124
223 1022 823
224 653 371
224 599 609
224 789 1253
224 239 141
225 665 1107
225 413 536
225 609 445
226 807 375
226 1079 802
227 395 151
227 339 349
227 1124 273
227 691 1111
227 375 826
228 305 1043
228 974 695
229 1153 316
229 588 1069
230 399 214
231 618 92
231 724 1175
232 337 1294
232 299 723
233 793 440
233 839 1103
233 335 1263
233 1188 877
233 735 1186
234 1218 95
234 333 754
235 270 537
235 911 846
236 640 924
236 986 1088
236 1111 1292
237 349 850
237 903 49
238 627 948
239 579 290
239 742 1182
239 1159 1137
239 1259 766
239 1039 1273
240 732 242
240 543 680
241 807 1236
242 810 990
243 847 660
243 989 485
243 462 949
243 1175 346
245 458 1107
245 979 481
246 768 413
247 439 154
248 296 128
248 290 1053
248 431 1234
249 1261 255
250 316 149
251 786 876
252 441 523
252 1085 135
253 512 408
253 756 400
253 997 872
254 434 1110
255 496 1212
255 1071 1194
256 1152 292
256 1157 1062
256 973 877
256 662 343
256 919 938
256 1242 525
257 1162 532
257 823 1073
258 284 544
258 581 109
259 671 60
261 762 564
262 270 946
263 954 106
263 1132 349
263 1231 644
264 352 806
264 1204 1223
264 902 532
265 635 214
265 279 612
266 1133 910
268 592 31
268 624 947
269 913 1123
269 738 260
269 1042 1081
270 852 222
271 1093 95
271 423 1133
271 1224 141
271 970 57
271 374 982
271 983 500
271 984 1212
272 624 940
272 829 687
272 713 532
274 640 1061
274 771 76
276 791 484
278 913 760
278 1058 209
278 1196 1044
278 1081 59
279 1281 799
279 621 1027
279 607 1011
281 473 635
281 1148 1246
281 405 363
281 1109 328
282 831 204
283 1169 767
283 534 1063
284 1274 752
284 358 280
285 681 101
285 442 574
285 589 1252
285 553 669
287 405 368
289 592 475
289 870 264
290 1069 1215
290 623 508
292 902 968
293 725 788
293 726 600
294 356 1213
294 389 806
295 1098 246
295 636 376
296 1093 175
296 557 521
298 1263 1063
299 572 191
299 956 1031
300 1138 681
301 1041 700
301 556 107
301 823 66
302 744 849
302 1257 637
303 486 1102
304 794 223
304 597 575
304 766 444
305 650 1025
305 443 228
305 1140 1281
305 574 884
306 1088 912
306 314 1268
307 906 1051
307 862 451
308 936 239
308 995 890
310 726 1164
310 1038 262
311 980 820
311 868 27
312 809 265
312 1115 844
312 899 98
312 581 677
314 441 1136
314 679 719
315 851 844
315 402 921
315 803 1068
315 1012 157
316 641 1085
316 994 126
316 803 12
316 519 95
318 671 129
319 1244 125
319 1235 1216
319 1036 1140
319 813 947
320 416 778
320 792 1017
320 1004 24
320 807 1026
321 615 1095
322 747 761
322 483 1287
323 1114 1297
323 860 57
324 340 852
325 416 1243
325 1251 1220
326 807 1128
326 1198 1060
326 727 195
327 483 571
327 783 1180
328 999 683
328 1076 984
328 1086 1081
328 847 618
329 410 1107
329 1111 166
330 927 1255
331 636 1058
331 863 52
332 648 966
333 1057 1122
333 388 916
333 493 841
334 865 144
334 911 1133
335 613 1060
335 598 153
335 1153 693
337 1048 1180
337 1180 1217
337 1164 743
339 449 234
339 748 1259
340 1296 1058
340 1173 1071
341 361 944
341 1142 803
341 489 1287
342 1032 318
342 1263 916
344 1126 849
345 1189 330
345 649 303
345 1296 873
349 1264 926
349 1001 1248
349 893 493
349 1005 298
351 1265 1074
351 939 266
351 1237 660
351 409 899
352 1075 573
352 907 963
354 1218 537
354 1096 943
354 1227 1239
354 978 666
354 930 420
355 991 784
356 384 1051
357 1105 1209
357 778 804
358 659 394
358 1190 804
359 900 94
359 550 122
359 454 920
359 535 583
359 670 667
360 775 579
360 703 1263
361 1051 516
361 1041 1183
361 482 507
362 1253 316
363 1184 529
363 545 670
363 1075 355
363 531 728
364 475 734
364 581 323
364 550 1291
366 860 1000
367 847 633
369 408 508
369 1240 953
369 795 57
370 416 768
370 760 493
372 463 413
373 510 5
375 1273 680
375 593 822
375 1081 67
376 720 333
377 628 1170
377 1213 783
377 390 575
378 881 167
378 1215 627
379 1093 787
379 1036 12
379 403 896
379 1047 955
381 816 998
381 875 208
382 747 25
382 1204 475
383 799 598
384 476 623
385 1219 1049
385 652 942
385 910 876
386 1241 369
386 1271 119
387 873 1161
388 771 988
388 764 950
389 958 484
389 527 996
390 536 644
391 820 283
391 927 410
392 805 1136
392 1134 303
393 460 875
395 1104 1065
395 1202 1296
396 1064 243
396 623 647
397 480 263
398 1090 957
398 460 910
400 737 309
400 526 928
401 802 603
401 685 462
402 780 684
402 604 994
402 1182 31
403 742 926
406 891 556
407 1091 93
408 588 1137
409 677 628
409 1222 455
410 688 1263
410 737 190
410 755 135
412 910 1273
413 745 888
413 891 604
413 601 137
414 442 1146
414 974 551
415 849 9
415 851 266
416 1119 256
417 1258 1096
417 1187 1283
417 1061 964
418 687 198
419 843 968
419 1268 804
420 679 844
420 1170 359
420 606 985
420 1014 401
420 636 591
420 574 285
421 1057 932
421 691 1299
422 616 1269
422 474 126
422 772 300
422 714 109
424 536 486
424 1042 77
424 1205 575
424 966 13
425 973 873
425 749 272
426 658 1273
426 1275 814
426 730 670
426 629 1196
427 1229 340
427 1109 1289
428 1113 1254
429 473 1201
429 1001 624
430 1043 1291
430 558 613
431 669 316
431 1078 209
432 1080 237
432 468 365
433 962 873
434 716 926
435 1136 164
435 882 161
436 816 103
436 1077 468
436 990 524
437 1237 187
437 511 1072
438 604 983
438 809 365
438 932 989
438 485 973
440 1041 288
440 947 285
440 1089 885
441 512 590
441 615 361
441 731 184
442 809 911
442 455 240
443 692 737
443 1167 972
445 666 279
446 1218 170
447 907 345
447 910 48
447 911 440
448 1299 617
448 612 1014
448 542 1039
449 1083 1260
449 837 9
449 499 48
450 644 801
450 1078 809
450 599 170
451 535 378
452 1291 1038
452 1171 365
452 1270 1270
453 1184 81
453 685 625
454 548 183
455 1090 450
456 640 1014
456 604 194
457 1103 301
458 812 1111
459 504 978
459 1281 373
460 1252 190
461 1029 1217
461 1070 1029
463 480 977
463 1246 563
464 1152 1165
464 750 2
465 1177 933
466 1195 506
466 799 507
467 750 444
467 855 568
468 1209 416
468 1045 809
468 953 1251
469 658 58
469 1189 895
469 1038 1132
470 737 392
470 1230 1103
471 1072 896
471 868 42
471 1216 639
472 1056 757
472 1297 814
472 852 1106
472 725 537
474 765 502
475 840 258
476 664 308
476 918 502
477 603 939
477 860 130
477 1142 202
477 991 145
478 725 671
478 542 996
479 552 977
481 587 492
481 1022 786
482 709 160
482 950 168
483 771 595
484 1168 428
484 602 1224
484 887 1088
485 1275 46
485 1094 561
485 780 796
485 539 396
485 1182 777
487 752 483
487 1086 128
489 864 657
489 505 1196
491 851 250
491 966 52
492 729 970
492 579 1013
493 619 532
493 1110 1166
494 892 1288
498 1202 398
501 812 739
501 918 650
504 1050 183
504 1134 889
504 1254 84
510 1153 136
510 605 1032
512 834 361
512 940 761
513 939 759
513 765 796
514 1072 824
515 544 217
515 1073 1089
518 1070 1156
519 522 95
521 1178 77
521 573 735
522 929 244
523 563 327
524 872 730
525 704 965
526 995 589
527 1211 392
528 1156 47
529 649 630
529 644 654
530 1042 548
530 963 313
530 908 191
530 797 530
530 838 150
532 795 620
533 1208 128
533 663 434
534 538 957
534 1101 545
535 1233 733
537 917 500
537 789 658
537 855 143
538 650 864
539 620 1279
540 898 11
540 1210 331
542 962 257
543 1032 287
543 787 167
543 781 165
546 1236 778
546 1207 67
548 1151 1261
549 1284 1102
550 1191 71
550 935 535
552 1192 821
552 666 12
554 1157 910
555 1008 999
555 662 1219
556 1025 1151
556 1205 1081
557 706 1161
558 1103 811
559 806 685
561 1258 694
562 836 1095
562 701 789
563 1183 3
566 833 525
567 1265 1180
568 720 1030
568 1152 937
568 757 608
570 1044 549
571 757 881
574 1099 859
576 643 5
576 653 186
576 1062 211
576 1271 1142
578 753 199
580 683 474
580 646 1249
582 616 295
582 607 364
583 1286 849
584 1289 304
585 757 759
586 914 1206
586 685 384
587 1055 1244
589 988 203
589 789 1176
589 1045 1152
590 857 760
590 965 237
591 621 329
592 728 396
594 630 746
594 1255 573
595 1187 1270
595 1030 641
599 1237 819
599 1055 1296
600 1200 767
601 1091 45
602 1045 417
602 990 61
603 746 1051
603 710 204
605 1240 1001
606 722 501
606 758 887
607 814 335
608 721 545
608 1181 498
610 696 457
610 714 936
611 697 652
612 968 1298
612 889 38
613 984 989
615 658 486
616 950 57
620 1067 80
621 706 1011
621 1292 666
622 1259 516
622 844 1229
623 1243 783
624 1051 12
625 857 1205
626 1258 807
626 1036 678
628 1232 521
629 632 1133
629 953 702
629 1276 1273
630 1119 812
632 730 1189
632 1182 1168
633 1245 1250
633 1167 726
635 1287 1216
637 1144 616
637 724 391
638 811 562
638 699 1186
638 661 280
639 817 638
639 1251 1107
640 769 235
641 1206 409
641 815 501
642 748 1057
642 886 1077
644 997 194
647 1097 558
647 1111 985
648 1229 35
650 1008 316
651 1195 1253
651 959 178
653 1251 1221
654 836 925
656 939 124
656 1123 30
656 861 309
656 971 1020
658 1135 1276
659 1144 583
659 752 166
659 1241 386
662 1199 809
663 1024 937
664 860 338
664 876 943
665 906 278
666 1082 743
666 998 800
669 1216 70
669 883 1285
669 735 1031
670 736 1013
670 707 205
670 1263 247
671 1139 1073
673 785 421
674 935 1209
674 1279 50
675 1066 348
676 1246 837
678 944 728
678 739 134
678 804 261
679 786 1283
680 1239 667
680 1279 1166
681 718 676
681 949 94
682 1209 543
683 1184 227
683 1194 780
683 1204 842
685 1097 1201
685 1008 597
687 697 30
687 1179 832
689 1283 591
691 1164 1166
694 933 280
694 1095 402
695 1072 1225
695 1050 405
696 1080 659
697 1200 196
699 1087 864
701 1012 777
701 807 1037
702 1176 700
702 819 1129
704 827 664
704 1286 980
704 887 816
706 1286 440
706 742 60
707 1007 1133
708 808 267
710 792 361
710 914 597
710 1071 1083
713 936 253
713 950 422
715 1199 449
716 752 301
716 929 409
716 717 583
718 1267 156
720 1118 1208
721 845 1265
722 902 942
722 813 1221
722 1200 655
722 728 437
722 766 814
723 922 549
723 1100 1061
725 1103 1230
727 983 744
728 1123 673
728 886 1082
728 954 1020
729 952 549
729 1039 1223
730 832 110
731 1294 1223
734 888 1241
734 1253 926
735 1175 465
736 1025 958
737 770 661
737 1140 816
738 938 231
740 752 333
740 862 927
743 1064 971
743 1190 262
743 958 407
743 1071 767
745 1027 407
745 1228 341
745 1235 352
745 948 1010
745 1275 356
748 824 463
748 1210 1151
748 1038 235
749 1284 241
750 1272 120
750 1092 22
751 1280 323
751 831 770
752 1258 1030
753 1260 196
753 1170 388
754 1233 442
755 817 665
756 1247 1214
757 1242 948
758 1101 305
758 1231 65
762 1051 1057
762 1181 539
762 1179 58
762 1173 1161
763 972 333
764 985 1207
765 827 1220
765 1124 1080
766 881 443
767 1030 1226
767 1207 189
769 893 110
770 825 483
772 1004 301
772 887 658
773 1177 520
774 1118 532
781 862 1023
782 1184 1254
787 1161 689
787 1254 458
789 1164 531
790 1218 1096
790 871 818
791 1025 684
791 853 712
792 846 1175
793 1224 582
793 1148 1149
793 1086 77
795 1150 497
796 1054 1275
799 1172 816
799 900 1194
800 802 720
800 1143 774
804 1244 934
804 1006 1021
806 819 232
806 1004 1157
808 1212 602
809 1180 273
810 1111 305
810 1007 573
811 1295 910
812 1076 309
812 1237 1244
815 888 286
815 842 654
816 1159 999
816 1295 863
817 853 179
818 829 45
823 1084 786
824 1293 391
828 895 1005
830 1285 807
831 1114 1213
834 870 546
834 1150 280
834 1255 1065
836 1024 1132
837 1008 947
842 1021 853
842 1030 185
843 1187 384
843 1221 1104
843 1162 552
843 1295 883
844 878 990
844 1255 1182
845 1261 884
845 1057 897
850 1249 131
850 907 1064
851 1010 603
852 966 112
853 1038 201
854 1288 642
856 1278 46
858 1192 956
859 916 1299
860 1022 892
862 1224 544
862 892 734
864 1218 853
865 1032 1132
867 1156 431
867 939 806
867 1237 973
867 1116 786
867 868 555
868 871 735
869 915 1029
869 1270 608
871 1172 613
871 1068 277
876 1238 660
878 938 884
878 932 911
880 1171 1161
882 888 116
883 1169 776
884 1127 756
885 1104 203
886 977 1230
886 1042 1078
887 1085 756
889 905 138
889 1151 1021
890 1174 456
892 1237 647
894 1224 291
894 1115 1012
895 1285 492
896 1104 1010
897 1056 630
897 949 293
898 1057 308
898 923 754
899 1030 801
900 1124 384
906 1008 55
909 1085 364
910 1141 472
912 1208 637
912 1257 1084
912 1274 1201
916 1068 1037
917 1129 754
918 1117 589
919 1250 49
919 959 168
921 947 132
921 1268 1241
922 1088 108
922 1060 124
922 1197 1007
924 1175 350
925 1081 12
925 1027 1171
926 1024 258
930 1289 578
930 963 355
931 1158 1057
932 1210 1165
933 1167 1037
935 968 780
936 1209 171
939 1172 305
941 1243 32
942 1046 1232
943 1094 756
945 1033 1135
945 1071 233
947 1155 584
947 957 1259
948 1099 300
950 1264 280
950 1208 569
951 1184 1195
952 1086 592
953 1091 697
955 1213 810
959 1219 248
961 1054 1066
961 1166 143
962 1111 1131
963 1018 795
966 1002 1280
970 1193 503
972 1262 73
979 1270 583
981 1101 758
986 1066 398
986 1261 241
988 1107 1091
990 1289 915
990 1205 286
990 1113 284
991 1156 1017
991 1226 785
991 1087 740
993 1055 608
995 1125 1241
996 1299 292
996 1262 686
996 1003 452
997 1016 574
997 1040 91
1004 1139 1224
1009 1249 198
1012 1088 864
1013 1072 315
1014 1248 42
1015 1207 217
1021 1130 327
1021 1038 1218
1021 1133 638
1024 1198 642
1030 1079 1087
1030 1240 812
1033 1072 418
1036 1170 24
1037 1187 1299
1043 1229 664
1044 1084 1131
1045 1163 264
1045 1267 329
1047 1094 80
1049 1059 398
1049 1277 883
1055 1183 911
1062 1145 254
1062 1101 562
1069 1091 34
1071 1129 1071
1071 1262 685
1072 1186 100
1074 1183 768
1077 1123 679
1079 1212 1174
1082 1267 632
1084 1176 579
1084 1244 254
1085 1096 786
1085 1146 571
1086 1215 230
1091 1147 1084
1094 1145 683
1094 1231 545
1095 1228 71
1095 1230 591
1099 1165 51
1107 1220 992
1113 1253 1014
1115 1296 1103
1117 1160 901
1118 1269 668
1122 1172 131
1124 1131 934
1127 1284 699
1128 1281 778
1129 1279 855
1134 1192 314
1134 1272 115
1137 1273 195
1144 1145 655
1144 1157 945
1144 1198 1200
1150 1154 1096
1156 1220 560
1162 1248 618
1167 1220 429
1167 1262 723
1172 1262 154
1182 1246 1258
1186 1257 770
1186 1266 611
1187 1247 318
1195 1286 900
1196 1248 282
1198 1230 383
1204 1251 665
1217 1275 404
1217 1231 843
1234 1240 256
1277 1280 35
1279 1288 529
1285 1299 629
