0 541 291
1 41 110
1 284 426
1 73 399
1 495 179
2 290 469
3 672 551
3 29 103
3 471 461
4 566 777
5 188 455
5 113 564
5 595 896
5 12 564
5 653 693
6 794 368
6 366 439
6 270 199
6 430 680
7 656 758
7 272 772
7 128 253
7 553 578
8 704 16
8 327 432
9 369 892
9 21 207
9 863 81
10 172 220
10 540 679
10 607 539
12 449 134
12 27 747
12 269 333
13 50 471
14 609 215
14 405 717
14 654 681
15 714 597
15 565 692
16 561 250
16 634 448
16 870 323
16 663 237
17 898 468
17 159 574
17 204 752
17 630 687
17 503 453
18 850 830
18 547 275
18 700 749
18 77 41
18 55 105
19 829 502
20 794 524
20 405 686
21 128 256
21 821 546
21 262 878
22 705 370
22 66 176
22 484 683
22 657 814
24 791 372
24 207 253
25 256 795
25 178 664
25 227 398
25 444 806
25 381 89
26 600 542
26 410 760
26 679 846
26 271 119
27 578 475
27 588 773
27 783 281
27 466 179
27 437 362
28 379 157
29 571 393
29 644 81
30 354 498
32 532 415
32 239 440
33 402 324
33 115 180
34 800 61
34 323 406
34 373 182
35 498 882
35 244 423
35 870 807
35 687 877
36 592 667
36 851 382
37 893 127
38 425 569
38 314 843
38 164 329
38 445 185
39 512 497
39 517 609
39 725 27
39 503 740
39 376 586
39 314 886
40 865 117
40 99 384
41 818 833
41 875 532
41 343 128
43 865 607
43 99 626
43 774 640
43 97 542
44 99 862
44 675 195
44 235 537
44 879 152
45 143 317
46 872 150
46 517 423
46 565 797
47 112 776
47 882 63
49 544 634
49 586 886
50 800 753
50 218 110
51 121 90
51 92 142
52 520 240
52 473 220
52 578 775
52 471 606
53 564 307
53 477 36
54 320 16
54 301 898
54 415 543
55 616 270
55 282 456
55 772 739
56 699 699
56 831 65
57 442 137
57 739 599
57 877 272
58 505 541
58 427 765
59 118 465
59 479 709
60 563 503
61 313 355
62 824 696
62 192 398
63 409 402
63 161 48
64 280 494
64 865 651
64 186 732
64 274 189
64 848 81
65 736 512
65 298 46
65 436 148
66 872 591
66 112 373
66 604 439
66 79 59
67 368 896
67 108 203
67 638 653
68 256 757
68 86 190
70 609 161
71 773 670
72 289 343
72 613 122
72 894 867
73 767 881
74 707 506
74 881 724
74 456 139
74 263 470
74 846 364
74 433 180
74 510 570
75 202 1
75 879 637
75 242 880
75 660 802
75 891 793
75 586 478
76 277 228
77 160 519
77 433 176
77 579 401
77 450 710
78 632 440
78 457 474
78 385 339
79 144 643
79 625 147
79 647 879
79 823 807
80 236 165
81 736 240
81 439 760
82 212 731
82 277 600
82 638 802
82 319 37
83 297 513
83 597 698
84 730 481
84 439 78
84 223 879
85 502 93
86 92 169
86 129 452
86 370 528
86 189 376
87 634 546
87 699 894
87 451 808
89 625 780
90 407 550
92 635 713
92 134 848
93 676 413
94 646 599
94 343 701
95 556 801
96 728 639
96 533 680
97 233 259
97 317 643
97 262 304
99 196 95
99 612 743
100 184 561
100 801 787
100 722 722
100 694 327
100 134 572
101 419 400
103 128 837
103 540 501
103 133 406
103 397 735
104 281 395
104 397 545
105 340 756
105 874 658
105 692 370
106 879 736
107 689 145
107 741 429
107 814 505
107 607 55
108 436 554
108 589 131
109 563 756
109 206 354
111 224 659
114 862 773
116 506 240
116 738 378
116 759 623
117 657 748
117 706 317
117 381 437
117 453 312
118 786 799
118 484 637
119 142 891
119 239 78
120 784 258
122 257 807
122 183 446
122 366 870
122 818 369
122 565 243
122 726 750
122 663 650
123 504 566
123 665 175
123 731 732
123 552 275
124 489 66
124 829 228
124 825 453
126 532 516
127 146 224
128 338 635
128 188 52
129 312 405
129 565 828
129 839 149
130 465 308
130 603 567
130 134 219
130 806 115
130 319 808
131 845 232
131 478 157
131 797 672
132 269 459
132 207 880
133 392 157
133 744 310
134 815 403
134 303 210
135 740 722
136 498 398
136 620 331
136 749 787
136 894 203
138 273 146
138 819 152
138 230 184
139 697 339
139 291 785
139 396 795
140 464 776
142 530 672
142 759 30
143 499 871
143 853 244
143 366 108
144 665 722
144 718 371
144 191 705
145 264 551
145 858 407
145 308 822
146 463 550
146 773 572
147 484 892
147 291 208
147 852 745
148 232 407
149 546 884
149 539 705
149 652 899
149 597 682
149 783 183
150 507 75
150 165 880
150 219 334
151 827 487
151 691 409
152 387 49
153 792 304
153 873 64
153 234 803
153 861 689
153 417 873
154 845 539
154 543 532
156 201 164
156 842 378
156 588 859
157 297 239
158 728 681
158 682 475
158 683 7
159 858 593
159 563 247
159 708 382
159 482 418
160 808 28
160 221 394
161 263 744
162 867 459
162 178 215
162 459 24
163 665 216
163 365 40
164 873 259
164 542 519
165 857 775
166 656 383
167 624 760
167 739 159
167 532 651
167 799 43
168 786 498
168 703 175
169 471 791
170 614 246
171 480 203
171 307 381
171 174 114
173 765 368
174 528 431
174 575 287
174 215 559
175 542 129
175 719 449
177 651 472
177 636 119
178 816 90
178 309 753
179 484 306
179 459 286
179 628 734
180 882 191
180 439 640
181 808 339
181 746 671
183 507 786
183 614 496
184 533 342
184 830 402
185 448 59
185 385 468
185 380 212
185 449 546
187 497 876
187 586 345
187 223 411
188 361 586
188 258 779
189 225 195
190 560 640
190 610 569
190 765 191
191 497 32
191 665 868
191 471 638
192 532 667
193 626 715
193 807 295
193 735 154
194 747 263
194 700 144
195 423 139
196 225 37
198 250 563
198 602 675
198 838 412
199 890 664
200 787 573
200 716 724
201 384 649
201 458 176
201 415 718
202 490 78
202 622 677
204 782 163
205 721 242
206 823 112
207 257 87
207 840 300
208 326 119
208 391 689
208 456 784
208 844 387
208 310 79
208 535 647
209 453 671
210 819 162
210 395 144
210 581 693
211 555 62
211 893 562
211 246 694
212 729 518
212 841 294
212 855 358
213 249 858
213 740 403
213 653 545
214 841 652
214 436 130
214 694 552
215 349 874
216 273 75
216 413 66
217 258 679
219 539 64
219 813 788
220 230 383
220 331 657
220 783 898
220 787 870
220 661 568
220 794 540
222 322 883
222 437 520
222 493 271
223 296 245
224 648 74
224 464 334
224 382 283
225 564 112
226 867 775
228 897 497
229 576 62
230 672 523
231 274 607
234 244 578
235 872 862
235 827 778
235 294 586
235 758 138
237 437 498
239 569 798
239 850 764
239 514 670
240 280 708
240 741 797
241 408 328
243 372 137
244 344 488
244 361 707
244 812 171
245 344 836
245 770 498
245 726 481
246 336 131
246 477 287
247 467 473
247 427 714
247 731 438
248 596 630
248 614 68
248 886 518
248 751 310
249 272 282
249 582 464
250 509 721
251 526 766
252 650 357
252 309 837
253 673 183
253 435 705
253 796 665
254 895 373
254 836 787
254 550 367
254 807 32
255 572 5
256 298 39
256 495 794
256 543 134
257 833 844
258 296 815
259 802 647
259 459 130
260 804 614
261 530 448
262 836 44
263 485 505
263 350 499
263 559 823
264 483 611
264 749 684
266 680 275
267 510 480
267 494 339
269 419 460
271 452 97
272 687 72
273 401 659
273 757 831
274 779 131
274 877 154
275 568 503
275 459 778
276 306 352
276 411 615
277 713 797
277 836 58
277 510 584
278 305 592
278 626 353
278 767 215
279 418 101
279 487 885
280 579 50
280 654 814
280 597 751
280 314 617
281 896 730
281 620 703
282 644 51
282 485 379
282 625 265
282 535 528
282 356 446
283 599 521
283 499 301
283 868 363
283 367 4
284 600 818
284 344 626
284 425 590
286 341 212
287 512 102
287 898 644
287 491 345
288 656 669
289 809 372
289 894 229
290 399 496
291 555 519
293 387 469
294 801 162
294 429 539
294 803 607
294 441 69
295 808 129
295 586 590
295 546 536
295 876 65
295 421 892
296 745 76
297 635 304
300 464 869
301 717 33
302 769 523
302 703 156
303 572 817
303 773 263
304 353 895
304 851 866
305 544 664
307 503 811
308 345 245
308 370 318
308 602 840
309 705 427
310 779 448
310 820 779
310 558 407
311 461 428
313 830 761
314 781 497
315 797 472
316 434 605
318 714 115
318 875 301
319 326 121
320 760 470
320 616 1
320 859 416
322 344 252
322 546 92
324 601 71
324 874 794
325 429 294
326 608 297
326 495 124
327 431 824
328 878 317
328 655 184
329 844 664
329 838 605
329 535 560
330 635 377
330 383 472
331 841 662
331 583 725
332 354 56
332 383 279
333 381 629
334 585 782
334 465 354
335 777 353
336 482 110
336 483 813
336 484 658
337 831 172
337 899 303
337 589 506
337 711 384
338 441 413
338 740 408
338 849 118
339 831 367
340 802 429
341 344 34
341 468 264
342 528 829
343 355 329
343 868 381
345 800 175
345 426 690
345 445 126
345 599 18
346 841 568
349 413 472
350 867 525
350 725 527
352 535 392
353 672 23
353 850 689
353 722 6
353 767 474
354 816 634
355 636 462
356 426 108
356 485 700
356 462 754
357 841 790
357 879 823
357 511 451
358 579 399
358 468 485
359 425 63
359 781 330
360 560 176
361 579 694
361 732 900
362 424 132
364 875 333
364 564 523
366 713 872
366 432 230
366 598 240
366 444 221
368 666 538
368 458 653
368 695 422
369 630 582
370 392 836
370 749 550
370 591 352
372 380 35
372 708 807
373 642 626
373 511 216
375 807 327
376 428 400
376 854 265
377 444 201
379 625 85
380 549 171
380 414 226
381 884 294
382 388 555
382 493 613
382 741 887
383 675 354
383 478 180
386 801 413
386 789 552
387 684 495
389 494 624
390 892 560
391 408 833
391 852 37
392 866 550
392 845 329
392 805 258
393 745 575
393 790 236
393 750 732
393 791 892
394 616 790
395 457 84
395 843 763
395 799 695
396 825 583
396 771 218
396 565 621
397 506 224
397 407 157
398 899 615
400 710 45
402 450 403
402 645 403
402 749 576
403 882 859
403 557 192
404 648 577
404 739 851
407 481 266
407 569 313
409 533 327
410 777 45
411 564 817
411 554 720
411 740 72
412 854 31
413 530 71
414 688 74
414 482 416
416 530 10
417 641 809
417 618 23
418 694 180
418 847 384
420 577 36
421 766 762
422 584 1
422 748 164
422 517 243
423 425 241
423 571 833
425 593 382
426 570 49
428 817 301
428 564 749
429 454 450
429 556 736
429 879 375
429 507 833
431 594 173
433 603 177
433 683 416
433 534 93
435 787 315
435 676 825
436 889 500
438 792 608
443 715 462
444 569 220
445 511 524
446 657 476
446 586 422
447 587 64
449 745 731
449 815 350
450 889 780
450 620 658
450 895 867
451 848 823
451 550 613
452 699 254
453 863 254
454 760 511
456 542 273
456 463 446
457 734 381
460 831 90
464 698 202
464 774 511
465 835 227
466 564 24
468 736 209
468 707 484
469 556 166
471 769 450
472 656 495
472 865 168
473 867 835
474 736 818
474 739 575
474 623 200
475 647 239
476 786 865
478 803 745
481 535 823
482 674 801
483 680 337
486 523 425
488 583 250
489 559 719
490 781 217
490 597 645
492 711 196
493 887 771
493 543 493
494 524 567
498 784 662
501 720 538
501 685 619
502 611 289
503 661 655
503 510 653
504 586 493
505 602 520
506 516 178
507 615 443
507 804 339
508 737 252
510 832 223
510 854 760
511 807 79
514 705 462
514 748 468
514 606 850
515 788 453
517 841 384
519 833 652
523 585 741
523 871 761
524 765 809
524 654 40
527 880 503
527 648 305
527 886 30
527 727 623
529 628 67
529 567 753
530 561 231
531 790 864
531 615 895
532 844 638
533 801 871
535 783 369
535 626 617
536 638 51
540 608 300
540 645 123
541 575 448
544 749 377
546 652 509
552 662 309
552 606 762
553 640 291
553 653 25
556 652 132
557 756 398
558 846 864
558 773 857
559 761 145
559 823 652
562 731 724
563 801 606
563 587 354
563 854 141
563 761 215
563 763 680
564 624 159
565 710 43
565 599 537
566 808 158
566 864 466
566 755 298
567 840 71
569 580 657
570 760 286
572 667 782
573 636 317
574 723 364
575 739 878
576 899 778
577 676 315
578 769 519
579 718 236
580 584 2
581 582 253
583 795 296
583 654 499
584 850 486
586 822 767
587 811 424
587 826 357
587 822 118
588 654 776
589 895 74
593 844 105
595 665 661
597 674 191
598 870 400
600 669 726
601 881 673
601 823 850
603 852 373
604 626 728
604 630 526
604 895 16
607 835 153
607 834 226
607 742 864
612 818 78
613 770 790
614 706 485
615 621 537
617 742 671
617 719 60
620 717 277
623 892 507
625 825 583
627 654 347
628 865 220
629 651 157
629 740 529
631 833 855
631 804 281
631 638 693
633 851 694
639 665 454
639 723 375
645 887 859
648 853 761
651 680 85
651 751 659
652 657 656
653 804 11
653 839 734
653 882 139
656 703 203
658 834 207
659 874 562
659 759 439
660 794 200
661 848 387
662 735 867
664 694 703
666 846 790
667 895 31
669 699 474
669 790 623
670 689 535
671 879 788
674 776 759
674 785 574
675 812 276
677 843 369
678 696 345
681 723 611
681 711 324
682 735 504
683 832 255
686 746 529
686 877 676
686 711 819
688 758 887
689 738 315
692 701 34
692 838 532
693 731 819
694 728 37
697 757 513
698 833 761
700 762 813
701 763 885
702 743 760
703 750 86
704 790 407
707 871 728
709 853 394
713 790 62
714 845 459
714 823 400
715 754 435
715 878 327
717 865 80
717 721 383
721 813 114
721 829 729
726 796 832
728 899 616
731 836 794
734 837 87
737 766 716
738 813 138
740 863 191
748 809 542
748 794 803
754 823 681
760 766 675
762 805 50
767 886 32
770 891 857
779 851 466
784 803 185
785 870 175
800 859 437
803 871 257
821 890 641
824 870 206
828 837 105
828 854 453
841 899 274
847 896 389
847 883 884
866 880 155
873 880 762
875 898 757
880 888 368
886 890 767
