1 428 5
1 798 2
2 896 3
2 385 2
2 843 9
2 737 8
3 640 7
4 88 4
4 370 3
4 420 7
4 118 7
5 377 6
6 825 4
6 650 5
6 604 8
7 72 3
9 466 7
10 257 7
10 614 6
10 526 6
10 129 6
11 738 8
11 187 5
11 359 6
12 425 1
12 418 10
12 524 6
12 871 8
14 543 5
15 104 3
15 644 7
15 383 9
16 681 3
16 166 6
16 409 5
17 617 7
18 376 9
18 321 5
18 370 6
18 180 3
18 820 7
19 306 6
20 452 10
20 429 3
20 614 2
20 693 6
21 164 6
21 691 3
21 764 1
22 193 2
22 717 10
23 267 7
24 382 4
25 368 9
25 30 3
26 216 10
26 766 8
27 384 3
27 513 3
27 199 2
27 235 5
27 336 4
27 120 4
28 318 1
29 470 4
30 698 5
30 319 4
31 703 8
31 412 4
31 165 5
31 655 1
32 648 4
33 407 4
34 339 6
34 652 4
34 606 8
35 309 7
35 198 9
36 640 5
36 745 3
37 99 9
37 534 7
37 879 8
38 728 6
39 780 2
39 751 6
40 49 2
40 131 3
40 443 3
41 563 1
43 553 7
43 500 1
44 685 3
45 379 6
46 790 8
46 695 7
47 176 4
47 482 2
47 295 2
48 604 3
48 229 1
48 77 10
48 439 4
49 72 8
49 845 1
49 309 4
50 320 5
50 346 1
50 348 6
51 760 10
51 797 5
52 203 3
52 621 7
52 694 1
53 771 8
53 621 9
54 320 3
54 106 5
54 292 6
54 890 5
55 701 8
55 381 5
56 452 4
56 646 10
57 408 9
57 788 7
58 513 7
58 519 6
59 539 1
59 482 5
59 299 8
59 538 2
60 442 9
61 453 4
62 648 6
62 666 3
62 581 6
64 354 5
64 100 10
65 216 3
65 68 10
65 156 4
66 434 1
66 538 4
66 445 7
66 894 5
67 833 1
68 457 2
68 106 1
68 305 6
69 234 5
69 668 8
69 373 1
69 270 1
69 221 3
70 899 7
70 341 2
71 480 4
71 762 3
71 191 7
71 519 3
73 309 4
74 274 4
74 133 8
75 503 4
76 833 6
76 543 2
79 810 5
79 775 10
80 370 8
80 268 3
80 533 9
80 422 10
81 896 6
81 555 8
81 254 1
81 311 9
82 204 2
82 125 1
82 855 7
85 474 9
85 348 6
85 134 3
87 421 7
88 587 8
88 719 9
89 694 1
89 599 6
90 871 3
91 625 5
91 354 7
91 213 6
91 762 7
92 736 4
92 116 9
93 320 3
93 868 6
93 142 3
94 411 6
95 834 5
95 775 7
96 373 9
96 479 4
97 297 8
97 179 9
99 753 5
99 628 2
99 725 6
99 894 1
100 480 1
100 856 6
100 465 7
101 694 10
101 494 10
102 770 7
102 230 1
103 794 1
104 505 7
105 409 1
105 265 6
106 270 5
107 865 5
107 406 3
108 858 4
108 389 6
108 413 6
109 246 10
110 672 9
110 680 7
110 591 5
110 890 4
110 335 4
110 286 9
111 554 7
111 786 6
111 782 4
112 417 5
112 114 4
113 737 1
113 270 9
114 443 3
115 744 6
115 259 8
115 796 10
116 314 8
116 132 10
116 886 1
117 870 5
118 805 10
119 736 7
119 324 5
119 535 7
122 844 6
122 260 5
122 733 5
122 886 1
123 715 5
123 159 1
124 164 3
124 677 4
125 631 1
126 357 6
127 526 3
127 174 10
127 479 3
128 702 1
128 382 2
129 568 7
129 731 5
129 243 1
130 568 8
130 738 7
130 570 7
130 251 7
130 746 2
131 359 6
131 298 3
131 460 1
131 557 10
131 881 6
132 893 6
133 792 8
133 316 2
133 602 1
133 599 1
134 741 8
134 529 4
134 511 6
134 381 9
136 209 1
137 745 9
137 742 7
137 598 2
138 368 5
138 811 9
138 820 4
140 748 3
140 575 2
141 339 6
141 855 1
141 831 2
142 592 3
142 552 8
144 257 4
144 391 1
144 679 2
144 594 5
144 723 4
144 823 2
144 346 9
145 508 10
145 733 6
146 394 1
146 788 3
149 434 1
149 315 6
149 631 7
151 154 1
151 219 2
153 408 10
153 705 10
153 452 8
153 622 4
154 505 10
154 778 3
154 894 3
154 278 4
155 782 10
156 162 9
156 396 3
156 590 7
156 335 8
156 279 10
157 344 7
157 705 1
157 554 7
157 526 6
157 822 10
158 208 1
158 558 4
158 799 4
159 169 4
159 243 8
160 715 9
160 878 4
160 455 4
161 209 2
161 879 10
161 686 6
161 198 2
161 775 6
162 724 2
162 454 7
162 289 6
163 521 7
163 654 3
163 569 9
164 886 9
164 398 9
165 814 1
165 678 6
166 835 8
166 791 6
167 840 6
167 668 7
168 760 2
168 170 5
168 663 6
168 463 10
170 540 5
170 405 5
173 231 6
174 892 10
175 611 1
175 575 1
177 262 4
178 318 10
180 832 1
180 769 5
180 476 9
181 289 2
181 237 4
181 545 6
181 693 6
181 311 5
182 665 3
184 312 2
184 791 7
187 307 10
187 204 5
188 807 2
188 615 1
189 194 4
189 525 7
189 263 10
190 839 10
191 457 10
192 276 1
192 620 9
192 335 3
193 796 5
193 817 7
193 410 5
193 348 4
193 349 6
194 257 4
194 267 10
194 629 2
194 763 4
194 382 5
195 576 3
196 511 6
197 733 7
198 386 1
198 587 3
198 451 8
198 596 7
199 398 7
199 423 7
200 717 4
202 561 6
202 453 3
203 720 10
203 257 2
203 332 2
203 727 3
204 369 2
204 518 6
204 607 6
205 827 1
205 574 10
206 540 5
208 344 6
208 542 3
208 445 5
209 264 10
209 335 8
210 608 10
210 212 2
210 771 6
210 324 6
210 492 9
211 857 5
211 355 9
211 332 1
212 615 9
212 795 3
212 727 1
213 629 6
214 368 3
215 680 2
215 372 8
216 629 6
217 697 5
217 388 7
218 817 10
221 771 9
221 892 7
221 743 4
222 571 9
224 295 2
225 761 7
225 540 5
226 636 10
226 573 10
226 366 6
227 381 5
228 384 10
228 693 2
229 861 6
229 559 5
230 385 3
230 420 7
230 616 8
230 467 4
230 410 7
230 700 3
231 472 2
231 480 3
231 554 6
231 860 8
232 585 4
232 394 7
232 446 2
233 300 10
233 750 1
233 807 9
234 739 6
234 263 1
234 873 4
234 532 7
234 792 5
235 347 6
236 856 5
236 883 9
236 467 5
237 748 3
237 463 3
238 438 10
239 627 9
239 636 6
240 576 5
240 345 4
240 243 6
241 587 5
241 730 5
241 267 4
242 537 2
244 736 9
244 262 4
245 330 8
245 420 3
246 426 8
246 476 1
246 349 6
246 823 1
247 757 10
248 838 7
249 371 10
250 530 8
250 700 8
251 703 4
252 810 3
252 751 5
254 781 9
255 422 8
256 832 1
256 497 5
256 706 1
256 733 2
257 897 1
261 408 9
261 845 4
262 681 3
262 724 1
263 639 9
266 552 9
266 351 2
268 787 5
268 340 6
269 714 7
269 283 6
269 351 4
270 741 6
271 671 4
272 296 9
272 345 6
274 834 3
275 883 9
276 655 1
276 599 4
277 833 6
277 698 7
277 451 8
278 376 4
278 468 1
278 796 7
278 559 4
279 561 9
279 622 10
279 873 6
280 501 2
280 631 2
282 424 6
282 377 5
283 491 3
283 356 6
284 344 10
284 439 7
285 345 7
286 496 10
286 437 2
287 420 7
288 871 2
288 685 10
288 653 8
288 405 4
288 727 5
288 508 2
289 422 2
291 576 6
291 392 1
291 334 6
292 891 10
292 340 9
292 462 7
294 630 6
294 695 2
296 890 2
296 723 8
296 365 10
297 649 5
298 720 8
298 884 10
298 461 1
299 563 7
299 469 2
299 406 8
301 416 6
301 588 6
302 793 10
303 540 6
303 335 6
304 473 7
304 724 4
305 609 4
305 428 2
305 590 10
307 552 4
307 522 4
308 860 2
309 625 10
310 760 9
311 427 3
311 884 8
312 369 8
312 572 8
312 828 5
313 547 5
314 529 9
316 777 7
317 747 3
318 642 2
318 747 10
318 363 6
318 638 4
320 825 10
320 706 2
321 699 6
321 597 4
321 687 5
322 672 9
322 424 6
323 669 5
323 599 2
324 800 1
324 703 4
326 599 3
327 712 10
327 876 3
328 416 8
328 677 3
328 615 8
328 747 3
328 780 9
328 408 8
331 669 4
333 772 2
333 471 6
334 696 9
334 364 4
335 753 7
335 849 1
337 817 6
337 626 3
337 887 4
338 843 7
339 810 3
339 411 6
339 502 3
340 626 1
340 811 8
342 361 8
342 844 9
342 509 4
343 783 2
344 622 8
345 769 5
347 727 4
348 668 8
348 604 7
349 429 8
351 819 9
352 894 1
353 560 7
353 438 9
354 792 8
356 634 9
358 689 1
358 590 7
358 697 9
360 581 3
361 374 2
361 694 4
361 550 10
362 800 3
362 717 3
363 661 8
364 484 6
364 661 3
365 498 8
365 403 7
366 666 10
366 484 7
367 851 4
367 867 10
367 850 8
368 580 4
368 497 6
368 763 4
369 682 8
370 414 3
371 705 1
372 832 10
372 712 1
372 867 1
373 405 5
373 637 1
374 583 4
375 669 4
376 550 4
377 471 9
380 411 8
380 871 10
381 553 7
382 778 10
383 664 8
383 391 2
383 743 3
384 624 2
384 740 2
384 854 1
385 633 6
385 803 9
385 423 7
386 445 4
387 512 3
387 458 1
388 864 9
388 440 2
388 810 10
388 578 9
390 830 4
390 598 10
391 541 1
391 478 2
391 855 9
392 826 3
392 820 1
393 499 2
393 717 10
394 561 2
394 812 3
394 826 1
396 473 4
397 507 6
398 825 6
398 582 3
400 746 8
400 644 6
400 877 5
401 577 8
402 640 8
402 744 4
402 812 9
403 864 3
403 735 10
404 832 3
404 490 10
406 520 1
406 618 6
407 432 5
408 650 1
409 838 7
411 670 9
412 888 8
413 709 8
414 568 10
414 560 2
414 475 9
414 480 6
415 657 5
417 424 4
417 659 7
418 772 6
419 873 9
420 857 5
421 864 3
421 557 9
422 423 6
423 594 7
424 835 2
424 616 9
424 425 3
425 647 3
426 508 3
428 898 8
429 572 2
429 899 1
429 718 10
431 626 4
431 508 4
432 574 9
433 823 10
433 695 5
434 887 8
435 601 2
435 886 8
436 588 10
437 542 5
437 615 5
439 705 5
439 711 7
441 540 5
441 855 7
445 476 6
445 511 5
446 738 1
447 650 9
447 819 6
448 668 9
448 652 4
449 867 6
449 892 1
449 543 10
450 673 7
451 523 9
452 679 3
453 730 7
453 785 10
453 620 8
454 741 5
455 621 4
456 590 10
456 622 7
457 544 8
457 465 4
460 844 9
461 704 3
461 608 6
461 605 4
462 649 7
462 550 6
463 525 6
463 740 7
463 703 2
464 836 9
465 545 6
466 488 5
468 842 2
470 521 4
470 795 8
470 654 5
471 579 10
471 811 3
471 847 8
471 724 9
472 824 7
475 521 8
475 563 2
476 655 2
476 757 2
476 535 6
477 803 2
477 565 6
478 717 3
479 569 7
479 572 1
480 740 6
480 529 9
480 633 9
482 502 3
483 595 1
483 575 9
485 570 10
485 663 5
486 816 9
486 609 5
488 693 3
489 848 10
489 658 4
490 675 2
491 840 5
491 741 5
493 708 10
493 495 1
494 889 5
497 697 1
499 725 1
500 516 2
502 727 2
503 549 10
504 804 2
505 668 10
505 855 7
507 609 2
509 617 3
510 827 1
510 651 10
511 761 2
514 734 8
516 578 10
516 807 1
517 582 7
518 657 4
520 839 10
521 584 9
521 751 2
525 861 5
526 544 3
526 889 1
527 898 2
527 788 5
527 589 2
529 641 1
529 841 6
530 538 10
530 794 6
531 739 10
531 574 1
532 840 5
532 691 8
533 646 5
534 592 5
534 745 10
534 608 6
536 736 6
536 705 2
536 797 5
537 576 1
537 894 4
541 802 3
541 699 4
543 703 7
543 735 9
548 630 6
548 663 3
549 660 3
550 699 1
551 734 5
553 591 7
554 661 2
555 599 3
556 720 5
558 794 7
559 719 7
560 664 8
560 791 4
562 883 4
563 727 8
564 867 7
565 676 3
565 806 10
565 781 10
565 759 2
565 892 3
569 804 4
570 571 6
570 685 10
570 886 5
571 850 9
572 870 4
574 828 10
574 830 7
575 637 4
576 679 3
576 878 3
577 615 8
579 709 2
581 582 1
582 673 10
582 605 6
592 851 1
594 627 2
594 725 4
595 833 7
596 660 4
596 693 1
597 802 10
597 604 6
598 665 5
598 821 4
598 615 7
600 617 2
600 750 8
602 748 2
602 694 3
604 820 7
608 739 5
611 738 8
611 764 4
612 807 2
614 648 5
619 723 1
621 815 8
621 766 7
623 861 7
626 749 4
629 809 5
630 661 9
631 633 2
631 771 9
633 753 3
635 800 5
635 893 5
638 758 9
640 885 6
641 752 2
641 856 2
643 716 6
644 703 6
645 859 1
645 685 9
648 827 10
650 671 2
651 775 10
652 773 8
653 890 3
655 663 2
659 809 3
660 736 5
663 756 8
663 670 4
663 703 7
666 815 7
668 773 5
668 682 6
669 832 3
670 792 10
673 675 1
676 767 1
679 754 1
679 861 4
680 832 4
680 875 4
682 887 9
687 743 6
688 699 10
691 771 9
698 789 4
700 888 10
700 735 10
702 798 8
704 791 7
707 762 3
710 730 7
715 851 6
716 770 4
716 717 5
717 835 7
717 743 9
717 767 10
718 880 9
720 877 10
722 816 9
723 739 5
725 761 3
727 753 5
729 781 2
730 768 10
732 887 6
736 873 2
740 776 8
743 831 10
744 853 7
749 755 5
750 802 10
751 857 6
752 849 9
753 888 2
754 899 9
756 893 6
760 883 8
766 832 1
769 773 4
769 813 4
770 892 1
776 863 10
783 816 2
788 846 2
793 842 6
794 835 8
809 887 9
814 867 6
850 883 3
857 861 2
858 879 4
864 897 3
875 882 6
879 894 6
