0 19 7
0 29 18
1 82 3
1 94 27
2 34 38
3 33 10
3 87 38
4 27 1
4 90 18
4 91 21
5 35 9
6 40 5
6 81 5
6 59 10
6 76 14
6 13 35
7 18 12
7 87 7
8 48 14
8 74 27
8 46 10
8 54 40
9 45 11
10 82 6
12 64 19
13 65 14
13 78 40
13 25 26
14 32 36
15 32 29
15 41 40
15 51 36
15 77 40
15 63 20
16 60 33
16 23 35
18 58 36
19 26 28
19 53 19
19 63 24
20 52 40
20 53 22
20 95 7
21 28 1
23 96 14
23 71 33
24 56 3
24 59 5
25 81 6
25 83 16
26 39 17
27 56 40
28 67 9
28 43 4
28 30 15
28 78 27
30 82 14
30 47 18
31 49 24
32 92 19
33 51 4
33 44 26
34 41 3
34 78 34
35 75 2
36 98 39
37 73 20
37 45 34
37 54 8
39 54 7
39 63 34
40 97 32
40 90 1
40 79 18
41 80 27
42 55 12
43 80 38
43 66 24
43 91 22
44 61 2
44 77 37
45 64 22
46 71 8
47 58 11
47 99 7
48 88 3
50 82 24
50 85 18
50 71 3
52 65 10
52 54 25
53 72 6
53 67 2
54 73 20
56 66 15
57 85 16
57 69 18
58 67 16
59 94 36
60 84 15
60 93 12
62 74 37
62 83 5
62 87 24
63 83 9
63 85 24
63 86 29
64 71 20
66 83 10
67 76 18
67 79 40
68 81 26
69 92 23
73 85 33
78 86 2
79 86 8
81 93 19
82 92 33
86 90 22
93 94 29
