0 51 9
1 83 25
1 36 27
2 49 15
2 51 6
2 78 21
3 25 20
3 23 25
3 37 52
3 6 49
3 77 25
4 72 6
4 65 44
4 37 38
5 73 17
5 79 7
7 64 14
7 50 22
8 70 22
8 31 34
9 56 16
9 85 13
9 69 53
10 32 16
10 66 48
10 46 31
11 99 4
11 15 1
12 71 6
13 33 22
13 84 30
13 15 70
14 18 27
15 32 7
15 64 54
16 64 9
16 98 38
16 75 61
16 52 36
17 67 21
18 90 34
21 65 15
21 84 66
21 23 57
22 60 53
24 32 39
24 62 9
25 97 51
25 58 53
25 84 42
26 67 8
28 56 2
28 66 55
28 69 39
29 72 8
29 52 60
30 33 33
30 55 11
32 71 45
32 42 10
32 81 31
32 83 41
32 88 31
34 56 66
34 81 21
34 59 30
34 61 8
35 70 35
36 97 54
37 97 65
37 55 48
38 42 17
38 53 26
38 87 1
39 85 48
40 90 9
40 99 10
41 50 38
41 47 19
43 68 21
43 76 24
43 63 63
44 86 63
45 50 38
45 83 22
45 87 52
47 64 53
48 89 6
48 83 47
49 71 19
50 82 22
50 55 24
54 90 20
55 73 21
55 70 2
56 81 57
57 90 17
58 78 67
59 84 36
60 76 64
63 68 28
63 71 46
64 99 22
64 90 34
66 98 59
68 86 56
69 93 37
69 73 64
74 82 10
74 86 55
75 96 26
76 85 32
77 90 40
77 83 54
78 89 20
80 96 5
82 90 33
82 86 40
86 97 42
89 95 10
