0 397 2
1 359 9
1 829 5
1 511 8
2 610 2
3 844 8
3 250 10
3 12 4
3 166 7
4 1268 1
4 1180 1
5 502 2
6 324 7
7 804 8
7 616 1
7 716 2
7 210 5
7 852 8
7 182 9
7 570 3
8 769 10
8 706 3
9 273 9
9 963 10
9 519 10
10 199 5
11 1068 9
11 1150 4
11 831 5
12 1113 4
12 495 8
13 1088 6
13 713 4
14 202 2
14 707 4
14 934 7
15 1320 7
17 1252 2
18 153 6
18 1068 1
18 567 7
19 1034 2
19 229 3
19 1390 10
21 481 5
21 853 9
23 464 5
23 599 7
23 163 1
23 172 8
23 743 5
24 665 9
24 700 9
24 510 4
25 1160 10
25 1339 10
27 1125 8
28 792 3
28 865 2
28 1398 5
28 1159 6
29 1326 5
30 890 10
30 763 2
30 245 6
31 936 5
31 1193 5
31 331 10
31 815 7
31 627 4
31 252 7
32 736 4
33 44 4
34 155 7
35 1304 7
35 357 1
36 723 5
36 1181 10
37 154 4
37 964 2
37 55 4
38 715 3
38 1165 1
39 861 2
39 598 3
41 1286 1
42 857 1
42 620 5
43 744 7
43 1145 6
43 1286 1
44 600 10
44 380 2
45 727 4
46 906 7
47 1336 3
47 264 4
47 1047 8
48 1395 4
48 1021 8
49 602 1
49 756 4
50 710 4
50 1067 9
50 427 5
50 374 5
50 1019 7
51 1369 1
52 1016 2
52 434 3
52 892 8
52 450 7
52 1159 8
53 729 10
53 870 7
53 1046 5
54 1026 10
54 717 7
55 590 3
56 1097 2
56 1018 1
56 719 1
56 678 4
56 361 3
57 489 6
58 568 6
58 1279 3
59 344 7
59 868 10
59 686 9
60 1354 10
60 355 5
61 504 2
61 312 8
61 1133 7
62 367 1
62 1195 9
62 685 1
62 1271 4
63 1202 4
63 483 2
63 895 1
64 992 10
64 869 5
64 966 9
65 424 3
65 246 4
66 1118 7
67 144 3
67 1232 9
67 1127 9
68 1371 1
68 717 6
68 1262 7
69 233 9
69 1131 9
69 380 4
69 983 4
70 705 1
71 1180 6
71 1222 4
72 1153 7
72 257 1
72 411 3
72 1255 10
74 1223 1
75 581 1
75 1259 7
75 399 6
75 624 1
75 1268 2
75 633 5
76 690 4
76 1093 7
77 1002 10
77 1115 3
77 1179 4
77 1325 3
77 1270 7
78 785 1
78 986 1
78 959 1
79 985 2
80 824 1
80 1390 8
81 466 2
81 895 6
82 300 1
82 661 8
83 761 10
84 941 2
84 358 2
85 257 2
86 561 8
88 1368 2
88 1226 7
88 675 7
90 832 4
90 425 4
90 1393 8
91 601 3
91 474 3
91 501 8
92 699 9
92 187 6
92 277 6
92 1133 4
94 857 7
94 229 8
94 1054 3
95 304 1
95 634 3
95 1027 5
96 551 1
97 921 8
97 166 1
97 319 8
98 579 3
98 645 3
98 727 8
98 1311 1
99 1251 3
99 550 10
100 1392 5
100 480 7
101 890 9
101 1365 2
101 262 6
102 866 9
103 1123 7
103 114 2
103 979 3
104 1154 1
105 353 7
105 263 5
105 424 2
105 619 2
105 142 7
105 1370 4
106 523 1
106 1077 7
107 594 10
107 914 9
108 1266 7
108 1398 1
108 991 4
109 371 6
109 594 1
109 715 4
109 814 6
109 967 3
110 401 5
110 470 6
110 991 6
111 1388 6
111 709 7
112 664 8
113 972 2
114 738 5
116 577 2
116 572 8
116 173 8
116 718 7
119 184 6
119 1332 2
120 946 2
120 1157 7
120 870 6
121 760 2
121 562 3
122 1372 10
122 605 9
122 782 5
122 991 6
123 1009 1
123 1395 8
123 332 6
123 273 3
123 175 3
124 1148 3
124 798 9
125 248 6
125 562 9
126 555 7
126 340 7
126 318 8
127 1264 4
127 1336 3
128 376 3
128 974 4
129 882 4
129 1355 4
129 899 3
129 1292 4
129 605 8
130 373 10
131 322 4
131 948 4
132 365 4
132 229 9
133 384 8
133 1108 10
133 1030 2
134 265 5
134 254 5
134 686 7
136 792 10
136 281 5
136 1050 5
136 759 5
137 867 6
137 251 2
137 1262 1
138 447 2
140 764 7
140 782 3
142 219 4
142 1117 1
143 938 6
143 1134 6
145 672 1
146 704 8
147 490 1
148 691 1
149 966 8
150 177 2
150 516 1
150 532 10
151 1233 8
151 461 7
152 185 1
154 1153 5
154 558 8
155 868 10
155 685 7
157 1297 3
157 1342 4
157 814 3
158 1209 7
158 674 10
158 875 7
158 812 10
158 281 9
159 1113 6
159 410 4
160 328 3
160 592 9
161 425 10
161 1202 6
163 1049 8
163 981 7
166 470 4
166 247 2
167 872 2
167 1297 1
168 264 9
168 1048 2
168 1003 6
168 798 3
170 848 9
170 249 1
170 1234 1
170 1059 8
171 321 6
171 719 3
171 281 10
171 207 10
174 1321 3
174 1130 2
174 851 2
174 1228 4
174 447 3
175 1280 6
175 635 1
175 1046 8
175 983 6
175 1146 3
176 333 9
176 925 1
177 272 1
177 914 1
177 787 4
177 1332 6
178 824 5
178 315 5
179 942 10
179 567 9
180 736 3
180 650 3
180 868 9
180 1341 4
180 461 7
181 1259 4
183 912 6
183 472 10
183 331 5
183 758 9
183 539 7
184 523 3
184 607 3
185 923 6
185 652 2
187 1152 1
188 708 8
189 938 10
189 300 5
189 621 7
189 1333 3
189 1050 3
189 378 5
189 606 2
191 628 9
191 1380 8
192 224 6
192 739 2
193 1211 3
194 369 8
194 1151 10
195 1276 8
196 1329 5
197 296 9
197 1266 2
197 772 10
198 309 5
198 270 3
200 623 3
202 879 2
203 492 2
204 1280 5
204 866 6
204 1243 6
205 766 7
205 1077 8
205 214 7
205 999 7
206 1391 5
207 1256 6
207 290 7
208 1332 10
208 779 10
208 724 10
209 1176 6
209 716 1
209 1061 5
210 521 4
212 525 8
213 1281 5
214 1204 9
214 1287 6
215 1088 7
215 915 8
217 356 6
217 1303 2
218 609 7
218 940 7
219 627 2
219 694 7
220 948 8
220 317 6
220 750 9
220 871 4
221 1096 5
221 683 1
223 474 2
224 1276 5
226 1051 10
226 234 5
226 467 8
227 1077 8
228 934 8
229 611 2
229 537 9
229 964 5
230 673 10
230 835 7
230 638 4
231 481 4
231 883 3
231 292 7
231 997 10
232 1272 10
232 816 4
232 363 4
232 412 5
232 1312 3
233 627 7
234 328 2
234 1256 8
235 402 3
235 653 2
237 754 5
237 1151 10
237 316 6
237 1237 5
237 991 10
239 302 2
240 305 7
240 1140 9
240 893 1
240 591 7
241 376 2
242 930 7
242 1132 9
243 1211 3
244 1049 3
244 668 8
244 517 9
244 481 5
246 434 9
246 451 9
246 1165 6
247 1373 5
247 1133 4
248 645 1
249 523 3
249 1172 7
250 1048 5
250 535 2
251 365 3
251 591 3
252 622 5
252 822 7
253 1317 8
253 1127 7
253 397 8
253 631 8
253 699 6
253 1022 5
254 1148 3
254 324 7
255 1352 6
255 1023 10
256 1080 8
256 1193 4
256 1042 6
257 345 5
257 797 8
257 295 10
258 1170 5
258 1045 8
259 636 5
259 708 3
259 719 7
260 909 4
261 601 4
261 1098 10
261 379 10
262 432 6
262 1022 8
263 1139 9
263 441 6
263 566 4
263 1113 10
264 409 5
264 1375 3
265 1355 1
265 341 3
265 1151 3
266 300 10
267 1080 5
269 669 3
270 894 1
271 768 8
271 1333 3
272 1017 9
272 1202 8
272 1099 1
272 518 3
273 354 3
275 657 1
275 1082 8
276 648 4
276 567 2
277 1001 10
277 802 4
277 333 8
278 1082 4
278 339 3
278 1263 2
280 849 9
280 1213 8
281 1214 4
282 437 5
282 489 8
282 1229 7
282 606 8
282 1133 9
283 469 5
283 687 3
284 1304 8
284 817 5
284 997 9
284 909 3
285 328 4
285 1031 10
286 539 3
286 892 1
286 918 3
287 1117 3
288 1161 5
290 465 1
290 876 6
290 1334 5
291 970 9
291 1042 8
291 1302 3
291 997 7
292 960 7
292 644 2
292 1007 3
292 478 1
292 383 8
293 1136 1
293 1154 1
293 1158 8
293 806 8
294 788 8
294 1181 8
295 507 10
296 591 4
297 401 3
298 1372 6
298 735 5
298 1332 1
298 1321 10
299 703 5
299 543 8
299 381 7
299 1223 3
299 821 2
300 801 6
301 630 7
302 369 6
302 894 2
303 1027 9
304 320 4
304 439 6
305 1133 4
305 1007 4
306 633 1
306 338 4
306 395 6
306 605 8
307 975 8
308 795 5
309 313 7
310 385 9
310 1142 8
310 575 5
311 1210 8
311 757 8
312 1017 5
313 424 6
313 1335 5
314 337 5
314 725 2
315 1362 10
316 1237 9
316 437 1
317 477 2
317 335 3
318 374 10
318 875 5
318 685 2
319 1224 7
319 530 4
319 347 5
319 325 9
320 885 8
321 980 8
321 1388 2
321 726 6
322 895 2
323 443 10
323 765 9
324 1313 3
324 410 9
324 1322 10
325 1244 3
325 466 8
325 587 10
325 748 4
326 744 9
326 1300 10
326 935 1
328 388 8
328 1362 4
328 1139 3
328 918 7
328 793 8
329 1145 4
330 674 5
330 435 5
331 1369 8
331 1370 2
331 1388 2
332 1192 6
333 864 4
333 1232 8
333 848 1
333 1033 8
333 1066 6
334 387 4
334 830 5
335 508 10
336 497 2
336 708 6
336 773 1
336 1071 1
337 403 9
337 1211 4
337 623 4
338 1070 10
339 1169 8
339 754 5
339 1273 9
340 891 2
340 1238 1
341 1189 10
341 846 3
341 631 7
343 1349 9
343 413 9
344 392 4
344 349 7
345 1044 4
345 893 8
348 1254 9
348 462 5
349 1356 1
349 1045 5
350 785 6
351 640 8
351 1118 1
352 464 2
352 648 4
353 1124 1
353 1096 1
353 1171 3
353 724 7
353 890 3
353 893 3
353 894 7
354 1138 6
354 1042 1
355 1399 8
355 1111 2
356 1074 7
356 1318 3
356 1337 2
357 442 2
358 470 1
358 975 5
359 613 9
360 1252 9
360 431 8
361 1249 8
363 640 9
363 642 9
364 1305 2
364 1123 8
364 468 5
364 525 2
366 1318 8
367 926 5
369 967 5
369 745 6
369 528 5
369 627 4
369 792 8
370 1096 5
370 937 3
370 1149 9
370 1127 9
371 1152 10
371 505 6
371 565 5
372 1097 4
373 753 8
373 1170 3
373 1363 4
373 374 6
373 634 2
374 1305 6
374 753 4
375 497 5
375 427 5
375 1366 5
375 547 6
375 1335 8
376 904 10
376 635 8
377 609 7
377 435 1
377 446 3
378 1015 4
380 1389 3
381 536 7
381 770 4
381 1274 8
381 1263 6
382 981 2
382 1132 7
382 997 6
382 631 5
383 496 2
383 1217 1
383 944 7
383 592 1
384 827 7
385 436 1
386 744 10
386 1385 10
386 1138 2
386 957 3
387 1148 2
387 716 5
388 962 10
389 714 5
389 507 6
390 514 8
390 977 8
390 595 5
390 1175 7
390 1242 5
390 763 9
391 1346 5
391 1326 8
392 1339 9
393 1192 2
394 496 5
394 1034 8
394 810 2
394 686 3
395 1208 5
395 1308 8
395 422 5
396 1001 4
396 1071 10
397 676 5
397 670 2
397 583 3
399 1146 6
399 966 6
400 901 2
401 776 9
401 755 10
401 885 3
402 1305 4
403 984 4
403 698 5
404 734 4
405 1373 4
406 1016 9
406 1372 4
407 681 6
407 1325 5
408 704 8
409 900 5
410 872 1
410 847 8
411 811 7
411 471 6
412 728 1
412 1123 8
413 1246 4
414 1116 4
414 1157 2
415 544 2
415 1202 7
416 891 4
417 896 9
417 1397 1
418 962 10
418 1387 8
419 438 2
421 1172 4
422 961 7
423 801 9
424 480 4
424 1069 5
424 1271 9
425 577 6
425 870 2
425 1039 4
427 833 9
427 1077 9
427 498 9
428 1181 2
429 1017 9
429 476 4
429 799 6
431 1262 5
432 1387 7
432 534 9
433 633 6
433 482 8
433 555 2
433 1238 8
434 652 1
434 1162 7
435 1118 1
436 1360 5
436 1171 6
436 686 7
438 1315 10
438 1261 8
439 712 9
439 553 9
439 983 1
439 855 1
440 1154 9
440 1183 10
442 544 1
442 866 7
442 886 7
443 829 4
444 1091 1
444 870 7
444 606 6
444 599 10
445 1280 5
445 487 6
446 965 4
448 1134 4
449 760 1
450 1088 4
450 825 4
451 785 1
451 497 6
452 1152 6
452 668 8
452 717 10
452 1102 6
453 584 10
454 1376 10
454 704 2
454 707 10
455 635 6
455 1260 10
456 686 8
457 753 5
458 955 3
460 657 1
460 878 2
461 1388 1
462 1248 7
462 1203 9
462 1326 6
463 1212 6
463 1247 5
464 1022 3
465 538 7
465 1047 4
466 901 2
467 567 4
468 771 8
468 1017 2
468 1331 5
469 1017 6
469 519 3
470 899 10
471 1216 1
471 1372 1
471 1315 1
473 1095 3
474 1389 7
476 866 4
476 694 3
476 615 9
477 847 9
478 555 3
478 1372 3
478 1053 5
479 730 4
481 1000 7
481 1292 8
482 1302 8
482 953 3
483 794 10
484 644 1
485 1051 1
486 544 8
487 924 2
488 977 5
490 648 6
491 1327 6
492 1319 5
493 576 6
493 1347 4
493 836 4
494 1356 10
494 542 1
495 994 3
495 1010 8
496 579 10
497 1240 2
497 999 5
498 1065 1
498 963 5
499 968 3
500 798 8
500 981 2
500 1286 8
501 638 3
502 1012 5
502 1286 9
503 556 9
503 733 5
504 1257 9
505 600 5
505 1058 5
506 1370 10
506 1307 3
506 1175 4
509 1021 2
509 1254 7
510 755 7
510 1031 4
512 958 10
513 1382 4
513 998 7
514 679 6
515 1072 6
515 860 4
517 1282 2
518 794 7
519 1093 7
520 1073 5
520 1106 2
520 1004 7
522 841 3
522 949 10
523 1248 1
523 1220 7
523 603 3
524 858 6
524 827 2
524 1180 7
526 872 5
526 595 10
528 1347 10
528 1221 6
528 871 7
529 885 2
530 836 1
531 698 8
531 1383 9
532 977 9
532 1270 4
532 591 4
533 1331 2
534 777 3
536 720 1
536 643 1
536 915 8
537 555 6
537 1213 4
539 730 5
539 1319 10
540 771 9
540 556 1
540 1381 1
540 606 7
540 751 4
541 1368 7
542 1066 7
542 555 5
542 1327 1
543 744 5
543 1132 1
543 751 9
543 1241 4
543 989 2
544 801 1
544 789 9
545 1051 2
545 923 5
546 1008 10
546 873 1
546 1076 8
548 976 8
550 874 10
550 1309 9
550 567 10
551 825 4
551 1333 4
551 1142 7
553 1394 9
553 910 5
554 857 6
555 1149 6
556 946 6
559 784 7
559 976 7
560 956 3
561 585 6
561 637 9
562 1248 1
562 906 10
562 1003 4
563 1240 7
563 597 6
563 711 4
564 1126 9
567 594 7
568 896 7
568 1037 6
569 1139 10
569 901 8
571 1195 5
571 638 9
571 663 9
572 927 10
573 1000 9
573 1131 5
573 587 2
573 990 9
574 636 7
574 1318 10
576 1320 5
576 804 2
577 947 7
578 1398 6
578 1383 10
580 650 1
580 1349 5
581 632 2
583 1337 1
583 1170 7
584 776 8
584 1209 5
584 1026 1
584 1118 1
585 1067 7
586 1182 7
586 1160 7
586 844 7
586 1190 3
586 662 7
587 992 10
587 1297 3
587 911 3
588 715 10
588 1175 8
589 938 3
589 1204 5
590 657 2
590 863 4
591 1100 3
591 762 1
591 702 6
592 696 8
592 1224 2
594 1237 9
595 768 1
595 1298 10
596 625 6
596 987 3
598 714 4
598 637 1
599 1197 4
600 984 4
600 1193 2
602 890 2
602 1046 9
605 1008 8
605 1094 6
606 868 7
606 933 9
607 1120 9
607 1274 4
607 1276 1
608 733 10
608 693 2
608 1367 3
609 1273 7
610 968 1
610 1150 8
610 751 6
611 692 9
613 749 6
614 1305 4
615 1011 7
617 1034 1
620 906 4
621 779 8
621 987 3
621 830 4
621 1079 6
622 1389 2
622 733 1
623 675 3
623 711 3
623 1193 9
623 1288 6
624 888 3
625 1284 1
625 1314 8
625 758 4
626 771 3
626 943 3
627 632 7
628 1111 1
629 1070 1
629 934 4
631 808 3
632 1333 5
633 1125 1
633 967 5
633 958 2
635 1378 5
635 657 10
635 798 4
637 1369 3
638 992 9
638 1349 9
638 815 6
638 1270 5
639 934 7
639 854 9
640 1279 6
640 653 5
642 1249 3
643 1265 2
644 928 9
644 1059 8
644 661 2
646 1082 7
649 766 7
650 776 7
650 1155 1
651 705 7
651 842 4
651 1380 9
652 914 4
653 1264 3
653 885 2
654 1291 2
655 1110 9
656 1365 7
656 823 1
657 1036 3
659 1276 2
660 808 3
660 1183 3
660 743 5
663 1358 7
665 1091 5
666 818 7
666 1181 9
667 879 10
668 1253 8
668 885 6
668 922 6
668 795 2
669 1021 6
669 1263 2
670 1026 2
671 1136 7
672 1344 2
675 800 1
675 1016 9
677 804 9
680 694 1
682 1357 7
682 1134 5
682 1079 8
683 729 5
684 1302 6
686 1251 6
686 967 8
686 947 2
687 1194 10
688 732 6
689 896 3
690 889 7
690 1117 9
690 743 5
691 856 8
692 1231 4
693 713 2
693 1097 5
694 1350 3
695 1068 4
695 1189 4
696 1174 1
698 1192 4
700 1149 10
702 1017 3
703 895 2
704 1043 10
704 743 3
707 1370 3
707 878 6
708 832 6
711 762 2
711 743 2
712 742 8
714 1266 6
715 986 7
715 1311 10
716 1201 1
716 1371 8
718 956 1
718 1279 8
719 779 2
719 852 8
719 1014 4
722 738 7
723 1232 1
723 960 9
724 1026 10
724 1170 7
725 1025 4
725 1378 8
726 1389 10
727 1154 9
730 1290 7
730 925 3
731 1346 4
731 1310 6
732 1152 9
733 739 9
734 874 10
734 750 1
735 1254 4
738 1218 4
738 1076 6
739 1096 10
741 1038 5
741 1335 3
744 1387 9
744 1254 8
744 906 6
744 1098 6
745 915 9
745 1367 8
748 1003 1
748 1102 6
748 1134 4
748 1342 2
749 802 1
749 1399 1
749 863 7
752 1024 2
752 977 8
754 1241 1
754 1117 2
756 1306 10
758 787 1
759 1048 2
761 821 6
762 877 2
763 1162 7
765 1035 8
765 831 1
768 1186 8
769 1172 3
770 961 7
772 1035 9
773 1053 3
773 1365 5
774 932 9
775 995 7
776 924 6
778 1393 10
779 1382 6
781 1164 3
783 1109 3
784 1008 2
784 1242 4
786 1187 6
786 1084 8
786 919 7
790 1360 9
791 1243 7
791 950 7
794 1028 2
796 1250 6
800 1243 9
800 1158 9
802 1101 1
802 1198 4
803 949 6
805 1057 10
805 1005 2
806 838 3
808 1011 10
808 838 5
811 952 2
812 1390 4
813 1117 2
815 904 8
816 1105 1
816 1158 6
817 1238 3
819 944 1
820 894 10
824 961 9
826 1201 1
826 1391 2
827 1360 7
830 1336 10
831 1209 4
833 1083 10
835 914 10
838 1293 7
838 1023 1
840 936 8
843 1173 10
845 1007 5
846 1059 2
849 1186 3
850 1282 9
851 1248 9
851 1330 1
851 898 9
853 1386 5
854 898 2
854 1187 7
857 1108 9
857 1271 5
860 1130 9
861 1387 4
861 1222 1
862 865 2
862 1343 7
864 1097 4
864 1107 4
866 1395 3
869 1209 6
870 1393 6
876 894 2
879 1348 1
882 1106 8
883 1295 6
883 1355 4
883 1075 2
883 1263 3
884 954 7
884 1034 1
885 1158 8
886 1396 2
886 1079 5
891 1303 1
892 1254 1
894 1107 7
894 980 10
895 1287 6
895 1014 10
895 1016 1
895 1310 5
896 1048 2
896 1220 2
897 1346 8
897 1130 1
897 1389 1
902 1169 5
905 1004 4
906 1394 1
910 1376 4
910 1186 1
913 935 6
914 1201 9
914 1179 8
915 1112 1
916 951 9
917 1256 1
917 993 4
918 1155 7
920 1186 3
920 1036 9
920 1154 5
922 1146 2
923 1025 7
924 959 3
925 1248 8
925 1142 9
925 1183 6
926 1016 4
927 1322 7
927 1367 9
929 1209 8
929 957 3
930 1196 7
931 1204 9
931 1086 1
932 1322 1
937 965 3
937 940 7
937 1358 7
937 1016 9
937 1053 1
938 1222 2
940 1045 7
940 1245 5
946 1038 3
947 1002 8
948 1257 10
948 1180 6
951 1145 1
951 1045 4
952 1088 3
954 1009 3
955 1203 8
958 1321 8
960 962 8
962 1039 4
963 1148 3
964 1242 3
964 1364 3
965 1052 3
966 1162 1
966 1170 6
968 1201 6
969 1266 6
971 1202 9
971 1174 7
971 1015 1
973 1200 4
974 1308 7
975 1058 4
978 1241 2
979 1236 7
980 1217 10
980 1167 10
981 990 4
983 1336 1
984 1352 5
990 1144 2
993 1154 5
994 995 10
995 1063 3
1001 1108 2
1001 1326 4
1002 1219 9
1003 1127 5
1004 1168 5
1004 1091 5
1008 1224 2
1010 1106 6
1011 1059 5
1013 1373 9
1015 1052 2
1016 1316 10
1019 1032 7
1019 1230 5
1025 1162 5
1025 1206 6
1027 1072 7
1030 1068 4
1030 1389 5
1031 1337 1
1032 1183 1
1034 1232 4
1035 1231 2
1037 1319 10
1038 1215 8
1039 1176 7
1043 1069 5
1043 1350 7
1044 1336 4
1044 1296 2
1045 1126 4
1049 1206 1
1050 1355 3
1050 1388 7
1050 1175 3
1051 1139 10
1053 1109 6
1055 1072 4
1055 1313 4
1056 1387 5
1057 1145 1
1057 1093 5
1058 1105 5
1059 1120 10
1060 1263 1
1062 1200 10
1062 1218 9
1064 1126 6
1065 1066 1
1068 1222 2
1073 1119 4
1074 1339 1
1075 1315 1
1076 1240 8
1076 1103 6
1077 1099 8
1081 1361 9
1082 1380 10
1083 1321 3
1083 1297 2
1084 1283 7
1084 1125 8
1086 1124 4
1090 1130 6
1090 1100 4
1091 1149 5
1093 1242 9
1095 1144 10
1096 1206 1
1098 1127 1
1102 1313 5
1103 1245 7
1107 1252 10
1108 1163 1
1108 1200 2
1108 1279 3
1110 1382 6
1113 1339 3
1119 1237 6
1119 1121 5
1125 1231 7
1125 1167 8
1127 1269 1
1131 1337 5
1132 1382 9
1134 1235 1
1137 1289 8
1139 1176 10
1140 1305 10
1140 1269 7
1146 1162 7
1154 1317 8
1155 1335 4
1156 1232 1
1162 1239 4
1165 1305 6
1166 1249 1
1168 1301 6
1176 1324 5
1177 1251 7
1180 1197 9
1180 1213 7
1185 1200 1
1187 1381 9
1188 1224 6
1188 1209 4
1189 1307 5
1190 1235 3
1193 1222 9
1197 1363 6
1201 1210 8
1205 1329 7
1206 1293 8
1216 1324 5
1216 1268 5
1223 1331 6
1223 1243 4
1224 1369 2
1226 1369 8
1227 1248 3
1231 1288 4
1237 1242 3
1240 1378 10
1245 1366 10
1246 1397 4
1249 1320 7
1252 1338 1
1255 1336 2
1274 1364 6
1275 1315 10
1276 1297 6
1279 1389 1
1280 1363 9
1286 1387 5
1290 1397 7
1291 1348 8
1296 1366 2
1301 1341 1
1307 1330 8
1307 1375 7
1319 1366 1
1320 1364 10
1334 1372 1
1346 1373 3
1358 1371 7
1370 1390 9
