0 81 26
0 93 47
0 86 58
0 71 19
1 81 7
1 41 19
2 8 25
2 59 39
2 86 47
3 9 30
3 18 50
3 29 6
3 79 39
4 58 41
4 93 4
5 83 31
5 85 14
5 29 13
6 72 51
6 64 11
6 47 21
7 83 33
8 32 3
8 44 28
9 37 57
9 46 34
9 87 12
10 95 24
11 67 59
11 21 40
13 56 54
13 80 42
13 77 22
13 86 47
14 72 59
14 46 37
15 17 26
15 90 2
15 58 11
16 83 54
16 92 38
16 21 1
17 40 21
17 46 25
17 48 56
17 59 51
17 28 51
18 34 53
18 55 45
19 73 43
19 41 41
20 37 59
20 55 8
21 48 41
22 55 20
23 73 32
23 58 60
23 46 4
23 54 31
24 34 57
24 59 39
24 44 12
24 61 19
25 51 3
25 59 14
26 48 2
26 62 32
26 47 45
27 90 34
29 96 50
29 70 7
29 72 27
29 49 28
29 57 60
29 38 37
31 35 9
31 44 37
33 50 48
34 61 50
34 62 22
35 43 20
35 68 35
35 85 25
35 69 23
37 65 19
37 60 3
38 53 48
39 74 38
39 67 18
42 73 39
42 69 22
44 92 48
45 61 27
49 92 35
50 56 43
52 89 27
54 76 16
54 92 9
55 78 16
56 88 8
57 69 35
59 86 2
60 84 38
61 73 20
61 92 8
63 71 50
66 97 4
67 71 27
68 81 3
68 94 2
68 71 41
71 96 45
71 94 50
75 85 11
77 93 17
77 86 31
78 90 33
80 85 4
82 98 31
87 97 20
