0 21 15
0 94 21
0 37 91
1 56 32
1 80 43
1 28 42
1 38 38
2 42 92
2 91 9
3 97 93
3 68 12
3 7 93
4 89 95
4 74 42
4 70 28
5 32 37
5 53 87
5 70 97
5 63 20
6 59 32
6 19 6
6 86 43
7 96 29
7 84 5
7 52 40
8 56 38
8 70 87
8 22 10
9 36 37
9 21 52
9 54 12
11 84 36
11 73 99
11 36 52
12 62 51
13 73 93
13 66 81
14 25 91
14 85 55
14 30 98
15 32 39
15 43 79
16 18 70
16 76 70
16 54 35
18 65 25
18 34 65
18 92 11
19 48 50
19 41 71
19 70 77
20 91 93
20 35 59
20 28 96
21 81 30
21 35 37
21 56 71
22 92 6
22 45 44
23 40 61
24 43 36
26 67 79
26 61 11
28 58 83
29 51 79
30 42 91
31 99 42
33 48 49
33 89 68
33 34 90
33 54 50
35 86 31
36 94 48
36 38 98
36 53 89
38 85 2
38 94 75
40 69 56
41 68 90
43 81 79
43 63 50
44 96 65
44 49 43
44 87 99
46 76 26
47 52 25
48 96 28
49 99 23
49 62 96
50 65 77
50 59 80
50 52 7
51 82 5
51 55 30
52 95 48
53 96 13
53 69 57
55 82 36
55 68 62
56 75 38
57 58 28
57 93 20
58 66 64
61 85 36
64 84 61
65 95 49
68 99 65
69 79 15
70 71 63
70 76 81
70 86 28
71 75 57
71 85 72
73 98 13
73 84 57
77 94 48
84 96 32
84 92 51
86 88 14
86 95 18
