0 972 251
0 102 742
1 1077 93
2 1144 849
2 418 3
2 725 224
3 834 713
3 915 86
4 636 666
5 1034 543
5 1039 1118
5 837 493
5 239 831
6 721 1178
6 948 816
6 981 162
6 598 47
6 87 333
7 746 675
7 924 781
7 790 243
8 906 137
8 775 177
8 380 65
8 1095 39
9 385 350
9 627 1066
9 918 519
10 965 65
10 902 292
10 1023 47
11 625 825
11 699 564
11 475 68
12 515 179
12 926 820
13 1104 915
13 34 853
13 500 449
13 922 1046
13 222 835
14 1042 398
14 236 767
14 359 790
16 161 1167
16 145 747
17 280 378
17 1146 567
17 399 639
18 937 690
18 183 1169
18 117 391
18 321 487
19 668 1137
19 527 657
20 1157 277
20 485 1132
23 506 523
24 56 314
24 631 757
26 140 970
27 797 936
27 766 718
28 360 457
29 855 1198
30 719 328
30 997 780
30 1095 243
31 720 184
31 1124 795
31 237 917
31 78 692
31 686 907
32 304 671
32 422 973
33 936 1129
33 209 480
33 378 978
33 354 101
33 1127 709
34 546 877
34 783 335
35 979 398
36 1052 940
37 108 711
37 998 874
37 1063 155
38 618 23
38 319 572
38 1150 334
38 567 149
39 140 457
39 405 1039
40 322 722
40 394 552
40 1191 370
41 633 57
41 1082 454
41 211 100
41 237 956
41 583 809
42 499 405
42 551 847
43 338 362
43 812 1178
44 1035 1198
45 656 30
45 180 302
45 404 892
45 1041 342
46 1055 822
47 523 703
48 376 365
48 363 976
49 475 271
49 734 612
50 225 27
51 1096 918
52 1084 1005
53 587 243
55 121 98
56 963 791
56 906 755
56 75 299
56 1005 426
56 953 888
57 267 420
58 218 260
58 429 1110
59 164 589
59 459 1013
59 892 161
59 605 165
59 407 340
60 930 731
61 1002 758
61 147 754
61 998 664
61 471 999
62 84 756
62 477 533
62 430 753
63 812 997
63 671 99
64 654 3
65 686 55
65 829 223
65 238 1192
65 89 140
65 1017 941
65 957 758
65 767 406
66 1008 247
66 949 1094
67 760 646
67 89 742
67 741 864
67 377 277
68 776 286
68 961 950
68 394 332
68 864 560
69 163 292
69 1060 998
70 928 313
70 129 885
70 325 396
70 486 911
70 607 570
71 1026 122
71 242 596
71 486 727
72 720 524
72 524 141
73 123 1193
73 893 831
73 542 729
73 251 700
75 1169 381
75 898 299
75 763 358
75 742 512
76 273 531
76 1147 295
76 1172 894
76 567 1193
76 487 571
77 748 354
78 404 347
78 116 996
78 433 98
79 558 685
80 1012 701
80 676 269
80 367 535
82 990 325
83 495 270
83 925 855
83 647 680
84 1028 42
84 340 76
84 565 542
85 374 904
86 849 281
87 272 531
87 914 239
88 989 414
88 278 882
89 214 412
90 568 1150
90 1057 1128
90 487 608
90 351 430
91 136 125
91 1082 817
91 307 730
91 188 534
92 849 110
92 1039 1059
95 558 59
96 801 1073
96 532 669
96 1109 992
97 217 402
97 149 898
97 269 457
98 282 826
98 988 1127
98 335 1031
99 1061 13
100 1148 391
100 703 114
100 548 1110
100 1015 78
101 554 810
101 1170 661
101 783 699
102 521 945
102 529 121
102 895 19
104 422 899
105 443 272
105 132 351
105 638 507
105 303 399
106 112 1078
106 1065 1020
106 418 202
106 947 132
106 1190 22
108 1186 271
108 231 1098
108 949 1014
109 357 93
110 984 375
110 1062 342
111 466 836
111 229 334
112 1193 687
112 622 918
113 1164 1051
113 830 713
114 919 187
115 167 146
116 254 1115
117 972 297
117 365 521
117 550 52
118 480 491
118 768 499
118 642 193
118 789 643
119 472 562
119 387 33
120 1051 162
120 581 785
120 1095 249
121 568 735
121 1109 14
122 392 458
122 257 319
122 970 921
124 457 937
124 279 830
125 301 961
125 599 418
126 803 981
126 286 279
127 842 120
127 755 5
127 1122 185
127 170 565
128 568 1094
128 554 573
128 421 271
129 383 361
130 1091 1036
130 232 1010
130 1169 332
130 725 452
130 249 737
130 189 342
131 670 641
132 136 152
132 714 551
132 195 1093
132 198 398
133 255 516
133 247 847
133 759 621
134 1040 714
134 233 1136
135 1070 1151
136 320 518
136 341 994
136 541 590
137 334 778
138 1000 335
138 257 732
138 546 440
138 590 398
139 463 265
140 992 120
140 161 1026
140 1125 438
141 1161 150
141 716 321
142 1001 421
142 1065 745
142 632 439
142 539 691
142 253 1151
142 703 47
143 289 440
143 958 299
143 166 1124
144 769 246
145 1193 549
145 434 1003
146 359 1127
148 1151 907
149 595 1135
150 668 858
150 158 974
151 648 170
151 154 181
151 675 553
151 780 438
151 890 59
152 268 167
153 668 984
154 496 404
154 889 637
155 920 877
155 181 501
155 406 28
157 1129 595
157 374 442
157 887 601
158 315 891
159 1184 112
159 428 81
159 1154 436
159 612 536
160 935 838
160 637 401
160 327 1080
161 1060 938
162 568 672
162 1080 1064
162 1124 556
162 350 358
163 685 1041
163 894 191
164 656 858
164 1082 846
164 235 853
165 832 862
165 595 679
165 395 52
165 1079 756
166 480 19
166 473 309
166 608 123
169 374 734
169 779 536
169 310 776
169 1049 683
169 859 88
169 220 1139
170 726 654
171 1154 96
171 573 270
173 319 665
174 525 627
175 704 1156
175 959 917
176 807 174
176 1193 583
176 910 129
176 761 468
176 219 1094
176 189 1125
177 965 1143
177 295 374
178 936 117
178 223 1109
179 920 239
179 428 150
181 448 41
181 332 273
181 1116 210
182 1050 727
183 586 1110
183 858 569
184 1141 1193
184 1015 54
185 243 416
185 517 406
186 1056 796
186 401 808
186 566 621
187 1054 985
187 799 1020
190 731 780
190 404 1031
190 687 813
191 771 63
191 1035 654
192 442 469
192 388 135
193 602 670
193 1063 574
194 1140 1116
194 983 999
195 258 708
195 635 266
195 805 415
196 1020 836
196 869 783
196 1103 606
197 335 539
198 793 890
198 1021 670
199 1064 51
199 491 525
200 669 818
200 550 547
201 521 544
202 615 439
203 1096 374
203 899 466
203 933 861
204 449 328
206 704 558
206 708 186
207 304 690
207 298 1097
207 941 459
208 323 987
209 256 568
209 411 203
209 743 573
209 1059 719
209 891 419
211 394 331
211 1101 197
211 839 772
212 389 512
212 719 712
213 1108 848
213 590 1170
214 1154 43
214 358 1136
214 884 421
214 949 116
214 859 491
216 1059 311
216 1178 14
216 731 1130
216 239 97
218 512 532
218 414 17
219 1186 194
219 363 183
219 356 21
220 240 505
220 525 675
220 574 266
221 1025 613
221 1178 699
221 579 979
221 511 506
222 984 963
223 699 283
224 668 1126
224 886 1048
225 454 631
226 930 654
226 1035 462
226 922 538
227 739 534
227 1164 658
229 910 771
229 847 919
230 969 611
231 547 1144
231 612 474
231 237 49
231 753 182
232 323 5
232 607 669
233 720 617
233 476 779
233 582 106
235 1064 637
235 765 922
236 993 1190
237 265 632
237 817 1188
240 257 622
240 903 294
240 243 266
240 628 128
240 895 294
241 448 111
241 686 652
242 482 757
242 694 592
243 638 405
243 751 98
244 610 667
245 986 100
245 1148 1040
245 582 562
245 1119 43
247 1023 350
248 776 461
248 530 346
248 1127 677
249 503 203
249 799 325
251 855 739
252 677 154
253 586 561
253 1123 169
254 948 257
254 534 770
255 1024 939
256 524 807
258 695 1005
259 1184 26
259 824 390
260 398 729
261 355 787
261 283 1080
262 304 395
262 395 58
263 1107 412
263 1043 362
263 987 274
263 1135 1118
264 604 762
265 955 766
266 895 84
267 763 671
267 303 1189
268 746 85
268 455 801
269 352 188
269 537 512
269 516 1110
270 282 346
270 381 494
271 1070 112
271 1159 998
272 719 489
272 950 1097
274 992 202
274 350 836
274 597 82
274 806 642
275 384 90
275 737 68
275 437 555
276 546 875
276 556 987
279 686 708
280 1122 669
280 638 70
281 1162 959
282 750 347
283 527 1193
283 943 850
284 777 317
284 586 923
284 995 787
284 974 650
285 961 1148
285 523 259
285 438 1170
285 926 542
286 417 378
286 780 906
286 1036 186
286 813 26
286 1039 339
287 606 788
287 766 381
288 621 1080
288 966 531
289 313 262
289 881 278
290 648 445
290 729 480
290 314 309
290 447 218
291 1176 941
291 364 295
293 313 350
293 954 1132
293 428 129
293 653 984
294 437 781
296 1038 1146
296 1039 1072
297 637 65
298 1112 559
298 536 479
299 898 423
299 595 873
299 309 655
299 775 363
300 448 582
300 505 410
300 1054 481
302 665 390
302 426 480
302 451 914
303 875 327
303 588 441
303 1103 375
303 1193 588
305 641 289
305 1042 589
305 1052 949
305 1178 690
306 1192 293
306 667 495
308 687 243
309 1133 1181
310 1121 1132
310 746 417
310 710 124
311 813 1136
312 531 660
312 805 1185
313 496 803
313 859 277
313 1052 620
313 477 732
315 368 810
315 880 519
315 1009 299
315 1042 1046
315 828 618
316 327 614
317 769 61
319 835 723
319 1135 326
319 817 508
319 436 18
319 859 295
320 764 138
322 833 140
322 631 508
323 427 220
324 1118 36
325 490 752
325 830 463
326 1185 197
327 635 177
327 419 588
328 1031 212
329 1141 1178
330 361 534
330 406 1032
330 791 586
331 748 607
331 988 1043
332 912 11
333 571 1140
333 549 1068
333 1158 635
334 388 896
335 339 552
335 1074 773
336 493 21
336 414 333
337 865 698
337 723 439
337 1134 850
339 1188 1035
340 1153 782
340 826 348
340 530 307
341 657 939
341 899 336
342 992 1148
343 872 801
343 1141 759
343 1181 902
343 927 325
344 901 44
346 539 640
346 436 759
349 451 425
349 1173 439
350 455 139
351 599 1089
352 453 1109
353 1184 1006
353 442 325
354 1100 604
355 848 1175
356 484 675
357 476 686
357 540 227
357 1145 471
358 440 837
358 413 137
359 648 308
359 1167 1191
359 465 357
359 697 430
359 894 519
360 1091 221
361 941 512
362 1193 1044
362 514 332
362 388 1094
362 895 414
363 986 208
364 755 1098
365 1012 488
365 615 862
365 1029 182
365 719 699
367 1073 260
368 573 574
368 526 255
369 513 266
370 679 587
370 862 345
370 1151 1177
371 1140 1065
371 428 922
372 570 623
372 1100 440
373 792 600
373 979 373
373 718 365
376 943 365
376 660 1141
376 1015 450
376 911 1191
377 399 1158
378 896 252
379 826 231
379 659 250
379 396 830
379 439 1174
380 708 939
380 390 592
380 732 926
380 1096 444
380 1116 622
382 1108 642
382 821 950
383 876 740
383 655 247
386 481 344
386 886 743
387 1082 1078
387 634 16
388 1124 597
389 925 993
390 1072 736
390 809 332
390 789 161
390 662 197
391 699 569
391 511 104
391 957 22
391 774 158
391 1127 683
393 664 7
393 1031 292
394 777 1131
395 1080 851
395 619 823
396 468 600
397 1185 871
397 623 928
398 1193 545
398 1191 563
401 474 642
401 713 947
401 837 1166
401 1073 757
404 1022 294
404 893 1070
405 879 591
407 561 36
407 885 786
408 1140 1047
409 1035 819
410 465 603
410 1171 734
410 1117 1166
411 589 67
411 430 349
413 798 1145
414 443 1031
415 792 166
417 697 850
417 998 52
417 713 1155
418 549 344
419 1098 1108
419 630 770
420 677 484
421 558 825
422 644 275
424 1170 282
425 705 292
426 802 938
427 824 56
427 809 461
428 899 454
428 1039 1079
429 817 47
429 1013 504
429 830 800
431 1185 532
431 611 117
431 1092 234
431 998 1037
431 574 192
432 888 699
433 782 912
433 983 220
436 1091 1160
439 789 475
440 543 465
441 542 724
442 1146 312
443 786 389
443 970 466
443 943 628
444 945 281
445 688 571
445 937 808
446 792 462
446 1130 973
446 524 637
446 591 663
447 559 316
448 1195 189
448 500 1175
448 729 962
450 678 302
450 951 260
451 688 357
452 875 804
452 629 1106
452 623 224
453 494 774
454 762 141
454 1035 767
454 962 248
457 489 21
457 821 901
458 999 301
459 656 928
460 1010 1067
460 891 549
461 724 76
461 500 137
461 1126 365
463 895 404
465 488 713
465 785 635
466 665 1075
466 677 291
467 761 1152
468 512 879
468 554 617
468 711 905
469 872 609
469 920 240
469 557 323
471 1090 439
472 834 817
472 476 1162
474 798 21
475 1027 541
475 1051 996
477 592 549
477 1155 642
478 1188 129
478 486 1178
480 662 772
481 846 1099
482 838 270
483 700 106
484 1196 777
485 511 81
485 1095 999
486 1130 147
487 1004 653
487 501 772
487 911 556
488 772 96
488 1169 299
489 545 816
489 821 892
490 886 705
491 808 823
491 702 802
492 1153 658
493 872 979
493 877 525
494 834 1003
495 611 1119
495 515 588
496 544 629
496 826 1082
496 1183 1045
497 696 92
497 665 704
500 997 145
500 1104 392
500 764 1147
501 913 985
501 1095 749
501 803 456
501 1177 251
503 717 572
504 851 883
505 768 150
505 952 935
506 748 1172
507 833 509
507 858 688
507 1109 1022
508 972 966
510 1062 163
511 1009 396
514 683 818
515 1044 103
515 1089 416
517 613 1173
518 884 103
518 556 87
518 1005 301
518 917 526
519 584 250
519 632 811
519 647 1071
521 832 170
521 1031 1146
521 984 4
521 1145 105
522 678 961
524 634 644
525 860 585
526 904 860
526 618 234
527 1016 1108
527 1066 551
533 1088 707
533 737 384
533 878 1006
534 845 217
535 1026 241
537 840 492
537 1173 692
538 931 1134
538 1053 209
538 979 182
540 895 967
541 1040 736
541 803 1029
541 552 257
542 1142 226
542 598 508
543 680 578
543 803 476
543 956 249
545 1153 384
545 680 913
545 746 990
545 1016 1038
545 633 661
546 1008 533
548 816 487
548 576 398
549 1144 647
549 919 747
550 1191 278
551 628 562
551 1084 1159
552 983 544
553 623 914
553 1163 87
553 1031 76
554 641 344
556 684 784
557 781 1101
557 942 445
557 591 383
562 794 924
562 691 795
562 798 477
563 743 476
565 960 359
565 1152 994
565 1068 748
566 877 1159
569 704 778
569 1092 1139
570 936 1061
570 1160 227
571 859 786
573 806 566
574 616 676
574 633 471
574 823 921
575 850 286
576 684 336
577 962 274
578 1012 594
578 583 315
579 957 1131
583 1180 1200
587 1031 159
589 684 1160
591 814 445
592 1003 275
593 698 292
594 1017 1111
594 1099 36
595 803 177
596 674 553
596 773 794
596 693 1096
599 643 951
601 752 572
602 977 577
602 1172 1187
602 1087 118
603 848 678
603 1114 1082
604 784 627
605 648 198
605 809 1106
605 913 567
605 914 652
605 888 48
605 1117 783
607 720 47
607 853 373
607 1014 457
608 826 430
608 708 1065
611 632 1022
611 658 31
611 715 241
613 732 791
614 937 343
614 1035 677
614 716 26
615 720 254
615 683 150
618 1055 960
620 949 557
624 752 682
624 840 889
624 818 50
624 843 1150
624 766 142
626 634 709
626 1111 474
627 661 498
628 1067 99
628 996 1151
628 951 280
631 1149 1120
632 1185 838
633 667 301
633 662 304
635 1152 372
636 853 808
637 776 65
638 690 699
639 830 688
639 959 224
640 1160 109
640 921 662
640 1013 449
641 706 384
641 795 494
642 857 264
644 963 320
644 1124 565
645 1167 916
647 713 339
648 1076 795
648 730 520
649 948 1
651 904 314
652 1043 100
652 990 93
653 1084 73
653 695 868
654 915 388
654 1036 1008
654 853 777
655 808 1012
657 838 144
658 1064 394
658 903 11
660 802 980
660 714 183
662 762 391
662 943 331
663 1117 1029
664 716 589
665 685 624
666 1187 952
666 926 99
667 816 1074
668 999 200
668 1098 425
668 669 926
670 728 1158
670 1030 670
671 745 854
671 1005 971
671 981 372
673 1059 412
674 889 907
676 1009 847
677 896 1058
680 962 28
680 1068 1124
680 1011 127
680 1076 126
682 716 1190
683 809 1095
683 1098 1165
683 818 501
683 735 853
684 1150 602
685 988 823
685 876 968
685 862 991
686 1029 791
686 839 253
686 849 502
687 883 763
688 1145 1083
690 1002 730
694 1145 58
695 958 1180
696 1123 1010
696 982 802
697 1003 992
698 1195 134
699 729 1113
700 953 826
701 1177 1137
701 828 216
702 803 689
704 997 870
704 1046 284
704 986 1000
705 989 762
705 725 13
706 971 455
706 1196 447
706 870 736
710 1094 3
711 1012 1099
711 1015 1055
712 921 474
712 1074 390
713 898 997
714 963 960
714 1151 1023
715 810 510
716 948 955
716 1145 766
718 1081 21
718 1174 271
719 1186 1093
719 1083 574
720 732 1085
721 827 427
721 1100 943
722 886 544
723 816 455
724 935 623
725 1197 1064
727 1150 885
727 823 462
728 837 275
728 1030 339
729 1034 993
731 915 175
733 988 278
733 1028 460
737 1179 563
737 911 54
739 1023 330
742 915 630
743 1197 642
744 1107 977
746 1162 625
746 917 549
747 830 410
749 824 876
749 965 1043
751 1085 56
751 1078 34
753 1073 1048
753 855 183
754 1152 419
756 1105 627
762 898 483
763 853 873
764 1019 866
765 1183 1070
766 953 382
767 1075 834
767 805 570
770 1153 448
770 980 1135
772 1173 932
772 990 1143
773 1122 759
774 799 33
776 875 1176
779 1066 520
779 869 391
780 1077 1150
781 1145 457
782 970 473
782 1066 346
784 903 1046
787 1062 290
789 793 846
791 1036 533
793 1065 283
794 1184 704
795 973 178
797 1059 264
798 1190 576
799 1072 1167
804 1177 30
804 875 525
807 1109 1133
808 1125 571
809 1058 396
809 934 1002
809 911 1071
810 853 846
816 951 494
820 1002 127
820 1078 809
823 916 637
823 949 972
825 915 743
826 1186 840
827 1044 516
827 1068 657
830 1008 284
832 843 248
835 880 1008
835 1194 718
835 890 480
836 840 345
836 1147 816
837 1103 348
838 851 153
838 1148 133
839 1002 169
840 1128 835
840 919 699
841 1145 1024
841 959 942
842 1109 758
843 930 537
848 1105 1079
849 911 1030
851 1161 661
851 1150 1101
852 899 866
852 1071 745
856 980 1138
858 881 195
858 1186 919
859 1043 406
862 864 558
867 1158 86
870 1034 397
873 919 400
873 918 990
873 935 1047
875 1097 47
877 1027 51
877 926 503
878 1099 775
879 994 1018
879 966 318
885 984 205
885 1002 137
886 985 673
887 1058 558
888 921 957
893 907 542
894 1144 809
895 963 429
899 909 508
900 1181 556
908 1078 282
908 1039 894
911 1066 1043
911 1035 693
911 1111 709
914 1150 552
915 965 751
915 997 51
916 1138 851
919 1088 697
920 1040 208
925 1157 1178
926 1117 803
928 1066 583
928 1044 818
930 1048 621
932 1084 313
935 955 1070
936 984 166
940 1089 959
940 1130 129
940 963 427
945 1181 804
948 949 722
948 1019 844
949 1021 605
951 1104 936
952 1105 988
953 983 231
957 1149 255
958 1096 981
958 1177 831
958 1123 509
960 967 186
961 977 973
961 1199 982
964 1189 193
964 1015 158
967 1089 362
968 1136 242
968 979 197
968 983 632
970 1060 1120
971 1146 286
974 1065 208
975 994 481
976 1104 301
978 1023 168
979 1022 427
983 1024 959
984 999 953
984 1103 387
989 1104 838
990 1032 364
996 1066 661
997 1001 339
997 1006 470
998 1197 375
999 1113 144
1000 1019 576
1000 1198 1008
1003 1080 1093
1003 1025 1127
1005 1006 490
1009 1074 98
1013 1092 745
1014 1128 72
1016 1041 695
1018 1189 55
1024 1064 521
1026 1149 1085
1033 1082 1059
1036 1156 305
1038 1111 338
1045 1053 1146
1049 1066 341
1051 1111 93
1052 1160 132
1052 1058 621
1053 1188 9
1053 1071 106
1053 1103 975
1053 1083 240
1060 1084 987
1062 1065 1098
1063 1158 1100
1067 1147 595
1070 1162 933
1074 1076 948
1077 1091 1167
1080 1169 788
1082 1158 898
1085 1131 632
1085 1188 303
1085 1125 549
1112 1182 552
1112 1175 126
1117 1151 1112
1121 1178 340
1122 1149 666
1124 1167 75
1132 1171 866
1148 1159 611
1171 1179 297
