0 1492 857
1 1106 339
1 1531 1325
1 1532 741
1 590 334
2 592 388
2 455 530
3 259 778
3 1031 266
4 868 534
5 1594 1076
5 1372 422
5 454 558
5 1455 14
6 31 1039
6 743 115
7 314 1154
7 493 1127
9 132 1523
9 254 1449
10 657 495
10 1107 828
11 1295 378
12 579 1082
12 779 309
12 1574 1044
13 1043 491
13 1284 1587
13 709 471
13 1559 1154
14 261 658
15 128 55
15 1446 1474
15 646 1014
15 1036 688
15 337 570
15 820 1561
16 672 537
16 1428 442
16 157 1084
17 1483 798
18 1361 430
18 642 61
18 660 1032
19 1168 674
19 1011 1466
19 1308 354
19 1435 1156
19 487 172
20 442 1398
21 289 562
21 379 1579
21 1190 330
21 1303 857
22 1264 239
22 279 259
23 420 519
23 1101 1284
23 622 819
24 1089 1487
25 1569 333
25 1405 1215
25 305 98
26 1161 944
26 1146 511
26 427 1182
26 45 396
27 1155 1143
28 306 1263
28 1196 1230
28 549 944
28 487 69
29 608 1531
30 345 636
30 819 1339
30 909 1181
31 88 69
31 1173 61
32 1465 591
32 869 398
32 190 702
34 1592 468
34 694 1402
35 993 351
35 956 1096
36 1560 892
36 393 1484
36 1405 719
36 1086 1035
37 578 398
37 814 950
37 998 56
37 1055 749
38 1355 1143
38 411 704
38 901 1116
39 120 1430
39 273 775
39 1402 1221
39 1410 405
39 1127 631
40 578 233
40 1164 828
41 178 439
41 164 1229
42 1544 1445
42 228 130
43 464 1263
43 624 1474
44 1388 557
44 108 249
45 645 1224
45 543 4
46 328 16
47 900 249
47 1181 1558
48 448 953
48 1433 1510
48 1466 161
48 244 61
48 511 371
49 1349 1043
50 531 453
50 525 693
50 1206 1397
53 508 496
53 909 95
54 616 1411
54 1348 230
54 717 610
54 846 1320
55 600 680
55 1500 1041
56 857 257
56 863 299
57 1263 123
58 496 24
58 932 1530
59 936 505
59 1355 165
59 403 360
60 299 1399
60 205 682
62 1300 658
64 1272 1347
65 444 1306
65 678 476
65 183 1020
66 888 96
67 425 849
67 1402 1409
67 165 1166
68 632 30
68 1331 731
68 1591 1175
69 405 1508
70 666 482
70 1530 1288
71 568 784
72 96 33
72 1376 1174
72 798 305
72 926 737
72 382 606
73 1122 723
74 1144 129
74 153 142
74 869 937
74 1121 511
75 1489 625
75 764 1239
76 640 1327
76 161 832
76 787 995
76 142 655
76 766 772
77 550 1299
78 1280 968
79 313 991
79 498 1152
80 1130 29
81 1123 471
81 1317 1283
81 555 950
81 1389 799
81 1144 1024
81 153 99
82 724 1095
82 324 1595
84 649 282
84 91 1205
84 1188 475
84 1509 305
85 905 1570
85 506 251
85 92 482
86 363 1032
86 868 70
86 598 881
87 1234 202
87 413 1389
88 146 1494
88 852 202
88 757 663
89 489 1448
89 445 1308
90 1160 1219
90 162 996
90 915 633
90 924 1099
90 677 116
91 795 319
92 1041 1306
93 368 1204
93 1186 1028
94 764 327
95 952 342
95 913 958
95 1474 959
97 645 25
98 440 1216
98 787 397
98 742 545
99 184 1352
99 234 1378
99 740 200
100 330 1574
100 451 467
100 276 37
100 1490 1389
100 1071 791
101 1363 1423
101 941 287
102 184 399
103 138 1487
103 723 486
103 1348 936
103 1549 285
104 307 141
104 1365 1379
105 1489 1190
105 814 1538
106 925 99
107 217 1433
108 945 381
109 419 645
109 1231 1356
110 872 256
110 188 1176
110 381 575
111 1511 1586
111 1484 1507
111 241 1518
111 404 1498
111 790 1019
111 1144 651
113 634 1044
113 642 1486
113 131 273
113 1267 455
113 159 1445
114 1016 52
114 120 234
114 572 186
114 751 1246
115 620 1378
115 1059 1471
115 1420 1253
115 789 1285
116 590 1337
117 1418 270
117 931 597
117 715 1042
118 553 1560
118 253 1035
118 1150 1279
119 1116 708
119 1069 1174
119 1005 1013
120 571 596
120 413 549
122 492 441
123 1203 91
124 453 702
124 1247 161
125 537 344
125 1551 1525
126 274 272
126 130 595
126 1418 621
127 706 1475
127 495 1156
128 1385 981
128 1230 752
130 146 925
130 292 1564
131 356 1416
131 967 881
132 449 1307
132 1092 511
132 1349 765
132 1457 1079
132 1567 158
134 1385 1454
134 1418 1357
134 253 339
134 470 1046
134 1465 1399
136 1300 507
137 158 1260
138 705 719
138 486 1359
139 298 1009
139 861 1312
141 952 1262
141 369 1504
142 872 796
142 1371 613
142 863 1113
143 1076 1432
143 966 157
144 153 93
144 542 53
144 1433 1011
145 232 325
145 558 324
145 1375 676
146 326 833
146 1136 376
146 1524 1518
146 1589 732
146 1014 1141
146 218 785
146 319 887
147 275 389
147 271 1355
149 974 695
149 1394 963
149 724 927
149 1591 1440
149 760 1343
149 700 411
150 1394 1319
151 929 850
151 1380 556
152 869 1193
152 751 1529
153 808 668
153 921 705
153 767 1149
154 1265 826
154 282 840
155 274 1287
155 1475 1480
155 351 800
156 1098 1460
156 1338 824
156 1154 1445
157 181 278
157 671 142
158 180 509
158 470 735
160 1367 952
160 1325 1589
160 1447 5
161 1073 1470
161 306 733
161 1454 1003
161 1065 1583
162 259 129
162 1388 22
162 1465 928
162 1407 857
162 639 1447
163 1290 858
164 588 782
164 735 396
165 1056 1419
165 528 1543
166 257 149
166 884 498
167 770 545
167 1415 856
168 888 338
168 362 780
170 1400 611
171 1568 1398
172 1551 9
173 1458 471
173 1077 415
174 672 223
174 638 781
175 592 1054
175 433 1513
175 1323 586
175 488 852
176 890 1017
176 821 632
176 1373 732
176 1477 1095
177 796 549
178 1024 1586
178 1486 182
179 952 1405
179 924 1088
179 798 754
179 231 1470
180 904 407
180 697 1391
180 765 762
181 864 555
181 921 1313
181 1379 826
184 1320 499
184 1446 1470
185 1431 419
186 365 498
186 1383 580
189 480 109
189 293 1501
189 743 354
189 1417 1509
189 428 1475
189 1008 1058
190 1465 1227
190 1389 620
191 329 284
191 1332 653
191 1481 1140
192 931 1204
193 666 854
193 1243 848
194 866 1458
195 969 1231
197 816 902
197 864 664
197 1348 209
197 808 864
199 993 163
199 589 222
200 1488 1167
200 608 296
201 1475 175
202 441 946
203 1108 1231
204 1578 955
204 1501 514
205 1505 1476
205 1482 88
206 318 30
207 496 1396
207 1371 1104
207 471 836
208 600 1147
209 1098 1223
209 1547 47
209 1397 3
210 1137 452
212 1099 127
212 299 922
212 677 1320
213 1352 120
213 753 5
213 427 414
213 596 677
213 781 170
214 634 433
214 812 535
214 509 556
215 1569 855
215 387 468
215 1337 1028
215 447 1509
216 770 778
217 290 891
218 612 1218
218 821 1396
218 1421 1034
219 793 432
219 602 1525
219 438 762
220 888 493
220 1212 238
220 1539 679
220 564 1498
221 792 1328
221 1177 568
222 320 1476
224 1426 929
225 1050 498
225 419 391
225 1247 908
227 1368 1065
227 900 73
228 738 1588
228 397 1575
228 830 971
229 1465 118
229 1506 1424
229 372 834
229 1390 1282
229 1215 878
230 762 210
231 1161 577
231 763 1420
231 683 700
231 235 462
232 933 762
232 1278 383
233 362 582
233 803 42
234 1108 1368
235 1316 645
236 730 897
236 526 281
236 1007 436
237 1543 193
238 889 322
238 834 466
239 809 1346
239 1183 929
240 1584 1059
240 1554 853
240 1380 1481
240 615 1025
241 965 705
241 1350 1445
241 595 60
241 1332 1591
241 1436 43
241 926 1056
242 976 459
242 785 1408
242 730 123
242 1057 1219
243 586 438
243 444 624
243 1570 1566
244 385 694
244 642 1327
244 491 745
244 321 823
245 1040 535
245 1155 423
246 479 540
246 1079 127
248 698 460
248 910 817
249 1468 726
249 1477 514
249 1463 595
250 312 1505
250 1131 206
250 916 530
250 909 906
251 754 382
251 775 819
251 1031 1003
252 1402 1598
253 1208 1502
254 434 1492
254 683 1121
255 1515 1362
255 588 1456
257 349 88
257 1286 104
257 685 1384
258 442 917
259 708 19
260 1313 796
261 540 1507
262 1411 1046
262 399 830
263 599 1279
263 1042 1301
263 626 760
263 661 773
263 759 1469
263 730 70
263 1119 380
265 760 920
266 772 454
266 627 805
266 1564 1077
266 359 430
267 960 179
268 1362 1313
268 603 1172
268 1140 1544
268 1046 50
269 1322 1230
269 789 1095
270 647 567
271 393 28
271 580 943
272 971 1290
273 1491 647
274 804 686
275 1183 486
276 377 1194
276 908 1267
276 1577 1157
276 991 573
277 736 636
277 1356 46
278 843 707
279 696 360
279 1288 784
280 1226 1058
281 955 44
281 637 1041
282 696 1247
282 689 201
282 903 905
283 326 213
283 598 1453
284 362 1428
284 1455 1246
285 936 1325
285 467 1374
285 1420 1444
287 697 1134
287 1467 184
289 1094 659
289 653 213
289 335 795
289 1232 540
289 1071 1158
291 976 1191
291 1235 38
291 1575 747
292 1414 135
293 1187 1580
293 1461 512
295 388 1362
295 1316 441
295 1221 530
295 1134 246
295 1167 1507
296 1058 416
297 724 382
297 526 1154
298 635 35
298 1139 248
298 1519 232
299 824 110
299 1484 64
300 1005 1415
301 442 532
301 1435 924
301 1338 336
302 1107 1248
302 1572 1203
303 1375 930
305 570 1406
305 1591 1054
306 397 129
307 1284 657
307 1541 493
307 653 1287
308 1047 874
309 1547 940
309 628 223
310 1225 729
310 1218 242
312 1073 1578
312 750 1066
313 1464 186
313 1123 436
313 963 521
314 751 100
315 361 245
316 1522 625
316 372 1320
316 1166 1415
317 762 837
317 924 1326
317 1010 1167
317 478 579
317 319 969
318 385 955
318 1491 769
318 899 1108
319 945 1348
320 844 1506
320 1003 442
320 492 88
320 350 1580
320 1324 1212
320 1432 1261
320 857 808
322 747 1332
322 503 1234
323 549 492
324 482 180
325 490 985
325 1037 383
325 846 71
326 905 980
326 851 793
328 790 843
329 1353 1427
329 691 213
329 1374 811
330 1100 469
330 1554 1310
330 498 286
331 503 782
332 1576 51
332 667 1335
332 421 533
334 1344 1428
334 1507 56
334 510 1395
334 1383 843
335 1250 1568
337 599 134
339 1110 218
340 499 90
340 733 615
341 865 659
341 677 1474
342 1448 1148
342 389 472
342 1446 1159
343 706 941
343 495 24
344 608 1372
344 743 1180
345 1594 234
346 1177 964
346 847 1441
347 571 1177
347 490 1245
347 1595 320
347 1188 896
347 1342 1576
348 1536 1515
348 1313 87
348 1106 853
349 1294 1484
350 1058 531
350 1477 1086
350 1448 866
350 820 556
350 1429 261
350 1015 1115
351 672 1573
351 1562 373
352 1105 624
352 530 1052
352 1059 758
352 1100 336
352 1407 1315
353 1593 469
353 413 1503
353 1414 1034
354 384 973
354 1107 932
354 460 1275
354 931 569
355 498 466
355 1015 728
355 1485 945
355 997 256
355 791 586
356 682 301
357 790 821
359 382 488
360 696 1339
360 942 469
360 743 23
362 1590 1266
363 584 1413
363 1036 1283
363 1356 968
364 1505 401
364 429 65
365 840 1321
365 1329 266
365 1555 833
365 804 275
366 1280 956
366 459 720
366 650 1083
366 1259 1584
366 1171 1413
366 474 870
366 987 1506
367 461 179
368 844 223
369 1456 320
369 677 983
370 800 946
370 1218 1221
370 1260 1233
370 558 1102
372 938 1205
374 668 225
375 555 1035
376 1008 993
376 1152 1206
376 891 447
377 1102 241
377 567 1517
379 1280 209
379 1110 515
380 1453 891
380 1078 470
381 1376 1164
381 474 314
383 1235 1445
383 717 32
384 802 316
384 398 495
385 801 476
385 1558 319
385 529 1424
385 886 641
385 603 1212
385 861 1210
387 1579 2
388 977 1382
388 566 715
389 1100 940
392 996 1222
396 705 1372
399 824 360
399 577 926
399 1509 1543
400 440 202
401 627 399
402 458 321
402 1285 447
403 631 1505
403 1271 617
404 904 429
404 1177 935
405 608 1062
405 841 967
405 1080 653
406 1395 25
406 1013 194
406 663 1552
408 1129 590
408 750 183
410 1201 1307
410 661 737
410 1031 1241
411 972 836
411 1594 853
411 1282 496
411 1490 836
412 775 477
413 741 1551
413 837 797
414 847 1031
415 494 1068
416 859 1539
416 899 41
417 1320 343
418 1442 744
418 956 1453
419 1300 1047
419 782 841
420 728 706
420 421 976
421 1548 18
421 483 455
421 1334 144
422 1472 1242
423 1450 1190
423 1100 1131
424 850 1189
424 1062 703
424 1279 1551
426 574 1028
427 1330 1435
427 1093 47
427 927 664
428 1586 283
428 790 373
429 921 1416
429 1293 332
430 1072 1476
430 873 1362
430 485 17
430 983 674
431 1450 1537
431 1539 1404
431 1174 715
432 900 1130
433 1294 299
434 502 349
435 576 1431
435 823 38
436 875 1342
436 927 1424
437 728 1138
437 970 932
437 502 206
437 695 1467
438 1208 304
438 964 882
438 1388 1334
438 654 1087
439 1573 700
440 604 53
440 1534 483
441 726 231
442 1440 222
443 1443 27
443 1277 397
443 486 1375
444 1499 1267
444 668 254
444 819 714
445 667 993
445 484 1354
445 1127 710
446 721 593
447 1395 697
450 1554 1306
450 765 430
450 1278 373
450 1551 36
453 989 1360
454 509 10
456 1015 1335
457 1528 1468
458 1251 1371
459 855 389
460 504 693
460 1380 1600
460 701 845
461 992 312
461 963 1009
462 801 141
462 1171 1405
462 1439 861
464 1098 1458
464 909 164
465 1024 176
466 1502 394
467 1203 1263
467 1011 1238
467 1092 88
468 553 994
468 1354 397
468 575 812
469 1272 943
469 1396 438
469 1582 1538
470 1587 1584
470 979 76
471 621 1398
472 1227 346
472 703 394
473 748 1541
474 1592 588
475 1124 1552
475 1495 522
478 1476 514
479 1568 1574
479 609 447
480 801 695
481 890 724
481 814 930
482 683 1392
482 1262 845
483 1172 1481
484 1281 946
484 706 1191
484 551 1419
485 1409 666
486 1290 536
487 1584 1252
488 529 759
488 692 944
488 1054 780
489 1294 1535
489 990 677
490 780 1352
490 1158 559
491 538 193
491 1059 58
491 1495 111
493 970 125
493 1124 690
493 1470 351
494 624 283
494 1302 944
495 842 1053
496 1226 679
496 884 1053
496 1197 148
497 1547 860
497 1502 1369
498 546 1078
499 907 760
500 536 1428
500 985 1119
501 1273 1408
501 1177 244
502 995 105
502 1204 927
503 1200 1212
503 1193 1177
503 537 154
504 889 892
504 713 797
505 1325 521
505 1086 907
505 525 223
506 641 976
506 841 1497
506 1095 333
507 872 672
507 588 121
508 512 575
508 1147 580
508 660 1329
508 1367 1223
509 609 664
509 870 364
510 1272 562
510 747 229
511 921 133
512 777 1068
512 1347 82
512 707 298
512 1406 1236
513 562 951
513 642 675
515 1590 909
516 1464 1163
516 904 1447
517 648 130
518 1186 1458
519 845 620
519 1223 96
520 562 1587
520 1475 780
521 626 664
521 1004 781
521 982 351
522 1227 952
523 1161 86
526 580 1197
526 793 191
526 647 335
527 567 303
527 1253 1186
527 1295 457
528 1261 1357
529 916 1008
529 695 225
531 1096 1315
532 978 532
532 813 593
532 1101 312
533 1016 149
533 797 1507
533 1190 236
534 728 911
534 1088 926
534 618 983
534 1386 1209
534 1298 896
535 1442 222
536 1464 1168
537 1051 264
537 718 173
539 818 1349
539 1035 294
539 1031 723
540 681 40
542 1098 1054
542 1309 361
542 1526 998
542 1493 498
543 1568 446
544 1483 989
544 1430 69
545 1143 762
546 800 235
546 1097 1363
546 1539 475
546 1111 886
547 1040 1269
547 740 1552
547 1109 23
548 1162 464
548 1396 621
548 1039 1300
550 1397 494
550 1421 13
553 1131 83
553 1035 1173
553 1573 1190
554 1534 53
556 1101 741
556 1134 774
556 942 258
557 682 100
557 1506 1149
558 1575 436
560 696 696
560 1210 269
561 808 378
561 919 995
564 1471 612
565 1357 1316
567 1516 208
568 708 1359
569 940 1124
569 894 35
569 727 1310
570 1552 420
570 1234 860
570 619 31
570 742 946
571 738 1280
571 1006 964
575 962 39
576 1222 681
577 852 1539
578 652 1434
579 1484 432
579 966 763
581 1233 1230
581 1034 877
581 1209 1056
582 772 1079
583 1226 383
583 1252 790
584 716 1402
586 1566 298
587 1571 1133
587 1583 86
588 1012 1403
589 809 249
590 958 945
591 1464 167
591 918 172
594 760 29
594 1305 465
594 1394 1188
594 1331 1148
596 960 1002
596 1598 449
597 790 958
599 1456 1347
599 656 1042
600 729 684
600 1557 288
601 1025 16
601 796 592
603 1164 906
604 1401 14
605 1409 402
605 658 981
606 888 929
608 1185 211
608 1575 967
609 1228 32
610 1431 707
611 1006 974
612 1281 422
612 1460 253
613 1405 1168
613 950 1480
614 955 289
614 1580 533
615 895 161
616 653 1205
617 840 1558
617 1324 410
618 746 1160
618 1348 1000
618 982 998
619 1107 1390
621 1552 831
622 1097 401
622 1359 296
622 1236 1517
622 949 1331
623 1115 417
624 937 1375
624 828 366
624 1003 1078
625 786 1478
625 1093 1402
626 1252 646
626 1508 1455
626 1526 726
627 1080 226
627 677 855
629 1270 391
632 1162 503
634 1027 132
634 879 649
636 847 872
636 1278 1217
636 1503 973
637 1452 104
639 860 1151
639 1551 709
640 1291 441
641 864 674
641 1156 1378
643 1102 1009
644 917 1272
645 1233 1379
647 985 25
647 1419 996
647 1375 1007
648 1393 89
648 1164 562
649 1149 1384
652 1580 16
653 1087 185
653 1055 355
655 1000 935
656 1122 371
656 1390 1091
657 982 969
659 1181 835
659 750 1325
660 696 1180
661 695 665
661 1412 1160
662 1008 322
662 1353 1424
664 1341 535
665 970 127
666 875 1151
666 740 378
667 1224 491
668 854 1523
668 902 1059
669 1322 300
670 1110 159
671 1307 139
671 1382 1509
671 1453 753
672 1027 1565
672 1457 1251
672 1310 954
674 1404 410
674 1301 1200
676 1226 526
677 840 1161
677 1196 307
677 692 792
679 1201 1121
679 1530 1424
679 1598 1093
681 1512 222
682 948 1213
682 1267 134
682 1228 159
684 1550 1036
685 958 1380
686 1469 851
688 1458 910
688 1586 1216
690 883 1459
693 736 939
693 754 1382
693 1004 621
693 1293 1532
696 768 1134
696 1109 408
697 966 215
698 1286 452
699 845 345
699 886 402
700 1279 1135
701 1516 974
701 702 1599
702 1207 408
704 1414 1427
706 1176 473
706 1016 302
708 1438 461
709 1537 626
709 1347 797
709 1158 544
709 1555 591
709 1598 4
710 1158 1206
711 1288 290
712 1008 351
712 947 954
713 808 383
713 812 137
713 1469 865
714 936 1380
714 1389 1556
715 1513 1572
715 1314 78
715 1009 1579
716 732 151
716 911 22
719 1370 165
719 1091 813
720 1469 30
721 1000 305
721 1369 1500
721 1124 920
721 1342 1490
723 1352 1417
723 795 1381
724 1442 1342
724 1399 607
726 862 281
727 906 134
728 1527 716
728 1055 405
729 1285 159
731 1363 179
731 877 1289
732 1387 508
732 1454 546
732 1110 851
733 1161 1059
734 1562 876
734 1211 1529
734 1517 97
735 994 895
735 1357 988
735 849 845
735 1043 1253
735 1022 289
736 1486 122
737 1241 1206
737 1547 1588
738 1074 1103
739 1375 152
740 864 700
740 1287 1523
742 1360 950
743 1325 1038
744 1144 1140
746 1185 241
746 1403 1212
748 899 543
749 885 1482
751 933 6
752 899 244
753 791 80
754 1255 191
754 1455 1449
755 1428 300
756 1072 436
756 1276 282
757 1537 99
757 1563 578
758 1015 722
758 956 1358
758 1270 1206
758 791 583
759 866 457
759 1071 543
759 1578 478
760 1159 1425
760 974 604
760 1129 118
760 1594 14
761 905 100
762 1056 1529
763 859 284
764 1530 1152
764 1444 923
764 1013 348
766 1483 1340
767 1283 920
768 840 932
768 1322 983
768 916 45
768 788 72
769 940 1579
770 1109 191
771 940 1586
772 1353 263
772 1332 29
773 1309 803
774 1560 820
775 818 1332
775 1578 1553
775 1495 574
776 1202 1322
776 1098 502
778 1115 187
781 1280 1532
781 821 679
782 1531 118
782 1396 1407
782 805 895
783 818 375
786 1514 852
786 851 1056
787 1023 1024
788 1402 82
788 932 919
789 1371 1303
789 1253 850
791 1053 88
792 856 1396
792 1280 862
792 1466 636
794 1363 1449
794 1404 786
795 1144 389
795 1049 320
796 1435 520
796 909 1061
796 1301 1382
797 1524 900
797 1374 1115
798 968 635
798 1013 239
800 811 324
801 1276 1238
801 1325 547
802 804 209
803 1498 863
803 986 883
803 1517 1436
805 1577 352
805 1267 1098
806 1536 1012
806 1049 408
806 922 339
810 1342 441
811 920 750
811 1278 568
812 1360 445
813 1154 1489
814 1546 1096
814 1298 570
814 883 925
815 891 1430
815 1023 70
816 1298 1283
817 1210 1461
818 945 140
818 1598 91
819 928 446
819 1338 999
819 1171 848
821 921 1171
821 1383 1107
823 858 712
823 996 1309
823 1266 930
825 1152 536
825 941 429
825 1029 1249
828 894 864
831 834 923
831 1330 911
834 1230 1202
835 1058 785
835 1446 830
836 1473 1527
838 1571 993
840 1434 101
841 848 977
841 938 1013
842 1042 153
842 932 1503
843 875 1346
844 1319 1309
845 1203 323
845 1492 1248
846 1360 1506
846 1426 1572
846 1484 517
847 914 320
848 857 1323
848 1219 349
848 1412 249
848 1006 1349
849 1271 206
852 1573 228
855 1401 149
856 993 1281
856 919 575
856 1342 253
856 1031 397
857 932 37
857 1406 468
858 1378 1166
859 1076 921
860 1058 1105
860 909 346
862 1136 1413
862 1000 1163
862 1502 238
862 1470 1070
863 1013 235
865 897 1034
866 886 710
867 892 1122
867 1548 530
867 1381 1455
867 1486 627
868 1474 1265
868 923 1330
868 1066 115
869 1391 417
870 1228 395
870 1477 1364
870 1151 178
871 1403 163
871 1501 464
872 1209 493
874 1448 1198
878 1138 1107
879 896 1258
879 1169 248
879 965 1325
880 1093 515
883 1160 1455
883 1000 687
883 1303 1405
884 974 616
884 1159 1385
886 945 444
886 1518 635
887 1059 1062
887 947 1549
887 1141 757
889 1098 13
891 1491 1232
892 1433 1349
892 1115 760
892 1062 135
893 1386 328
894 1207 1003
898 1271 1462
900 1087 306
901 1131 897
902 1482 223
903 1166 1502
904 1346 306
904 931 811
904 1014 69
904 1562 1500
906 1211 1184
907 1521 307
909 1330 137
909 1375 964
911 1573 1459
912 928 1312
912 1136 46
912 1126 1196
912 950 483
912 1567 189
914 1136 142
914 1415 1276
916 1034 728
916 1126 1345
918 924 425
918 1068 1012
918 1087 203
920 1320 679
921 1000 1425
923 1352 1576
924 1048 196
925 1075 719
925 1476 361
925 1419 926
926 1246 1221
927 1147 1591
927 1238 5
928 968 56
929 1172 844
930 1259 540
931 997 1327
931 1495 599
934 1022 311
934 1575 796
935 1255 252
936 1499 1
936 1148 219
937 1315 1293
937 1293 707
938 1432 289
940 1482 1455
941 1378 1106
941 1436 175
942 1210 328
943 1443 1471
945 987 1419
947 970 203
947 1043 692
949 1131 1352
952 1186 803
953 1450 309
953 1311 1547
954 1301 795
955 1187 1101
956 1003 1188
957 1117 474
958 1104 678
960 1507 1373
961 1368 1139
963 1000 790
963 1500 656
964 1244 369
965 1273 149
967 1553 626
967 1306 1489
967 1559 1119
968 1325 669
969 1345 1118
970 1383 843
971 1080 1119
972 983 74
973 1090 523
974 1401 937
974 1138 143
976 1200 1024
979 1209 948
980 1136 1575
980 1050 246
980 1414 1098
981 983 155
985 1378 778
987 1111 406
988 1026 841
989 1572 1247
991 1411 275
992 1019 198
992 1444 947
993 1064 786
995 1584 1411
995 1108 698
995 1389 1081
996 1596 104
997 1027 657
998 1589 44
999 1337 808
1001 1121 1584
1008 1290 1277
1008 1137 814
1008 1206 731
1009 1219 1164
1009 1554 1143
1009 1275 426
1010 1259 120
1011 1305 481
1011 1182 504
1012 1341 1309
1012 1191 476
1013 1184 878
1014 1049 525
1014 1510 1543
1015 1352 858
1015 1315 214
1016 1283 277
1016 1295 630
1017 1202 1248
1018 1559 1217
1019 1599 1425
1021 1351 1114
1023 1141 1298
1024 1111 1032
1025 1389 690
1026 1506 586
1026 1030 922
1030 1312 786
1031 1391 1600
1033 1460 1126
1033 1071 540
1036 1433 624
1037 1483 365
1038 1058 1460
1040 1594 48
1040 1526 1112
1041 1187 923
1042 1437 682
1043 1231 865
1044 1159 1330
1045 1496 965
1052 1089 364
1053 1077 855
1053 1111 647
1054 1149 779
1056 1300 1220
1059 1290 96
1061 1553 1457
1062 1350 1475
1063 1495 420
1064 1188 213
1066 1345 1304
1067 1433 807
1067 1194 801
1068 1484 1347
1070 1464 1222
1070 1337 1500
1070 1205 1139
1071 1200 1444
1072 1508 1208
1072 1075 1152
1072 1402 729
1072 1247 858
1073 1347 894
1074 1112 239
1076 1355 1135
1076 1079 866
1077 1228 878
1082 1247 1322
1083 1525 474
1083 1119 1517
1084 1572 1099
1084 1087 772
1085 1411 1364
1085 1159 1108
1087 1276 1595
1089 1312 373
1089 1174 609
1091 1490 431
1094 1370 976
1097 1523 1447
1101 1260 229
1104 1509 1001
1104 1246 771
1106 1233 1103
1107 1200 474
1107 1294 696
1108 1116 1418
1109 1512 448
1109 1218 147
1109 1328 1240
1111 1437 901
1112 1114 1022
1112 1180 1059
1113 1553 916
1114 1244 1541
1115 1437 870
1116 1424 281
1117 1378 474
1118 1429 1593
1120 1309 666
1124 1521 1324
1125 1218 451
1125 1574 743
1127 1342 30
1128 1326 675
1132 1393 1592
1132 1580 1139
1134 1195 558
1135 1280 1409
1135 1152 1446
1135 1374 549
1138 1377 429
1138 1374 1030
1139 1182 1041
1142 1422 53
1144 1492 528
1145 1230 552
1146 1512 1351
1149 1323 27
1150 1161 504
1150 1273 440
1153 1468 1168
1153 1354 1425
1153 1395 1221
1153 1220 1074
1154 1404 139
1154 1318 395
1154 1157 1564
1155 1444 5
1155 1435 1415
1157 1215 1399
1160 1173 936
1161 1572 751
1161 1299 136
1168 1269 1563
1169 1227 1473
1173 1317 798
1174 1387 271
1174 1580 11
1174 1407 1351
1175 1225 1314
1176 1226 1039
1176 1418 703
1179 1309 351
1180 1330 1079
1180 1229 1109
1180 1509 879
1186 1416 422
1186 1301 934
1187 1350 606
1188 1537 343
1188 1479 826
1188 1514 430
1190 1328 1426
1190 1234 1514
1190 1394 1422
1192 1453 277
1193 1407 612
1193 1535 915
1193 1214 319
1194 1550 1089
1195 1544 995
1196 1228 1468
1199 1285 278
1203 1342 609
1205 1281 273
1205 1316 1317
1206 1479 604
1209 1391 39
1213 1359 1505
1215 1521 1038
1216 1586 1036
1219 1488 1385
1220 1273 694
1221 1339 829
1226 1354 380
1229 1517 888
1230 1492 1082
1231 1570 159
1236 1492 865
1237 1407 1047
1239 1467 327
1240 1513 798
1247 1579 1129
1248 1276 1590
1250 1463 921
1251 1374 1221
1254 1345 3
1254 1266 139
1257 1321 1003
1257 1319 44
1262 1581 82
1263 1527 432
1266 1591 771
1268 1523 890
1268 1444 550
1271 1288 487
1274 1280 1296
1275 1400 1392
1275 1366 1111
1278 1474 370
1280 1568 1413
1286 1289 119
1293 1421 1282
1294 1326 1560
1295 1550 531
1295 1335 483
1302 1468 250
1303 1431 982
1304 1538 412
1306 1548 1075
1309 1441 1333
1311 1336 324
1313 1465 279
1313 1460 1283
1314 1457 449
1318 1446 1049
1319 1362 1478
1321 1532 503
1324 1345 164
1325 1368 32
1330 1463 483
1332 1516 824
1332 1380 1032
1333 1519 525
1340 1377 152
1340 1443 1551
1344 1594 395
1345 1394 368
1350 1457 170
1353 1463 636
1354 1480 113
1355 1582 196
1357 1422 636
1358 1447 620
1365 1432 867
1366 1585 1074
1366 1409 869
1367 1399 810
1368 1373 1287
1371 1445 1569
1371 1555 198
1373 1432 393
1375 1483 971
1383 1533 391
1389 1451 862
1391 1561 1339
1391 1499 1220
1391 1477 461
1392 1405 788
1395 1591 1301
1400 1503 696
1406 1586 1156
1416 1438 1228
1423 1555 397
1426 1563 82
1433 1544 1507
1434 1592 1511
1435 1475 899
1436 1592 689
1444 1562 664
1471 1578 943
1474 1574 597
1477 1483 295
1486 1580 392
1489 1509 97
1490 1539 26
1490 1560 1520
1514 1556 40
1516 1528 1349
1553 1567 1220
1583 1589 724
