0 504 9
0 39 9
0 87 7
0 239 1
1 331 6
1 748 7
1 589 2
2 389 8
3 601 6
3 468 4
4 508 6
4 526 2
5 705 1
5 754 5
5 231 9
6 408 2
6 192 2
6 642 7
6 210 2
6 698 9
7 146 5
7 607 8
8 424 5
9 399 6
10 547 8
10 348 9
10 639 3
11 648 6
11 208 5
11 133 8
12 760 10
13 581 5
14 32 3
14 649 10
14 180 8
15 489 3
15 786 8
15 662 9
16 81 8
17 531 9
18 484 8
18 405 6
19 387 2
20 545 5
20 109 2
22 451 4
22 751 7
23 304 5
23 473 5
23 176 6
23 749 2
24 549 10
26 232 9
26 225 3
26 582 6
27 313 4
27 659 9
27 747 9
27 205 6
27 161 7
29 59 3
29 739 9
29 133 1
29 343 3
30 545 9
31 96 7
31 798 10
32 261 7
32 620 3
32 146 3
32 598 3
32 443 6
33 707 10
33 341 10
34 794 4
34 564 1
35 585 4
35 678 4
36 81 3
36 266 3
37 794 9
37 95 7
38 297 9
38 795 5
39 530 7
39 334 6
40 540 1
41 705 2
42 570 5
43 608 5
43 87 10
45 393 10
45 463 7
45 460 4
45 366 8
45 641 7
46 474 8
46 102 3
47 778 2
47 651 5
47 101 5
48 548 7
49 500 7
51 704 5
51 530 8
52 697 4
52 125 8
53 671 7
54 95 5
54 675 9
54 151 8
55 676 8
55 317 2
56 533 6
57 125 3
57 494 9
58 652 8
58 798 4
58 607 9
59 680 6
60 331 3
60 659 1
60 597 5
60 333 2
61 756 4
62 765 10
63 121 2
63 84 7
63 565 2
63 727 2
64 568 3
64 777 4
64 745 2
65 793 4
65 411 10
65 270 7
66 402 1
66 228 9
66 485 3
66 575 5
67 160 7
67 95 4
68 786 4
68 694 4
68 575 2
71 153 10
71 779 9
71 663 10
72 789 3
72 341 2
72 669 9
73 75 6
73 301 6
73 597 1
73 409 1
73 506 9
73 379 3
74 388 2
76 280 4
76 241 1
76 540 8
77 264 5
77 377 5
77 306 3
78 787 3
79 680 2
80 185 9
80 485 9
80 145 1
81 310 5
81 118 10
82 668 6
82 91 1
82 364 8
83 136 6
83 412 5
83 566 5
84 104 6
84 664 5
84 316 8
84 694 7
85 561 3
85 130 4
85 772 6
86 520 8
86 204 8
86 394 3
86 132 8
86 628 2
88 161 9
89 321 9
89 549 8
90 775 10
90 171 9
90 492 10
90 213 6
90 152 7
90 732 4
91 536 5
91 320 8
91 491 2
92 185 8
92 447 9
94 168 7
94 636 7
94 766 1
96 170 5
97 650 7
97 445 5
97 791 8
98 518 8
98 175 5
99 185 4
100 577 3
102 769 7
102 234 10
102 257 1
103 390 2
104 307 3
104 267 1
105 408 9
106 366 3
106 270 6
107 208 10
107 767 8
108 706 8
108 236 2
109 342 1
110 141 2
111 587 8
111 244 1
112 792 9
112 618 4
112 230 2
114 120 7
114 393 9
114 316 9
115 458 6
115 404 3
115 774 8
116 315 4
116 182 9
117 768 9
118 170 10
118 476 1
119 617 3
119 382 2
119 213 9
119 262 1
120 755 7
121 154 9
122 309 4
123 523 8
123 574 2
125 648 4
125 592 2
125 218 5
126 555 4
127 476 4
127 188 9
127 726 9
128 547 6
129 296 10
129 731 9
129 229 3
129 606 6
130 711 2
132 558 2
134 784 4
134 577 10
134 774 9
134 190 1
134 375 6
135 505 3
135 266 5
135 401 1
136 603 5
136 352 5
136 442 7
137 760 2
137 265 6
137 626 6
138 678 8
139 654 8
142 354 2
142 589 3
143 322 3
143 691 8
143 151 6
144 752 10
144 715 9
145 608 7
145 174 3
145 318 9
145 581 1
146 468 4
147 242 8
147 742 1
149 163 1
151 668 4
153 273 6
153 571 5
153 451 9
153 782 3
154 769 1
155 286 5
156 288 2
156 366 3
157 266 2
157 246 7
158 552 4
159 313 5
159 639 5
160 493 4
161 780 9
161 754 7
161 180 9
161 602 5
164 691 6
164 245 6
165 604 4
165 609 5
165 523 2
165 244 8
166 305 9
166 418 5
166 594 10
167 668 4
167 542 10
167 671 4
168 260 6
168 454 2
169 689 2
169 742 9
170 230 7
171 198 6
171 471 7
172 211 1
173 640 1
173 729 5
173 365 7
174 768 3
174 524 1
174 573 3
175 185 2
175 499 9
175 572 2
176 480 6
176 332 2
177 448 1
179 603 4
179 543 7
180 480 1
180 409 5
181 617 3
181 602 2
181 282 8
181 426 6
183 690 7
183 731 3
184 583 6
185 462 5
185 732 8
185 382 1
186 323 10
189 392 8
190 242 3
190 221 6
191 436 7
191 613 6
191 447 4
192 550 5
193 260 2
193 636 5
194 395 7
196 491 7
197 450 3
197 542 4
198 609 5
198 308 9
198 393 7
199 780 7
199 782 4
200 522 1
200 556 9
201 361 5
201 609 9
204 632 3
204 318 9
205 208 5
205 565 6
206 683 1
207 304 8
207 608 8
207 507 9
207 598 4
208 470 1
211 257 3
211 391 4
211 752 4
211 218 10
211 730 9
212 539 4
212 419 9
213 678 2
213 724 10
213 600 2
213 348 10
214 388 2
214 223 3
215 608 5
215 366 1
216 346 6
216 446 3
217 676 4
217 698 8
217 788 10
217 468 8
218 456 2
218 549 9
219 377 5
219 245 7
219 423 10
220 324 9
220 301 1
221 683 2
221 573 6
222 242 3
222 245 4
223 370 2
223 572 8
223 285 10
223 767 7
224 520 9
224 553 3
224 722 4
224 331 7
225 307 6
227 649 1
228 561 5
228 651 4
229 763 10
229 661 10
229 559 2
230 535 4
231 586 1
231 251 1
231 556 4
233 785 4
233 395 7
234 712 5
234 423 4
235 599 8
236 755 6
236 292 1
237 616 8
237 595 7
237 343 10
238 464 4
238 240 7
238 546 8
238 453 6
239 388 9
239 742 8
240 404 4
240 540 4
241 768 7
241 340 7
241 292 8
242 741 3
242 340 6
242 255 7
243 320 2
244 479 8
247 305 4
248 725 7
251 640 5
251 476 6
251 613 8
251 271 6
252 481 9
252 443 2
252 646 2
253 354 2
255 306 10
256 624 6
256 618 4
258 609 1
258 454 6
259 261 6
259 422 10
260 409 1
260 362 6
260 795 6
261 267 3
262 363 1
262 427 8
262 294 10
263 696 2
263 517 9
263 271 5
264 712 7
264 288 5
265 640 10
265 361 3
265 738 8
266 747 7
267 737 3
267 388 10
267 793 7
269 760 3
270 780 9
271 625 4
271 276 3
271 600 8
271 730 2
272 401 10
272 490 3
272 756 8
272 466 7
272 489 3
273 481 5
273 726 7
274 564 10
275 676 10
275 796 6
276 586 9
276 290 8
276 646 6
278 724 5
278 767 10
279 705 3
281 565 2
281 526 4
282 553 3
282 643 10
283 638 6
284 314 10
284 435 8
284 574 9
285 392 5
285 506 3
286 570 6
286 522 8
286 325 4
288 297 2
288 372 4
288 703 1
289 557 3
289 702 6
290 725 7
291 313 4
291 644 5
291 620 10
292 733 9
293 312 1
294 728 6
294 414 1
295 472 8
295 752 7
295 363 5
295 399 2
296 453 5
297 747 8
297 652 4
297 301 1
297 305 3
298 796 8
299 776 3
299 338 10
299 383 3
300 685 8
300 782 2
301 613 10
301 486 6
301 335 7
302 579 6
303 661 1
305 416 3
306 785 9
306 357 10
307 677 9
308 585 9
308 642 2
308 620 1
309 521 6
309 447 4
310 653 10
311 630 10
312 396 8
313 615 8
313 622 9
313 606 6
314 714 5
314 707 8
314 485 5
314 389 10
315 691 6
317 768 5
317 668 10
318 584 8
318 635 7
318 695 3
319 606 2
320 414 5
320 422 5
321 458 5
321 334 8
321 345 6
322 733 9
323 353 3
323 334 2
324 405 5
327 571 10
328 432 7
328 673 9
328 332 5
328 541 6
328 687 5
329 546 2
334 524 6
335 440 5
335 377 4
336 402 10
337 447 6
337 702 5
337 631 9
338 714 5
338 655 10
339 769 4
339 788 10
340 752 1
340 499 2
341 560 10
341 767 9
342 773 10
342 725 3
344 675 10
344 415 4
345 426 1
346 564 9
346 367 6
347 737 10
347 443 1
347 558 4
348 570 1
349 596 9
350 601 8
351 357 8
351 663 9
352 629 3
352 375 2
353 736 1
353 558 8
353 359 5
355 577 9
355 467 9
355 620 4
355 557 9
356 404 5
356 718 1
358 793 4
358 778 8
359 640 4
360 596 10
361 664 8
363 681 4
363 602 1
363 397 8
365 417 5
365 516 9
366 407 8
367 372 2
367 381 10
368 453 5
370 435 2
370 479 4
371 427 1
371 507 3
372 384 7
372 509 9
373 444 3
373 485 10
377 460 4
378 408 8
379 763 9
380 779 10
381 601 9
381 494 9
383 700 6
384 736 3
384 406 3
385 576 2
385 388 4
385 493 6
387 624 2
389 472 7
390 744 4
390 508 10
392 708 2
392 783 10
392 726 6
392 730 5
392 574 4
393 598 7
394 706 4
396 560 2
396 571 10
396 484 5
397 450 3
397 398 5
398 510 3
401 748 1
401 469 3
401 631 4
401 765 8
402 632 5
402 566 6
403 544 3
405 465 7
406 557 9
406 645 4
406 733 1
408 750 10
408 649 10
412 607 9
412 666 8
412 557 1
412 799 8
413 711 10
414 594 1
414 779 1
415 736 6
415 660 3
415 525 4
416 536 2
416 718 5
417 715 4
417 790 10
418 652 5
421 783 2
423 553 1
425 649 5
426 435 1
429 542 9
430 595 4
432 657 2
433 664 10
433 739 3
435 584 7
435 479 1
438 737 3
438 509 5
442 769 3
442 570 9
442 557 7
443 715 8
444 611 2
444 527 5
444 529 8
444 536 6
444 761 9
447 772 9
447 699 4
450 599 10
451 491 4
452 620 8
453 566 4
454 623 9
455 457 7
455 707 3
456 705 1
457 634 3
458 612 6
458 751 8
459 582 5
460 497 1
461 770 7
463 799 10
465 709 3
466 621 3
466 502 7
468 641 2
468 687 3
471 738 1
471 602 10
472 736 7
472 505 10
472 569 8
472 799 5
478 516 1
478 660 7
480 619 3
480 799 5
481 642 7
481 749 7
482 677 1
482 661 1
484 740 4
486 536 3
486 675 10
488 595 5
488 524 2
490 705 8
491 616 2
493 722 1
493 555 9
495 580 2
495 549 8
496 604 4
499 512 6
500 555 9
500 750 9
500 526 1
500 799 6
501 736 6
501 780 7
502 524 6
502 526 6
502 647 4
504 752 4
504 556 9
504 768 3
504 775 6
505 601 1
506 665 2
507 572 9
507 558 4
509 701 6
512 725 8
516 730 6
517 587 1
517 730 7
517 667 3
518 710 5
521 550 2
522 592 6
523 625 3
523 663 9
525 638 10
525 799 3
530 683 2
533 620 10
535 722 7
535 628 9
536 701 4
537 696 9
537 592 9
540 582 9
541 557 1
548 730 4
550 553 10
551 570 3
551 596 2
552 558 8
554 619 10
558 782 6
559 752 5
562 705 9
562 666 3
563 730 10
563 732 3
564 708 1
565 746 6
565 779 1
566 696 1
567 621 5
570 737 10
570 643 5
570 703 8
571 610 5
571 616 3
571 763 5
573 652 2
574 720 7
574 581 2
575 768 1
576 794 5
577 767 5
579 724 3
580 589 8
580 726 1
580 727 4
584 613 10
587 799 4
588 601 5
588 596 9
589 798 1
589 781 4
591 694 10
597 747 10
601 770 8
604 760 2
605 648 6
605 706 5
606 758 10
609 753 5
609 787 4
610 693 4
613 769 3
613 771 5
615 721 2
617 725 4
618 688 5
618 668 8
622 680 3
622 718 7
626 673 8
627 771 5
631 678 8
632 777 4
633 712 4
636 708 10
637 714 8
638 705 3
639 661 3
640 704 1
642 754 2
643 710 4
644 674 2
644 764 10
645 793 10
645 646 9
647 688 7
647 705 6
649 744 1
649 739 2
651 790 7
651 679 2
652 685 3
652 787 6
660 724 9
661 778 10
664 753 2
666 776 2
666 680 4
667 740 5
669 684 8
675 782 6
676 702 7
681 690 6
682 769 3
687 717 1
692 717 8
694 733 9
697 782 2
704 791 5
707 723 2
709 762 6
713 768 8
718 743 7
719 765 10
722 784 10
726 786 7
739 749 7
740 766 7
743 764 2
747 761 7
752 771 1
765 776 4
