0 72 28
0 138 12
1 191 169
1 78 196
1 54 162
1 85 44
2 99 80
2 86 136
3 72 106
3 130 151
4 7 171
4 87 121
5 40 100
7 89 150
7 13 33
8 88 81
8 113 123
8 94 53
9 193 75
9 26 116
9 195 174
9 119 138
10 161 61
10 106 145
10 138 175
11 76 77
12 184 165
12 29 85
13 42 160
13 172 37
14 195 176
14 190 32
15 137 25
16 27 165
16 166 93
16 111 99
17 184 161
17 168 89
17 52 16
17 161 86
18 161 138
18 84 101
19 41 80
20 21 49
20 198 58
21 124 66
21 52 116
22 162 193
22 69 123
22 77 163
23 137 5
23 154 80
23 62 112
23 150 50
23 39 134
24 145 115
25 63 96
27 128 146
28 35 134
29 189 133
30 105 82
30 130 81
30 139 163
30 76 98
30 74 175
31 180 150
31 101 112
32 91 53
32 124 82
32 150 189
33 66 153
35 113 166
35 45 22
36 89 165
36 61 158
37 50 174
37 132 125
37 69 137
37 62 58
37 79 108
39 178 72
39 166 135
40 91 175
41 42 18
41 95 31
42 165 188
44 79 69
45 164 153
47 183 188
47 191 92
48 90 65
49 160 111
49 122 139
49 71 15
50 114 24
51 185 190
51 190 128
52 68 107
52 164 15
52 145 131
53 170 56
54 69 110
54 168 1
54 170 147
54 110 44
54 155 167
55 185 55
55 100 1
55 111 164
56 150 1
57 92 123
58 97 199
58 146 189
58 173 155
59 146 119
59 70 133
59 126 167
61 162 181
62 175 9
63 69 9
63 134 47
64 169 72
66 176 159
66 180 146
68 126 33
69 138 92
71 87 123
72 154 71
72 123 41
72 75 94
76 181 169
76 101 140
77 168 108
78 97 19
78 107 186
79 187 118
79 133 23
80 119 167
82 106 113
82 182 137
83 141 45
83 135 123
85 191 36
85 86 147
85 199 170
86 182 156
87 113 105
87 103 16
87 147 178
88 168 87
88 197 30
89 122 160
90 158 94
90 199 104
91 155 93
91 109 127
92 130 5
92 139 174
93 140 11
93 174 189
94 152 8
94 167 34
95 107 145
96 151 101
98 167 174
100 184 154
100 163 187
101 104 66
101 194 7
101 189 15
102 199 171
103 113 162
103 167 4
103 166 193
103 105 101
104 105 176
104 106 191
106 110 182
107 134 187
107 198 19
108 194 157
108 115 43
108 116 194
109 135 6
110 198 91
111 121 180
112 132 96
112 159 39
113 136 63
114 124 91
114 150 43
116 153 23
117 152 133
118 137 2
118 166 111
119 179 25
119 139 76
120 174 102
122 195 92
123 146 137
123 154 148
124 142 92
125 192 89
125 173 141
126 172 200
130 132 58
130 189 160
132 164 168
134 188 109
134 156 97
135 149 73
137 191 198
138 139 111
142 194 98
144 186 96
144 171 161
146 169 173
146 147 190
147 198 56
147 174 55
147 199 183
149 151 140
150 152 45
150 182 170
150 153 111
151 168 58
152 199 26
152 157 7
153 159 121
162 197 38
163 185 85
165 199 131
167 191 30
169 178 28
175 179 130
180 199 50
181 192 83
186 195 125
188 198 152
188 199 99
