0 563 579
0 764 422
2 733 698
2 311 276
3 48 764
3 673 144
5 484 545
6 353 582
6 42 259
7 353 791
7 146 357
8 555 674
8 443 658
8 132 12
8 493 260
8 382 459
9 97 623
9 520 64
9 466 22
9 181 223
9 694 361
9 62 584
10 633 292
10 351 713
10 703 89
10 17 90
10 55 751
11 799 233
11 491 641
11 389 191
11 295 64
12 383 373
13 698 476
13 509 735
13 53 37
14 496 288
14 112 689
14 793 355
14 775 299
15 485 200
15 558 229
16 412 476
16 474 725
16 723 239
16 556 636
16 487 590
17 753 739
17 61 395
18 27 433
20 551 117
21 161 243
21 229 707
21 71 83
21 137 699
21 115 321
21 604 39
22 99 563
22 606 128
23 665 312
23 721 667
23 215 674
23 534 717
23 607 255
25 77 728
26 409 747
26 662 29
26 487 611
27 710 632
27 44 1
27 77 341
27 432 413
27 62 158
28 489 212
28 538 418
28 33 472
28 623 13
29 590 735
30 640 706
30 363 179
30 508 727
30 677 189
31 624 626
31 645 580
31 375 222
32 476 724
32 492 629
33 249 199
34 640 249
34 712 104
34 594 265
34 587 522
34 794 762
35 40 456
35 65 674
35 694 759
36 328 660
36 755 239
37 372 75
39 473 711
40 624 706
40 372 332
40 486 173
41 121 522
41 500 339
41 644 182
41 189 741
42 257 55
42 139 274
42 61 118
42 790 626
42 733 99
43 728 232
43 346 741
43 606 668
44 91 429
45 83 727
45 126 135
45 471 653
47 360 512
47 392 539
47 267 20
47 163 348
47 203 441
48 688 457
48 647 278
49 236 624
49 285 5
49 223 513
50 613 308
50 646 187
52 481 82
52 500 603
52 303 361
53 625 263
54 492 463
54 380 58
54 191 147
56 571 351
56 795 661
56 135 624
56 721 613
57 726 76
59 767 169
60 379 661
60 519 50
61 191 170
62 723 751
62 787 742
64 211 239
64 68 143
64 614 624
66 641 670
66 562 229
67 257 147
67 674 376
67 751 50
68 538 182
68 684 379
68 778 33
68 541 453
69 339 86
69 716 390
69 245 121
70 265 358
70 572 34
72 186 691
72 268 74
72 749 156
72 463 137
73 189 43
74 376 361
74 535 62
74 515 461
74 159 460
75 416 611
75 697 784
76 322 679
76 420 156
77 548 647
77 712 794
77 332 588
77 560 778
78 515 92
78 388 409
79 224 584
79 795 149
79 499 155
79 110 403
79 655 408
81 416 161
81 792 69
81 325 153
81 430 398
82 97 595
82 310 260
83 443 588
84 476 750
84 740 282
84 167 747
85 209 385
85 365 283
86 112 224
86 651 765
87 296 162
87 433 683
87 113 321
88 577 658
88 413 115
89 232 268
89 568 423
90 244 778
90 260 290
92 243 192
92 221 68
93 608 260
93 429 300
93 573 750
94 228 586
95 617 785
97 209 722
99 368 241
99 464 200
99 328 799
100 204 604
101 752 13
102 508 536
102 518 138
102 383 685
103 331 30
103 638 398
103 763 466
104 185 494
104 254 552
105 535 642
105 181 713
105 655 537
106 654 404
107 354 471
107 786 674
107 541 558
108 730 438
108 486 748
109 590 641
110 250 415
112 652 671
112 367 379
113 657 351
113 721 111
113 428 138
114 465 462
114 758 187
114 253 553
114 726 283
114 559 167
115 617 783
115 676 220
115 441 368
116 544 503
116 499 783
117 378 7
117 260 103
118 497 289
119 767 217
120 224 479
120 634 191
120 723 315
120 292 94
120 165 587
121 466 125
122 530 466
122 243 140
123 697 576
123 260 613
123 446 733
123 151 279
124 528 792
124 603 197
124 237 573
125 744 102
125 503 678
127 283 730
127 619 374
128 286 308
129 393 318
132 248 147
132 508 746
132 717 73
132 289 216
133 140 28
134 392 288
134 796 526
134 262 416
134 671 284
135 187 626
135 308 370
135 631 275
136 532 71
138 587 539
138 523 379
139 384 471
139 331 431
140 200 539
141 425 258
141 658 615
141 423 706
144 498 47
145 448 731
145 192 295
145 502 595
146 792 699
146 194 386
146 301 732
147 628 336
148 444 778
150 730 687
150 429 622
152 505 770
153 650 309
153 374 249
156 463 209
156 487 225
157 289 233
157 373 733
158 403 754
158 597 532
158 662 284
158 503 252
159 234 695
160 764 317
160 454 140
160 743 242
161 631 139
162 624 132
162 190 727
163 724 85
163 278 281
163 454 682
165 280 143
165 514 530
166 688 594
166 357 261
166 557 244
167 328 691
168 605 730
169 425 208
169 579 67
169 605 233
170 616 8
170 403 381
170 594 229
170 590 171
170 240 87
170 498 113
170 339 485
170 734 277
171 361 294
171 460 379
171 694 114
171 540 298
172 606 426
173 594 379
173 395 701
174 661 10
174 424 798
174 597 785
174 269 629
175 192 731
176 440 78
176 681 296
176 371 684
177 372 352
177 639 559
178 240 439
178 211 350
178 300 612
178 750 687
178 510 311
179 632 203
179 666 196
179 292 647
180 433 37
180 302 519
180 279 416
181 533 168
182 251 518
183 792 9
183 737 585
183 451 95
184 314 308
184 197 139
184 559 203
185 200 130
185 765 366
186 251 534
187 584 278
187 202 504
187 228 291
187 342 434
188 379 711
189 533 183
190 628 327
190 738 418
191 483 171
191 612 113
191 462 76
191 562 8
192 544 343
192 753 733
192 551 791
193 471 605
194 218 538
194 757 66
195 713 485
196 473 431
196 399 117
196 671 668
197 392 306
197 384 797
198 786 222
198 211 751
198 349 635
198 438 475
199 223 336
200 392 144
200 588 355
200 402 159
201 322 15
202 598 697
203 627 365
203 476 684
204 217 154
204 517 15
204 535 352
205 558 85
206 539 633
206 580 184
206 589 777
207 501 523
208 668 310
211 703 15
211 295 139
212 536 427
212 405 168
213 243 423
213 246 274
216 742 592
218 345 523
219 676 36
219 461 342
221 753 514
221 658 159
222 282 495
222 667 72
222 324 515
223 355 267
226 254 262
226 798 423
227 776 303
228 746 73
230 272 709
230 627 670
230 500 369
230 566 190
231 290 532
231 627 488
231 588 776
231 758 378
231 422 301
232 416 31
233 396 474
234 330 631
235 262 579
236 497 622
237 454 509
238 514 276
238 668 369
238 431 125
239 689 752
239 761 192
240 472 228
240 781 198
240 678 483
241 792 550
241 283 776
242 540 191
243 435 120
244 610 761
244 653 420
244 798 585
244 253 586
245 393 683
246 652 604
247 515 284
247 326 719
248 332 306
248 686 711
249 482 74
249 276 317
249 717 146
251 425 513
252 457 749
253 277 265
254 666 792
254 647 4
255 420 245
255 347 602
255 364 396
256 531 578
256 717 232
257 779 637
258 648 691
258 706 202
259 650 342
259 270 273
260 641 67
260 302 39
260 274 44
260 408 250
261 785 175
261 407 86
261 495 732
262 788 305
262 702 417
264 538 134
264 797 251
265 441 420
265 635 110
265 629 103
266 747 144
266 764 163
266 366 251
267 425 6
269 663 759
270 333 304
270 494 229
271 504 389
271 552 61
271 692 475
272 405 11
274 334 174
275 647 601
275 660 252
275 565 457
275 758 63
275 719 442
276 704 172
277 566 468
278 749 221
278 295 532
279 638 144
279 423 574
280 419 384
281 345 633
281 589 215
282 647 581
282 343 614
282 412 665
282 702 691
282 735 484
283 356 22
283 403 443
283 334 40
283 595 81
284 306 558
284 365 703
285 397 155
286 747 271
286 612 399
287 750 411
288 699 778
288 340 465
288 405 255
291 540 201
292 771 526
292 326 576
294 561 516
294 612 208
295 502 84
295 554 402
295 723 226
295 475 473
296 448 470
296 619 288
296 427 568
297 652 411
298 483 9
298 405 209
299 624 231
300 442 302
301 568 721
301 559 601
301 692 125
301 735 148
303 728 365
303 313 686
303 314 163
304 668 235
304 567 670
305 621 98
306 391 121
308 445 606
309 713 255
310 422 251
310 615 480
311 617 198
312 731 214
313 439 703
313 421 687
314 648 76
314 399 451
315 696 221
315 541 408
315 549 773
316 480 408
317 665 400
318 619 778
319 490 419
320 632 133
322 594 485
323 725 146
324 510 630
325 697 162
326 737 292
326 487 119
326 594 242
326 761 86
326 764 748
326 639 290
327 354 254
327 683 228
328 504 96
330 474 32
331 348 641
331 588 727
333 688 403
333 680 117
334 346 508
335 736 102
335 734 506
337 528 149
337 787 275
337 675 241
338 597 579
339 609 202
341 624 687
341 487 320
341 693 631
341 733 630
342 375 204
343 635 474
343 419 197
344 667 324
344 406 767
345 421 123
345 494 629
345 511 314
347 766 412
349 690 178
350 547 151
351 700 48
352 455 35
353 691 561
353 443 412
355 736 68
355 449 467
355 580 247
356 538 51
357 635 599
358 671 352
358 431 794
359 751 485
359 591 369
360 655 258
360 700 797
360 557 395
361 713 349
363 449 633
363 514 31
363 479 379
364 593 175
364 687 246
364 769 771
365 785 261
366 444 108
367 633 164
368 714 520
369 453 183
370 442 493
371 392 621
371 770 367
371 797 733
371 510 169
373 379 533
373 509 66
375 563 119
375 622 437
376 499 395
376 678 235
377 514 530
378 578 727
378 708 708
378 693 335
379 459 738
380 505 507
382 474 748
382 668 607
382 522 68
383 518 26
384 648 203
386 610 431
386 605 367
387 740 683
388 770 591
388 687 569
389 599 777
391 730 512
391 788 562
392 779 216
392 754 576
392 502 54
395 702 430
398 785 428
398 405 21
399 422 458
399 718 396
401 659 376
402 669 407
402 589 720
403 746 70
405 522 424
407 478 775
409 425 558
409 588 156
410 568 685
410 719 115
411 705 454
412 506 299
412 518 175
413 464 395
414 564 384
415 573 770
416 435 306
417 537 284
417 669 100
418 776 20
418 668 61
419 784 764
419 739 667
424 744 470
424 708 656
424 757 71
424 797 373
426 496 658
428 776 210
429 557 380
431 602 567
435 598 582
436 541 367
437 742 177
438 605 555
439 508 705
441 713 3
441 623 697
442 610 68
444 517 294
444 565 792
445 553 605
446 603 319
446 517 454
447 698 575
450 560 141
450 785 778
451 466 377
451 477 597
451 789 237
453 659 438
456 624 343
458 770 392
464 610 713
464 621 298
465 741 189
466 503 298
469 486 180
471 634 178
474 580 123
474 780 778
474 567 30
475 754 671
475 667 102
476 591 714
477 547 502
477 543 772
478 549 591
481 554 177
482 490 382
483 515 579
483 778 89
483 568 640
483 504 734
483 697 381
484 765 689
486 680 404
487 713 136
488 625 406
488 503 372
490 799 634
490 581 711
492 554 584
493 729 481
494 712 681
495 645 631
495 685 144
496 668 773
496 629 279
496 742 302
499 602 672
499 643 354
500 796 53
501 754 181
502 536 261
503 685 132
503 660 222
503 630 271
504 663 26
504 765 488
506 784 330
507 650 311
508 535 744
510 689 393
511 579 12
511 533 91
512 674 330
513 727 220
519 561 208
520 597 8
522 529 137
524 665 351
524 763 116
525 562 618
526 778 78
526 780 567
529 556 444
530 571 120
531 712 426
534 613 23
535 597 4
535 607 587
537 652 258
538 636 8
538 572 616
539 715 387
539 671 247
541 676 29
542 602 215
546 618 111
547 615 713
548 646 570
549 776 39
551 735 436
553 602 639
553 735 679
554 669 252
555 556 788
558 631 600
559 609 297
559 629 217
560 771 452
564 749 27
567 789 311
571 601 697
572 653 117
575 651 292
576 602 659
577 765 687
581 748 233
581 586 36
582 690 135
584 676 275
585 784 489
586 693 51
589 736 48
589 635 658
591 597 27
596 745 232
601 605 478
602 704 222
602 723 780
613 750 327
614 689 531
614 790 680
615 773 500
616 733 385
618 759 725
618 621 636
618 666 571
618 749 541
619 650 468
620 770 162
620 644 123
623 760 422
624 698 535
624 666 491
628 643 750
629 723 314
635 701 625
639 737 115
640 766 34
647 769 414
648 747 435
652 797 212
653 744 453
653 759 759
654 770 218
654 679 309
657 722 342
657 718 305
658 745 284
660 761 796
661 700 498
664 697 794
665 751 551
666 704 536
668 780 456
669 714 20
670 771 498
670 699 56
672 784 641
673 768 419
674 694 682
674 783 234
675 778 713
676 715 123
677 681 6
678 748 403
678 793 738
679 723 223
681 711 661
683 798 438
684 710 720
685 718 456
686 785 184
688 718 444
688 726 404
689 769 487
693 772 412
693 773 93
694 700 684
697 724 215
709 792 605
710 733 559
710 711 22
719 740 209
720 742 218
724 743 142
727 756 752
728 785 217
755 766 655
761 791 480
762 790 549
788 796 294
