0 657 292
0 1658 274
1 1493 1484
1 463 1382
2 633 885
4 1473 1
4 131 1160
4 1606 1270
4 1196 643
4 120 763
4 1235 868
4 629 1349
4 1560 341
6 188 1623
6 15 918
7 1513 89
7 1462 190
7 767 136
8 627 1415
8 203 1689
8 739 696
9 658 1157
9 1004 1426
9 845 1378
9 1486 1281
9 1575 179
10 233 1319
10 59 1689
10 844 595
10 547 1647
11 1665 1106
11 903 1656
12 418 365
12 1091 997
12 738 1516
12 798 817
13 1381 839
14 37 503
14 1191 81
14 40 1246
14 186 1591
14 475 1144
14 1178 359
15 616 207
15 712 570
15 691 515
16 108 1098
16 631 1157
17 144 761
17 1106 1145
17 941 132
18 116 972
19 1482 230
19 1469 47
20 136 206
20 1665 193
20 1338 1646
20 1413 143
20 1271 183
21 273 11
21 398 1428
22 361 963
22 316 666
22 677 1570
22 110 1654
23 728 1467
23 913 573
23 1594 975
24 190 1686
26 1600 172
26 1489 1138
27 1075 1181
27 114 661
27 259 979
28 586 1070
28 1693 1501
29 361 1616
30 618 1319
30 1685 499
30 102 1676
31 1160 650
31 1346 165
31 1014 899
31 919 223
33 761 50
34 448 370
34 610 920
34 871 853
35 1150 427
35 663 684
36 1370 1241
37 355 1111
37 1451 779
37 519 1291
38 1633 633
39 107 1212
39 955 1059
39 700 1315
39 1214 1572
39 1206 1328
40 1088 461
41 737 1014
41 606 171
43 173 580
43 846 1520
44 303 822
45 894 555
46 1594 827
46 1268 282
47 608 1262
48 559 1233
48 1483 823
48 1439 1640
48 1070 1660
48 1575 154
49 875 658
50 800 889
50 773 460
50 261 217
52 1290 841
53 473 851
53 307 1156
53 415 863
55 962 1297
55 1123 1059
55 343 412
56 1471 683
56 1287 293
58 1320 974
58 1553 1578
58 668 1529
58 1029 652
58 729 975
59 1585 940
59 995 72
59 909 170
60 700 1120
60 773 1178
60 1502 426
60 1285 126
61 1360 1366
61 1377 1112
61 509 1514
61 1151 867
62 1024 80
62 265 543
62 1332 831
62 1630 199
63 1112 728
63 277 1002
63 1551 950
64 875 358
64 231 689
65 1566 452
65 766 22
66 104 1399
66 140 1184
66 1053 1180
66 301 241
68 1271 1352
68 1453 1079
68 151 814
69 1545 493
69 763 1093
69 325 1098
70 1121 1678
70 127 548
70 1297 580
71 705 1358
71 293 328
71 1319 851
72 496 673
72 1615 745
73 737 991
74 1188 1166
75 1084 1224
75 863 583
76 202 1355
76 662 134
77 1072 1356
77 893 296
79 776 460
79 675 1018
79 1220 346
79 1662 834
80 924 127
80 1189 361
80 751 896
82 1081 479
83 849 943
83 1595 1037
84 1099 939
84 1331 984
85 296 1094
85 789 356
87 1600 285
88 704 325
89 764 1699
89 1212 64
89 887 305
91 1590 632
92 356 284
92 1677 478
93 745 972
94 1491 1602
94 1461 1057
95 297 121
95 591 1269
96 1655 717
97 400 329
97 1124 64
97 750 758
97 607 1484
98 1243 290
100 291 1422
100 998 139
101 489 894
101 1550 364
101 695 677
102 554 440
103 1426 1172
103 1027 232
104 698 1467
104 799 833
105 374 454
105 1023 1144
106 115 977
106 678 974
107 155 1648
107 813 979
108 1639 1347
110 1128 1659
110 551 661
112 1200 1344
112 1090 1327
112 709 436
112 1591 104
113 395 596
113 499 1180
114 673 999
115 787 1202
116 282 1166
116 1402 23
116 846 355
117 386 1422
117 371 759
117 1310 881
118 1155 296
119 671 369
120 867 532
120 301 1228
121 290 1463
122 830 483
123 243 172
123 1669 812
125 1011 156
125 157 1429
125 1381 1297
126 1343 24
126 271 1603
127 314 522
127 596 315
128 1281 982
128 1210 848
129 136 586
129 863 1013
129 341 1690
129 1414 67
129 1671 511
130 1593 364
130 309 728
130 495 1527
131 641 856
132 610 586
132 794 1563
132 1322 1606
133 943 1604
133 1463 958
133 213 1591
133 1070 832
133 1015 478
134 819 1588
134 692 45
134 173 1495
136 511 527
137 521 1477
137 1474 126
138 620 1393
138 203 582
138 636 411
138 286 283
139 440 598
139 337 131
139 347 1378
140 1114 1408
140 178 1082
141 960 1138
141 938 1627
141 1422 1116
143 1259 375
143 1501 1019
144 834 302
145 241 433
146 804 702
146 229 1431
146 1320 775
146 882 1163
146 1493 1009
146 826 1067
146 1533 1435
147 216 1552
147 416 109
147 1031 1522
147 1366 562
147 943 796
148 928 215
149 186 69
149 1564 1692
150 916 816
150 157 1654
151 1233 352
151 1381 1180
151 1190 879
152 961 549
153 926 821
154 1600 294
154 984 1379
154 858 595
154 164 803
155 343 1413
156 361 1600
156 658 112
156 1259 673
157 1106 257
158 702 485
158 934 1457
159 250 113
159 421 759
159 1558 515
160 461 1559
160 983 92
161 1678 269
161 1135 1517
162 1609 397
163 210 1680
164 1108 1235
164 466 1334
164 1502 945
165 281 1215
165 487 1490
165 789 769
165 1159 1591
166 947 950
166 1661 579
167 976 1479
167 1297 339
167 482 253
167 573 1230
167 486 41
168 1532 1586
168 970 1051
168 676 1225
168 1465 1450
168 1281 1362
169 1648 1295
169 1268 1502
169 877 1310
170 792 551
170 1017 206
170 546 1136
170 1517 1550
170 785 806
172 1599 710
173 992 1609
173 1644 76
173 1015 991
173 1047 330
174 688 1601
175 496 737
175 871 1097
176 339 1623
177 311 631
178 616 1528
178 1232 1517
178 438 483
178 1210 1589
178 1503 1381
179 850 1548
179 365 57
179 958 1282
179 645 1528
180 182 1575
181 1254 1377
182 417 569
182 1479 1138
183 801 137
183 402 566
184 1075 743
185 492 1144
185 669 292
186 832 718
187 1300 184
188 1402 755
189 304 428
189 1603 127
189 710 1617
189 511 81
190 809 991
190 194 785
192 743 181
195 1188 636
195 1405 13
196 722 1275
196 643 719
196 756 237
197 427 962
197 1548 119
197 1149 337
197 574 1283
198 698 541
198 467 1195
199 265 1472
199 979 1179
199 329 786
200 1640 724
200 1172 1046
200 1039 47
201 648 1128
201 512 1691
202 446 664
202 605 810
202 838 1210
202 815 637
203 301 1189
203 1073 608
203 820 1045
203 1687 1544
204 358 726
205 1285 532
206 829 135
207 968 196
207 1671 827
207 871 133
208 387 16
208 1118 582
209 555 359
209 1252 1261
209 942 472
210 617 1502
210 426 1659
210 1261 1056
210 466 845
210 887 225
211 582 307
212 1262 1605
213 1026 1533
213 1436 1552
213 757 855
213 1406 520
214 610 1060
214 444 1312
215 281 1173
215 1347 898
215 609 421
216 1070 453
217 816 628
217 1570 1166
217 371 95
217 1380 1628
217 774 734
218 1322 651
218 1230 685
219 920 765
219 898 32
219 595 1104
219 781 705
221 1456 932
221 1139 1397
222 1260 93
223 1578 457
223 1499 1184
225 355 1027
225 1485 1226
225 477 1699
227 824 544
227 605 925
228 491 1227
228 1388 310
229 561 1179
229 821 637
230 1259 1166
230 1534 1129
230 1294 694
232 1217 1666
232 1119 1246
232 1543 1038
233 361 371
233 477 20
234 1432 1212
234 1295 885
235 264 1470
235 546 416
235 467 216
235 1364 410
235 1295 1539
236 1496 1170
236 1668 1404
236 1495 395
237 1177 875
238 1314 957
238 1501 671
239 1000 261
240 1681 150
241 1012 1537
242 402 1074
242 1574 1423
246 1305 1422
246 1643 471
246 454 1631
246 462 264
246 1583 1042
247 742 1543
248 655 1017
249 1084 1389
249 1111 1613
250 1609 1148
250 1154 706
250 655 1529
250 462 794
251 1280 1638
251 1409 1550
251 446 410
251 950 548
251 952 1347
251 828 1518
251 414 89
252 525 1636
253 264 136
253 1363 327
253 1475 779
254 1547 1056
254 676 859
254 854 385
255 870 661
256 1312 956
257 1355 581
259 1152 703
259 1000 1229
259 375 705
259 1361 1118
260 1637 562
260 838 191
261 403 38
261 910 383
261 1414 386
261 375 606
263 1281 1595
263 498 1686
263 276 680
263 1602 1570
263 1013 444
264 1536 759
265 540 625
265 1518 681
266 889 19
266 546 780
266 356 145
266 1574 596
267 322 627
267 387 537
267 1478 953
267 1335 206
268 1411 237
268 365 354
268 1215 875
269 1553 1280
269 1685 1384
269 1359 224
270 1113 904
270 1045 639
270 743 1388
271 335 1235
271 333 1332
271 799 1497
272 395 331
273 481 1501
273 1540 1083
273 1398 1667
274 1144 661
274 1177 545
274 757 1381
275 1496 888
275 1026 682
275 987 1161
276 1569 1115
277 650 1099
278 952 177
278 1522 773
278 1202 225
278 706 457
278 1159 52
279 427 1637
280 1177 1362
280 1141 666
281 1149 120
281 1619 1438
281 1559 406
282 616 827
282 1091 409
283 321 379
283 427 1335
283 852 774
283 1518 579
284 888 1422
284 369 1513
284 1233 1685
284 831 982
284 1143 1073
285 987 526
285 708 407
286 1088 1259
286 586 631
287 1348 1334
288 985 345
288 907 689
289 495 625
290 423 1362
291 1537 1486
291 807 845
291 630 622
291 1127 1080
292 851 1264
292 444 666
292 1655 233
294 780 83
294 389 1057
294 949 610
296 481 1015
296 1178 1587
296 1126 537
297 953 345
298 1683 591
298 1661 372
299 628 1382
299 1309 842
300 732 1556
300 1639 1244
301 1276 729
302 433 1218
302 1012 1464
303 556 713
303 1279 983
304 1408 1190
304 572 1321
304 1045 106
305 342 1147
305 1318 905
305 573 787
306 680 844
307 1448 857
309 808 1692
310 1544 708
310 1541 1012
311 1132 378
312 1442 706
313 449 644
313 1427 99
313 670 1562
313 566 184
313 1535 1205
314 1683 1694
314 1309 1681
314 1214 345
315 1130 136
315 1099 849
316 1464 1466
317 658 874
318 1018 627
319 1563 761
320 1016 864
320 460 716
321 504 967
321 1051 700
321 1523 1365
321 412 326
322 569 968
322 1605 1112
323 1433 392
323 789 384
323 358 1150
323 1437 730
325 1673 549
325 1164 305
326 1497 1224
326 604 95
326 1375 253
327 1060 859
328 1568 1198
328 1580 205
328 862 275
328 1655 457
329 1192 538
329 1095 371
330 1099 1526
331 656 1616
331 865 162
331 626 775
331 1508 75
332 1629 623
332 1302 1149
333 1343 297
333 887 1071
333 1549 703
333 1207 489
334 772 809
334 974 954
335 424 881
335 1122 240
336 483 917
336 1671 215
336 1321 1540
336 1686 373
336 1097 809
336 1240 1353
336 1149 222
337 454 1152
337 1135 768
338 1489 535
338 807 416
338 1271 1601
339 823 191
339 1373 366
339 1557 1557
341 1250 397
342 1581 1196
344 961 1564
344 1556 1320
345 1328 730
345 1232 997
346 1058 1074
346 1699 1118
346 370 874
347 1052 962
347 1510 1196
347 567 607
348 1153 607
349 665 1139
349 362 1318
350 1075 603
350 965 816
350 1510 304
350 495 693
351 618 495
351 892 864
354 1557 1651
355 752 1454
355 1355 608
357 416 446
357 1690 821
357 1459 71
357 1414 254
358 375 127
360 1056 702
360 644 1455
361 683 194
362 1360 1507
362 1085 505
362 428 1693
362 1551 1230
363 1510 1668
364 554 1073
364 752 857
364 1588 1098
364 790 1660
364 1560 757
364 1433 573
365 1186 401
365 1034 198
365 377 683
365 1566 1229
366 824 1430
366 1446 293
366 1543 578
367 745 944
367 815 342
368 1464 38
368 1651 807
369 965 1523
370 1143 226
371 1018 1654
372 777 1259
372 386 498
373 1488 408
373 879 1116
374 1313 1532
374 598 722
374 1033 854
375 1660 82
375 1419 1145
375 1046 492
375 1081 12
375 1404 1121
376 616 266
376 1048 557
377 693 1211
377 823 785
378 544 222
378 1353 1534
378 1476 419
380 488 1628
380 1541 358
381 1458 314
381 1252 1481
382 738 1672
382 907 23
383 1471 911
384 1120 1248
384 1048 1641
384 498 1108
385 528 727
385 513 1136
385 1591 516
386 1489 1623
386 949 1676
386 983 3
388 571 576
392 601 667
392 915 1658
392 1645 831
393 1361 1251
393 1685 1391
393 983 623
394 1319 1519
395 769 1670
395 1002 562
395 1293 174
395 1647 524
397 1379 1061
399 1425 174
399 1351 660
400 724 640
401 1576 1698
403 1311 1396
403 831 1590
403 564 1164
403 1303 88
404 1337 1573
404 803 1450
405 1043 1539
405 693 926
406 771 1234
407 498 1486
407 786 1164
407 958 604
407 558 926
408 1365 135
408 910 911
409 543 1658
410 1097 1613
410 1034 887
412 537 250
412 1380 1415
412 1215 1622
413 1354 920
413 1636 281
413 1359 1440
414 445 414
414 1229 935
418 1507 557
418 1263 1402
419 1163 1615
420 1014 497
421 1688 50
421 1005 545
421 1341 979
422 904 768
423 1282 1281
423 1549 1318
424 1139 1631
424 963 1367
424 1059 712
425 1304 733
425 1429 65
425 430 234
426 1557 368
427 998 277
427 1005 53
427 1310 342
430 817 1203
430 783 87
430 790 224
430 791 251
432 1053 897
433 900 1409
433 1651 81
433 1084 309
433 1653 1026
436 983 1692
437 1152 845
437 730 139
437 835 164
437 1492 394
438 606 741
439 545 1291
439 518 1161
439 1255 672
440 1355 150
441 1372 177
441 542 392
442 988 431
443 1368 1451
443 1367 736
443 574 708
443 1094 370
443 1575 21
445 680 1123
445 651 1451
445 813 1244
448 1048 805
448 834 1458
449 730 699
450 1587 1598
451 1012 1557
452 760 776
452 1671 1352
452 606 525
452 983 1152
454 1440 1608
454 1548 448
454 1581 708
455 1406 1
455 639 268
456 733 1191
456 494 843
456 1423 590
458 1413 1623
459 1155 1674
459 997 1345
459 810 1017
459 494 778
459 1553 783
459 1354 691
460 1148 1213
461 1664 713
462 1250 1539
463 1242 1091
463 1331 399
465 1497 647
465 1550 1057
465 505 288
467 1361 124
468 956 117
470 857 1074
470 549 1000
470 1537 330
471 1579 251
471 1435 1537
472 1129 91
472 1443 89
472 598 382
472 1198 774
472 502 670
473 882 1422
473 1251 1116
474 617 789
474 860 177
475 1544 1222
475 904 13
475 1511 800
477 640 1483
477 1331 945
478 738 1190
478 1269 899
479 1299 354
479 1267 1231
481 1061 914
481 934 1343
482 1451 799
484 1532 134
485 1506 1682
486 881 1440
486 1330 983
486 959 492
487 1633 1339
487 531 988
487 988 99
487 1046 613
488 1297 533
489 910 380
490 629 164
490 887 1065
491 1594 137
491 1450 655
491 1274 1569
491 1575 309
492 1628 680
492 758 641
493 1361 932
493 1387 241
495 700 95
495 677 1142
496 1136 1226
496 1038 892
496 945 365
497 1635 1506
497 1390 1448
497 743 911
498 796 1222
498 1189 573
499 1011 446
499 1333 1459
499 1663 427
500 1481 1173
501 1474 406
502 1643 341
503 1056 1224
503 1588 516
505 721 637
508 1209 1127
509 1507 15
510 940 1330
510 918 1117
511 1510 441
512 1394 854
512 941 1307
513 769 785
513 1595 1014
514 693 1324
516 1168 639
516 714 1330
517 1552 1237
518 907 852
519 1203 811
519 533 1379
521 1010 604
521 1287 213
522 1599 1349
523 555 690
523 1117 481
523 725 1451
524 962 792
525 972 1294
526 561 620
526 1098 783
526 1607 116
526 929 1263
526 1351 188
529 705 948
529 878 1433
529 622 1655
529 693 307
530 1632 9
530 1105 1488
530 1546 198
530 787 92
530 1336 1284
531 1576 72
531 700 25
534 1248 248
534 609 930
534 1282 1552
534 1570 303
535 1681 33
535 1170 967
535 882 1390
536 609 357
536 1075 959
536 1268 456
536 1004 1387
538 1176 368
538 854 1233
539 893 462
541 760 361
541 1003 935
541 1422 373
542 867 1359
543 1490 1184
544 1619 410
544 938 899
545 1158 1581
545 1063 65
547 1433 1365
547 750 1416
548 1412 1308
549 677 367
550 640 947
550 663 283
550 758 500
550 1119 917
551 1338 902
552 727 1304
554 1154 544
554 1246 211
555 838 1554
555 1096 486
555 1455 1232
555 1148 1539
556 1633 1696
556 1537 313
557 1384 12
557 1208 158
558 739 310
559 1353 436
559 1413 728
560 697 1316
560 686 1506
561 969 1510
561 1642 103
561 1302 1364
562 859 491
562 1331 681
562 868 813
563 802 1502
563 943 1642
565 1376 594
567 569 1324
568 860 1066
568 1052 1418
568 974 133
569 1443 1027
569 870 327
570 765 1669
572 1689 1222
572 1158 1602
572 966 562
573 688 203
573 659 1030
573 1659 549
574 1302 692
575 1370 1430
575 1150 877
575 1215 369
576 1633 562
576 1098 1249
577 1449 1018
577 1565 31
578 1408 554
578 1077 205
580 1662 718
581 1072 1240
581 1314 1207
581 1661 921
583 686 1466
584 1425 553
584 1419 616
585 1568 1533
585 795 1334
585 982 309
586 1384 862
586 1584 1090
586 1491 523
586 1017 531
587 1241 536
588 1337 1319
588 1397 398
588 1305 1028
589 1551 1545
590 1573 499
591 1032 508
592 636 1460
595 1564 497
595 693 1137
595 622 280
596 811 1319
597 784 817
598 1123 551
598 891 1384
599 803 372
599 925 953
599 1598 1614
600 1393 150
600 906 1152
600 1027 1113
600 993 1408
601 941 1516
602 713 1234
602 868 450
602 949 33
603 1569 283
603 844 741
605 1067 374
605 811 126
606 649 966
606 1503 1638
607 939 744
608 1526 645
609 1668 1484
610 1345 790
610 1230 1069
610 847 242
611 1345 428
611 667 76
611 1156 1112
611 1265 224
611 703 884
613 1363 1695
613 1341 625
614 1153 1090
615 1529 127
616 1685 913
616 983 565
616 1679 108
617 1167 786
619 1627 152
620 1200 554
620 1017 200
622 1315 295
623 883 770
623 1157 184
624 1122 1103
625 1381 531
626 1433 1124
627 1299 766
628 1324 112
628 909 1400
629 1672 160
629 1212 212
630 633 1513
631 1001 680
631 1397 179
632 856 764
632 1452 60
633 721 713
635 1164 790
636 1435 1118
637 1169 420
637 643 1264
637 1541 1170
637 846 330
638 1061 1698
638 1502 1309
639 840 164
639 1073 747
639 700 550
639 1013 559
640 1512 1005
640 976 668
641 1547 556
641 1379 1587
642 1619 1020
642 651 65
643 747 285
643 1446 1001
644 959 466
646 1461 1372
646 1646 1321
648 1077 1680
651 1183 510
652 1424 1167
652 1214 1112
653 1573 1519
653 1334 915
653 1215 1248
656 1058 555
656 786 1328
656 676 1022
656 1698 1607
657 1193 228
657 1023 954
659 954 1455
659 1631 1503
661 1544 1395
664 1322 741
665 1623 1470
665 1244 50
665 1447 662
666 1449 1563
666 1388 1193
668 868 135
668 778 1682
669 1120 1114
669 1475 670
669 1630 94
669 1561 72
670 1074 466
671 1610 437
671 1407 1506
673 780 670
675 813 1219
676 1074 1341
677 1281 857
677 1053 263
679 1056 377
679 820 892
681 1639 130
682 1080 1411
682 734 1631
683 1514 626
683 1639 1625
684 1082 875
684 1579 57
686 1387 1634
688 1376 1085
688 799 666
689 1544 579
689 1108 1400
689 1493 1305
689 789 576
690 1614 1019
691 760 555
692 1530 308
692 859 1230
692 1462 1381
693 1209 948
694 1436 1656
694 1038 1106
696 1645 1129
697 993 1471
697 1221 761
697 1096 746
697 808 1694
697 1265 412
698 1668 18
698 1448 312
698 1354 350
698 920 462
699 1199 842
700 973 800
700 1342 334
701 1324 307
701 1549 986
702 1076 1092
703 903 1350
704 1634 1220
704 1556 677
706 1424 26
706 1030 1071
706 1311 1143
707 1448 685
707 1217 209
707 1411 1656
708 1376 1000
709 1680 223
709 1108 916
709 1407 1535
711 1042 1200
712 1546 1403
713 1272 884
713 1686 205
713 1054 1464
714 788 1513
716 1281 1557
719 856 999
720 1056 1615
720 1514 1194
721 1001 114
722 1584 83
722 1572 222
724 1249 99
725 1214 267
725 935 1687
726 1276 37
726 1228 1615
726 1615 1261
727 1568 597
727 1350 856
727 976 693
727 1176 903
727 1340 1431
728 1381 1487
728 1310 345
729 1309 104
732 842 711
732 1685 531
734 1397 678
735 952 949
735 801 194
735 1084 67
738 1105 437
738 1125 884
739 996 1126
739 1446 175
740 1249 1183
740 1035 1397
741 1366 1204
741 1295 1644
742 1536 1591
742 1445 549
742 1462 1222
743 1570 287
743 1302 1615
745 1533 436
745 829 45
746 1385 1425
746 1323 837
747 1314 798
748 1490 308
749 1361 1534
750 1051 1166
750 1402 1669
752 1050 403
752 1371 800
753 1160 1234
753 1164 511
753 871 78
755 1312 385
756 1365 222
757 1068 1652
760 1403 1550
761 1637 254
762 804 1183
763 1481 1159
763 1589 788
764 1515 952
764 1467 290
765 970 193
765 1301 888
766 1296 114
766 1489 512
768 1648 1542
768 1626 169
769 1534 458
770 1656 1216
770 1614 1137
771 954 569
772 1005 617
772 877 473
773 1645 212
774 850 1350
775 1070 968
777 932 158
777 1357 784
778 1408 203
778 1658 1162
782 1255 706
783 1428 370
784 1067 159
784 1507 420
785 859 511
786 1557 1213
787 1293 1655
788 849 111
791 1540 1509
791 927 1585
792 1370 1458
793 1571 1057
794 1606 313
794 1214 695
796 1026 797
796 1118 370
797 1322 657
798 1576 158
798 1051 947
798 1187 806
799 1409 919
799 1356 1613
799 1053 505
800 1051 1517
800 1611 239
801 1388 160
802 1338 153
802 861 1135
805 1456 361
807 1453 293
807 1526 1490
808 1569 875
808 1598 1568
810 917 182
811 968 115
811 1002 1086
811 1485 1086
811 1112 636
811 1598 380
812 1209 1285
812 971 370
812 1081 237
817 1510 687
817 1463 314
819 1232 940
819 955 1021
820 1136 1253
821 1087 796
822 925 875
824 1128 1094
824 1322 728
825 952 1104
825 1090 242
827 1584 1696
827 912 44
828 937 749
828 1516 726
828 965 1628
829 1435 668
829 1254 1385
829 1659 643
829 1180 832
830 1340 259
830 934 1485
831 1177 1117
831 1467 390
832 1305 792
833 1423 250
834 873 1524
834 1694 413
834 1422 706
837 1653 1124
838 1463 1324
839 1070 1067
840 1303 1575
840 1221 51
841 1674 1255
842 1674 1674
842 939 744
842 1213 49
842 1019 1044
843 1658 1543
843 1354 1230
844 846 1051
844 1586 1140
844 1431 1643
844 1341 1599
846 1122 387
846 1419 953
846 1301 1700
847 1097 1361
847 1482 48
848 1154 119
850 945 498
850 1333 694
850 1221 96
851 1066 193
852 1514 192
852 1365 1444
853 1506 520
853 996 383
853 1006 254
853 1040 700
853 1554 1612
853 1491 1532
853 1655 1359
855 874 1186
856 1609 62
856 1687 831
856 1599 442
858 1611 1005
859 1436 742
859 1524 1699
860 975 49
861 1172 789
861 909 848
862 1406 1342
863 1552 927
864 1349 1062
864 1134 79
865 1462 230
866 1294 1325
867 871 272
868 1224 712
869 1672 557
869 1575 1248
870 1217 511
872 961 906
873 1161 1537
875 923 1674
875 941 1639
876 1112 1504
877 1063 54
878 1628 490
878 1668 208
880 1556 868
882 1634 813
883 1683 1432
884 1208 1171
885 977 1378
885 1698 186
886 1552 101
887 1139 485
887 1374 1558
888 1416 325
888 1153 844
888 1611 640
889 939 1018
890 1367 282
891 1565 504
892 1330 542
892 925 1582
893 1472 345
898 1066 1624
898 1061 1098
899 1095 1572
900 1239 981
901 1527 502
904 1265 1381
906 1494 576
906 1566 948
906 1158 1324
907 1236 233
908 1075 133
909 1632 59
909 1485 178
909 951 1036
909 1116 229
910 1150 19
910 1207 1548
911 1478 945
913 1020 283
914 1109 1603
915 1456 185
915 1160 1154
915 1242 955
916 958 481
918 1062 66
918 935 1313
919 1472 80
920 977 1492
921 1146 512
921 1204 1041
921 1031 971
922 1011 175
925 1059 259
925 1036 774
925 1147 156
928 1094 838
930 1672 54
930 1392 176
930 1222 1419
931 1597 273
932 1496 1171
933 993 103
933 951 313
935 1177 256
936 959 28
936 1494 18
936 1255 895
937 1365 57
937 950 417
938 1599 961
943 1128 995
944 1672 815
945 1280 151
945 1027 506
945 1180 1341
945 1087 689
946 1339 273
949 1650 545
949 1150 502
950 1157 954
952 1620 783
952 1246 362
953 1299 669
954 1582 1317
955 1414 113
955 1190 839
955 1262 517
955 1519 1683
955 1042 646
958 1477 1530
961 1105 810
962 1211 1172
963 1600 1328
963 1354 1369
964 1110 924
965 1094 1158
965 1543 400
965 1040 633
965 1075 571
967 1242 1151
967 1156 1493
968 1173 199
970 981 1105
971 1516 262
972 1026 272
972 1611 110
973 1520 766
973 1078 269
974 1548 1094
975 1439 1007
977 1549 1227
978 1222 259
978 1614 983
979 1523 1375
980 1522 152
980 1259 321
981 1385 1595
982 1245 1095
982 1189 1159
984 1120 266
984 1010 1468
984 1444 1419
984 1661 731
988 1431 451
989 1036 556
989 1213 1480
992 1243 364
992 1373 1361
992 1678 742
993 1172 224
994 1224 1135
994 1307 634
994 1060 1474
994 1261 1342
995 1636 1647
995 1252 158
996 1366 1592
997 1261 359
999 1437 1162
1000 1623 941
1003 1009 179
1006 1467 827
1007 1696 186
1007 1370 1385
1009 1432 861
1009 1189 1220
1010 1297 1360
1012 1239 1596
1012 1562 161
1012 1019 650
1013 1051 1476
1014 1615 136
1017 1439 170
1017 1335 204
1019 1370 1245
1019 1389 350
1019 1171 852
1020 1219 1272
1020 1293 1025
1020 1591 586
1020 1405 217
1020 1311 1334
1025 1480 159
1025 1244 180
1028 1484 25
1028 1173 80
1028 1159 1073
1029 1546 1103
1031 1530 1643
1032 1248 1244
1032 1189 181
1032 1691 1353
1032 1469 956
1032 1278 807
1033 1571 262
1034 1451 769
1038 1560 1078
1038 1462 609
1040 1049 492
1040 1134 327
1041 1349 572
1045 1256 1432
1046 1519 985
1049 1314 816
1049 1423 1384
1051 1542 203
1051 1423 473
1052 1250 105
1053 1577 627
1056 1061 1490
1058 1195 1629
1058 1283 1152
1058 1549 1344
1059 1445 739
1060 1587 283
1060 1150 1489
1062 1265 340
1063 1427 48
1065 1620 591
1067 1680 961
1068 1218 716
1068 1191 676
1070 1238 980
1070 1630 1074
1071 1391 443
1072 1431 1102
1073 1186 1480
1074 1090 1208
1077 1524 729
1079 1229 875
1080 1350 1511
1080 1302 927
1081 1263 415
1083 1432 1139
1083 1272 1195
1083 1215 1688
1084 1443 698
1085 1238 1182
1089 1445 1109
1089 1118 1241
1090 1549 1539
1092 1347 353
1093 1133 520
1095 1477 1114
1095 1319 487
1096 1205 559
1100 1574 871
1101 1589 1631
1101 1133 654
1102 1154 1016
1104 1673 988
1105 1670 1079
1106 1125 1
1107 1497 366
1111 1691 144
1113 1682 1183
1113 1494 822
1117 1408 1435
1118 1620 1387
1119 1432 703
1120 1610 823
1122 1560 946
1125 1611 841
1126 1217 1021
1127 1683 1354
1128 1348 686
1128 1255 1401
1130 1422 1034
1130 1211 1556
1130 1374 143
1133 1496 122
1133 1318 932
1133 1383 1124
1134 1376 1395
1134 1530 804
1134 1521 1157
1136 1632 1635
1136 1525 68
1139 1373 1453
1140 1241 23
1141 1389 1608
1142 1329 171
1142 1690 891
1145 1290 675
1145 1307 1199
1146 1385 459
1147 1454 1050
1149 1264 791
1155 1688 554
1156 1597 1212
1156 1279 813
1157 1572 897
1158 1256 1251
1158 1570 227
1159 1407 1112
1162 1190 211
1162 1662 685
1162 1311 469
1163 1657 1042
1163 1391 672
1163 1343 514
1164 1372 335
1164 1335 105
1165 1583 873
1167 1210 996
1168 1675 1422
1168 1551 159
1169 1371 1541
1170 1246 1146
1171 1454 848
1172 1382 1243
1173 1686 517
1177 1265 666
1178 1449 1690
1181 1197 1150
1183 1468 1617
1183 1391 1446
1186 1428 1420
1187 1346 1413
1191 1208 149
1193 1201 1083
1197 1537 1595
1197 1203 1247
1197 1349 536
1198 1624 828
1200 1442 69
1200 1364 46
1201 1483 343
1202 1289 1519
1203 1656 1542
1203 1247 25
1204 1269 840
1207 1437 896
1207 1509 461
1207 1695 1524
1209 1437 878
1210 1457 617
1211 1644 726
1211 1421 481
1214 1426 517
1214 1523 1023
1220 1362 1504
1221 1552 828
1221 1523 685
1224 1276 1312
1225 1465 566
1225 1332 329
1228 1343 361
1229 1616 312
1231 1315 417
1232 1385 1021
1233 1286 252
1234 1241 1538
1235 1633 678
1235 1322 144
1235 1300 928
1237 1379 504
1239 1394 1243
1245 1631 886
1247 1541 184
1248 1320 459
1248 1547 468
1248 1671 1221
1249 1396 981
1250 1666 1589
1256 1426 1416
1256 1427 744
1261 1487 1570
1262 1407 560
1264 1360 716
1269 1566 162
1271 1549 457
1274 1309 1274
1278 1552 1153
1280 1439 815
1281 1331 1223
1283 1455 1188
1286 1468 1451
1286 1565 1696
1288 1546 1120
1288 1686 1587
1290 1427 465
1292 1553 647
1292 1354 1128
1295 1410 918
1296 1357 1267
1299 1673 168
1300 1471 1097
1301 1479 1123
1303 1316 539
1305 1657 190
1306 1365 76
1307 1493 22
1309 1667 1096
1309 1466 366
1310 1636 1613
1311 1412 1158
1312 1583 793
1315 1524 167
1317 1408 1036
1317 1336 1640
1317 1604 315
1321 1621 166
1323 1463 491
1324 1382 476
1326 1376 116
1327 1542 1129
1333 1373 557
1335 1551 95
1339 1588 1460
1339 1421 164
1340 1441 1155
1340 1679 751
1341 1425 1062
1341 1609 686
1345 1368 1043
1348 1377 726
1351 1361 1170
1353 1448 251
1355 1537 1566
1355 1398 1653
1356 1417 1204
1359 1427 934
1362 1433 187
1366 1559 555
1366 1565 1064
1369 1482 889
1369 1436 1104
1375 1592 827
1380 1601 571
1380 1451 1360
1384 1406 344
1390 1650 1087
1391 1603 1144
1397 1691 573
1398 1620 562
1402 1622 343
1402 1463 1170
1406 1585 561
1409 1588 1143
1412 1432 1253
1415 1519 945
1417 1571 895
1417 1630 708
1423 1520 65
1425 1563 329
1425 1638 1374
1426 1565 1164
1426 1446 428
1430 1582 1061
1436 1553 819
1437 1511 637
1437 1699 194
1438 1662 988
1444 1479 1656
1447 1686 288
1451 1622 55
1453 1562 49
1454 1626 967
1456 1670 594
1457 1672 188
1459 1474 677
1461 1516 361
1464 1477 1664
1465 1558 249
1466 1627 1582
1468 1651 98
1471 1678 292
1473 1505 478
1474 1618 1431
1478 1633 1109
1485 1578 68
1490 1652 453
1490 1538 310
1491 1573 110
1496 1546 1369
1500 1540 900
1503 1571 1662
1504 1570 222
1505 1522 556
1510 1679 1099
1512 1568 1067
1512 1679 258
1516 1549 1305
1517 1584 1066
1518 1600 1665
1519 1663 1623
1525 1649 1399
1528 1533 9
1530 1611 366
1532 1647 553
1535 1682 179
1537 1627 842
1565 1652 46
1583 1621 845
1594 1685 811
1598 1698 568
1599 1676 301
1614 1619 1042
1650 1684 353
1653 1693 318
1664 1695 987
1681 1685 362
