1 100 8
1 87 7
2 140 9
2 156 5
3 16 1
3 100 1
3 31 9
4 115 10
4 139 3
5 65 4
5 196 6
5 45 7
5 158 9
6 56 4
7 144 8
7 137 6
7 84 4
7 108 1
7 121 8
9 19 3
9 174 8
9 55 8
10 169 6
10 37 8
10 23 5
13 98 6
13 63 8
13 15 5
14 176 3
14 20 7
14 31 10
15 67 10
15 101 6
16 82 4
16 86 8
17 116 4
17 37 1
17 87 10
18 165 4
18 63 2
20 186 8
20 157 6
20 162 3
21 192 8
21 41 5
21 67 4
21 134 4
21 63 5
22 87 1
22 39 1
23 145 8
23 83 8
23 44 7
23 79 8
24 112 4
24 194 6
24 37 8
25 184 1
25 52 10
26 185 1
26 58 3
26 30 7
27 191 6
28 122 10
28 180 10
28 62 10
30 197 10
30 55 1
31 96 6
31 140 10
31 176 8
31 188 8
32 124 10
32 103 4
34 152 3
34 142 10
35 192 3
35 84 1
35 61 2
38 93 6
38 46 2
40 105 7
40 92 2
40 102 9
41 159 4
42 154 10
42 94 3
43 65 9
43 170 1
43 143 2
45 165 2
46 171 10
46 108 5
47 185 6
47 172 4
48 185 1
48 109 1
48 65 1
49 192 5
50 120 6
50 82 4
50 199 2
52 122 5
53 162 6
53 70 8
54 58 10
54 84 9
55 115 1
55 133 6
55 170 4
55 147 10
55 125 7
56 150 10
57 117 1
57 190 7
58 59 9
58 182 7
59 109 7
60 129 1
60 188 10
60 198 3
60 127 1
61 84 5
61 81 4
61 180 2
61 166 5
62 161 1
63 194 7
63 133 3
64 196 4
64 118 2
65 197 3
65 70 10
66 111 10
67 168 8
68 151 1
69 192 1
69 141 3
69 125 10
70 94 9
71 151 2
71 173 9
71 119 8
72 99 9
73 136 9
73 82 4
73 107 5
73 181 6
74 161 6
74 135 3
75 167 5
76 93 7
77 152 6
78 178 7
79 184 10
80 191 1
81 129 7
81 84 7
82 187 2
82 146 9
82 169 2
82 155 10
83 175 8
85 131 5
86 171 7
87 186 10
87 118 1
89 129 9
90 103 6
91 194 1
91 156 1
92 109 9
93 168 8
93 162 3
94 197 9
94 167 4
95 158 6
96 174 1
98 169 6
98 113 2
99 124 9
99 173 7
100 167 10
101 166 1
101 199 1
101 111 4
101 148 6
101 125 7
102 175 7
104 186 5
105 124 7
105 135 4
106 120 9
107 120 4
107 124 9
108 182 10
109 133 4
109 142 5
110 129 4
112 134 7
112 167 3
113 115 4
115 160 10
115 172 2
115 173 8
115 122 7
116 119 7
117 130 3
117 159 2
119 120 10
119 167 9
121 162 9
122 149 10
124 186 8
124 154 10
126 178 8
126 135 5
128 131 6
131 173 10
135 142 4
136 173 10
139 168 5
141 195 7
143 163 10
146 157 10
146 150 2
148 167 3
149 174 10
152 161 1
153 187 9
155 185 1
155 183 5
159 174 4
162 192 1
166 197 7
175 187 2
176 193 4
178 196 1
178 198 1
181 198 4
