0 1249 9
1 526 6
3 1499 9
3 1229 8
4 540 5
4 1325 8
5 379 10
7 1081 2
7 666 5
8 387 9
8 1573 10
8 30 7
8 1591 9
9 883 5
10 1353 10
11 1305 8
11 18 6
12 1696 4
12 426 4
12 507 9
13 584 8
13 934 5
13 55 8
14 834 4
14 403 4
14 414 7
15 626 7
16 146 10
16 1135 10
17 578 6
17 1093 3
17 487 8
18 1403 8
18 662 1
19 864 2
20 1521 10
20 452 6
21 1216 4
22 368 8
23 593 4
23 194 7
23 37 8
23 70 8
23 1297 7
24 952 9
24 1513 3
25 951 4
25 996 7
25 365 5
25 975 3
25 967 1
26 646 4
26 671 7
27 1390 5
28 563 3
28 259 1
29 741 1
29 680 2
29 728 3
29 1527 9
29 504 5
29 283 6
29 1596 5
30 178 3
31 1485 1
32 1242 4
33 993 5
34 608 10
34 347 2
34 1238 5
35 1136 7
35 945 5
35 1338 8
35 663 10
36 42 8
36 718 6
37 585 3
37 624 2
37 945 1
37 1107 1
37 1368 3
37 1308 6
38 715 5
38 174 2
39 432 9
39 145 10
39 1246 1
40 877 4
40 1179 6
40 1564 5
40 1301 5
40 1117 4
41 833 2
41 676 8
41 1406 1
41 1550 7
42 1225 9
42 1033 7
43 81 9
45 807 5
45 1578 10
45 979 3
45 1231 6
46 238 4
46 862 4
46 1671 6
47 713 6
48 184 5
48 122 9
48 1627 1
48 1678 1
48 542 6
49 874 8
49 1467 9
49 1215 6
50 228 5
51 1461 8
51 1639 8
52 1547 10
52 1143 5
52 319 8
52 508 9
52 167 8
53 1488 10
53 259 10
54 1442 9
54 659 8
54 964 2
54 1549 4
54 1078 1
55 835 1
56 1646 7
57 1498 5
57 919 7
58 1488 4
58 1544 8
58 164 2
58 527 5
59 500 10
60 1381 2
60 551 5
60 241 7
60 1395 8
60 532 9
60 663 9
60 989 5
61 797 10
62 496 8
62 1348 3
62 1268 9
62 1094 9
62 439 3
64 812 3
65 284 3
67 361 9
67 986 3
67 1493 10
67 791 9
68 864 5
69 1565 8
69 518 8
70 657 5
70 162 10
70 149 5
70 1678 7
71 72 7
71 1356 7
71 374 7
72 102 9
74 840 4
74 232 5
74 1172 8
75 1504 1
75 1513 5
75 684 8
75 575 3
76 1000 6
76 1435 4
77 1240 5
78 1161 4
78 279 6
78 1209 9
79 258 2
79 707 8
79 174 1
79 739 4
80 143 8
81 623 8
81 1229 10
81 1206 9
81 719 4
82 1145 4
82 1206 5
83 1322 5
83 197 10
83 159 6
84 481 2
84 1170 3
84 1427 5
84 1525 4
85 420 2
86 1608 8
86 621 3
87 147 10
88 232 9
88 1058 2
89 961 4
89 1214 6
90 599 8
91 676 4
91 165 5
92 1113 6
92 663 5
93 508 6
94 1035 3
94 169 10
94 387 6
94 1637 8
95 1464 6
95 958 3
95 1207 5
96 1208 7
96 1484 10
96 1156 1
96 365 8
96 1328 5
97 444 5
97 754 8
97 1596 2
98 293 4
99 1229 9
99 1109 9
100 818 9
101 1315 6
101 1243 6
101 647 7
102 1202 5
102 686 8
103 980 2
103 645 6
104 1378 5
104 156 10
104 683 1
104 1340 6
104 474 6
104 1692 7
105 162 8
105 1157 5
106 821 7
106 1119 9
107 1696 4
107 1121 9
107 515 1
108 1424 10
108 697 1
108 627 8
109 144 2
109 1122 5
109 602 2
110 236 6
110 614 1
111 1683 5
112 1519 3
113 1672 2
113 1594 7
113 1011 5
113 1407 4
114 1305 6
114 979 1
114 1237 3
117 545 3
117 310 1
118 1517 6
119 361 9
119 886 8
119 767 4
120 440 8
121 301 4
121 693 3
122 1347 9
122 137 7
122 820 2
122 1334 5
122 796 7
123 482 2
123 618 2
123 669 7
123 641 5
124 1511 10
125 1131 3
126 1108 7
127 232 6
129 1050 9
129 1028 1
129 805 6
129 902 1
130 320 3
130 575 5
132 891 4
133 489 3
133 611 10
133 1444 7
134 784 4
134 241 5
134 1191 1
135 455 7
136 785 3
136 1558 3
137 1234 7
137 718 5
138 1305 6
138 358 7
139 306 7
139 1163 9
140 761 10
140 723 1
140 191 7
141 1026 1
141 645 8
141 1034 1
141 687 9
141 1076 4
141 1221 10
142 496 5
142 770 5
142 1130 4
142 446 6
142 495 5
143 1618 2
144 1339 1
145 337 9
145 1059 6
145 934 1
145 1686 10
146 869 8
147 450 4
148 973 2
149 1039 7
151 732 3
151 1266 5
151 228 7
152 1043 9
152 548 1
152 1301 2
152 1675 3
152 422 4
153 1361 9
154 356 7
154 1172 5
155 984 5
155 621 3
157 1120 9
157 769 1
157 1030 6
159 203 3
160 1608 8
160 1068 4
160 533 7
160 1359 5
162 1473 10
162 464 4
162 659 10
162 469 2
163 1387 2
164 1392 5
164 937 8
164 606 5
164 959 9
165 826 10
166 858 10
166 919 3
167 1512 6
167 1684 3
167 638 1
167 646 1
168 1169 8
169 1587 3
169 179 8
169 229 7
169 1695 4
170 1555 7
170 1654 2
170 894 2
170 647 2
171 1241 7
172 1536 1
172 770 2
172 1060 9
172 989 3
172 1183 9
173 1579 1
173 479 1
174 865 5
175 897 6
175 1422 1
175 724 1
175 1077 2
175 1563 8
175 253 3
176 417 9
176 1323 5
176 1421 6
177 1646 2
178 712 3
178 804 9
178 407 1
179 280 9
179 1152 4
179 445 6
179 1665 7
180 1664 8
180 409 6
181 1434 2
181 811 3
181 1111 3
182 1312 5
182 1628 1
183 439 9
186 681 4
186 389 4
188 1539 1
189 584 7
189 484 2
190 1281 9
192 1424 6
192 1226 5
192 204 8
192 1295 9
193 1358 2
194 416 6
195 1570 7
196 1339 8
196 1021 7
196 1109 9
197 1402 9
197 902 8
198 605 9
198 806 7
198 519 10
199 1488 7
199 200 1
199 588 2
199 255 4
200 648 10
200 1335 4
201 392 9
201 536 3
201 602 7
201 1405 10
201 405 2
202 1521 4
203 1113 3
204 689 8
204 1196 9
204 481 8
205 922 8
205 1214 10
206 786 4
206 1404 9
207 1672 8
207 880 5
207 530 5
207 772 10
207 597 6
208 425 7
208 1196 3
208 737 6
209 740 3
210 321 2
210 276 2
210 805 1
210 238 10
210 1657 2
211 295 6
211 1130 2
211 623 6
211 1489 8
211 1362 10
211 318 3
212 801 3
213 791 6
214 966 7
214 1583 1
215 573 3
216 396 8
216 1310 7
217 825 4
217 246 9
218 1570 6
218 1595 4
218 844 8
219 703 4
220 1490 8
221 675 8
222 260 3
223 1337 1
223 1090 2
223 718 1
224 1081 6
224 265 10
224 1495 7
225 1592 7
225 784 3
225 1315 8
227 716 4
228 1075 1
228 1668 8
228 317 8
229 538 6
229 1566 6
229 1183 4
230 637 6
231 1340 7
232 1256 7
232 537 2
232 540 4
233 1446 2
235 833 4
235 1053 5
235 919 3
236 1633 8
236 938 2
237 810 8
238 974 1
238 1270 8
238 343 6
238 565 9
239 341 3
239 903 6
240 1080 6
240 745 10
240 804 2
241 537 9
241 1258 9
242 728 7
242 1470 10
242 1231 7
243 360 2
243 662 10
243 590 6
243 935 1
244 285 8
244 1245 7
244 991 7
245 1628 2
245 1625 5
245 724 7
245 1078 5
246 266 2
246 740 9
246 260 5
247 849 4
247 1329 8
248 437 4
248 718 7
248 1470 2
248 1551 1
249 960 10
249 1119 3
250 259 4
250 1149 1
250 551 6
251 1304 7
251 1636 8
251 526 10
252 466 5
252 700 6
252 1519 4
253 1630 10
254 678 5
255 1056 6
255 476 10
256 330 5
256 284 8
256 654 2
257 1617 1
257 858 8
257 1606 8
257 1469 5
257 574 9
258 344 1
259 1238 9
259 1303 8
260 579 7
260 1479 4
260 1385 3
260 365 7
260 399 6
261 774 9
263 1156 9
263 530 3
263 1170 9
263 1491 1
263 951 2
263 1444 4
263 1375 1
264 1176 7
264 1490 8
265 1293 4
265 1005 5
266 321 8
266 1102 6
267 659 3
268 1456 7
268 1416 1
268 1130 10
268 717 3
269 488 9
269 788 10
269 445 2
270 1458 4
270 741 6
270 1607 9
271 1497 4
272 1642 2
273 617 3
273 725 4
273 1534 4
275 721 4
275 844 3
275 725 7
275 750 3
276 1461 8
276 1591 7
277 1609 9
277 602 3
277 443 7
277 1594 1
277 462 9
278 460 9
278 429 8
279 818 4
279 893 8
280 920 6
280 1269 9
280 1111 5
281 1644 1
282 1662 7
283 472 6
283 554 6
284 377 9
284 690 6
284 1525 10
285 1184 10
286 1282 9
287 1088 5
289 923 4
289 533 5
290 1692 4
290 487 6
292 896 8
292 1514 9
292 967 2
293 826 7
294 675 9
295 487 4
296 868 10
296 1487 1
297 820 5
297 674 10
297 1100 10
297 1285 1
298 1362 8
300 1209 10
300 890 3
300 316 6
300 1030 9
301 1153 6
301 399 9
301 809 4
302 1408 9
302 1201 7
302 484 9
302 1629 1
303 1420 8
304 870 6
305 704 5
305 461 1
306 915 5
307 1480 5
307 716 8
309 397 10
309 1214 10
310 1560 4
311 1478 3
312 649 7
312 1083 2
312 1635 9
312 873 6
313 564 3
313 684 8
313 1391 4
314 523 3
314 660 7
315 1522 3
316 938 6
318 803 1
318 410 5
318 451 7
318 847 5
319 1126 2
320 986 4
320 395 4
320 1186 2
321 957 3
321 806 6
321 423 1
322 1162 3
322 852 6
322 615 3
323 557 8
323 934 7
324 401 10
325 936 3
325 385 6
326 784 10
326 1237 5
327 777 2
327 821 2
328 639 3
329 1530 4
329 356 4
329 855 2
330 875 2
330 1518 3
330 451 9
331 527 2
331 988 5
331 749 3
331 477 9
332 570 6
332 1039 10
333 1581 6
333 710 8
336 499 1
336 429 2
336 1343 10
337 683 9
337 485 4
337 1377 7
338 1041 1
338 1338 5
339 1568 8
339 547 3
341 507 2
343 635 3
343 821 3
344 384 8
344 1458 2
345 476 6
346 1394 10
346 579 2
346 1076 4
346 806 8
346 1487 6
347 779 6
347 1530 3
348 833 1
348 919 6
348 1537 8
348 1319 10
349 961 9
349 842 4
349 797 9
349 917 2
350 516 9
351 881 3
351 1034 6
352 502 2
352 655 2
353 963 4
353 1453 2
354 1349 2
355 1157 8
355 1150 3
356 993 2
356 1508 1
356 424 2
356 460 8
356 1206 1
357 1408 1
357 1171 7
357 1343 6
359 1645 2
360 840 7
360 1016 8
360 878 7
361 1677 7
361 654 5
361 1239 6
361 1564 8
362 896 10
363 1486 7
365 795 9
366 814 3
367 1571 10
368 920 5
368 523 5
368 1532 5
369 1170 5
369 1620 4
369 1390 4
370 1418 4
370 1602 6
371 1265 2
371 1333 6
371 1142 9
371 989 6
373 1522 6
373 827 8
373 702 10
373 1159 3
374 1271 6
374 1428 5
375 1220 8
378 630 2
379 571 4
379 862 4
379 1023 10
380 440 9
380 1464 7
380 1032 10
380 816 3
381 417 4
381 1523 2
381 389 3
382 408 7
382 1099 7
382 767 5
383 1097 3
383 1229 6
383 1065 2
384 1121 3
384 430 5
384 623 8
384 886 10
384 1690 3
384 1647 8
385 1276 2
385 398 1
386 809 3
387 1401 4
387 1541 1
388 595 10
389 668 10
390 553 4
390 739 7
390 1285 1
391 1179 3
391 637 2
393 434 1
393 1683 8
394 1424 7
394 913 6
394 870 7
394 535 3
395 1569 3
395 1084 3
396 1029 10
396 455 9
397 1413 5
397 1428 6
397 476 9
397 1671 9
398 1046 6
398 1055 7
399 942 2
400 1082 7
401 1184 10
401 557 10
403 696 3
403 1124 4
403 891 9
403 628 5
404 1030 7
404 719 9
405 504 2
405 1049 7
405 1595 5
405 923 10
406 1648 3
406 721 5
406 1323 7
407 592 1
407 1209 4
407 501 7
407 1698 9
408 811 1
409 1048 2
410 710 2
410 940 10
410 1093 1
411 1388 6
411 598 9
412 1383 6
413 530 5
414 1676 1
415 1320 3
415 1465 1
416 1406 2
417 1546 9
417 638 8
417 1039 4
420 1560 9
420 1090 7
420 1581 10
422 1480 5
422 1672 7
422 1668 8
423 584 9
425 626 1
426 454 5
427 472 4
428 856 10
428 769 10
428 1018 1
428 709 10
428 1606 8
429 1421 2
430 858 2
430 1668 9
430 538 2
431 1588 8
431 684 1
431 1524 10
432 995 10
432 1545 5
432 1674 10
432 667 7
432 1023 1
433 1286 4
435 1328 5
435 635 9
436 1098 8
437 836 2
438 856 10
438 657 2
439 711 6
439 1172 4
439 926 3
439 1274 2
440 513 1
440 1300 5
440 1244 10
441 1392 9
446 1493 1
447 794 6
447 812 2
447 858 4
447 1550 2
448 1616 5
448 1447 9
449 1368 5
449 1353 4
449 811 6
450 1496 4
450 948 4
451 620 9
452 858 7
452 1317 6
452 591 9
453 1480 1
453 1610 6
454 1262 5
455 1326 7
456 1113 4
456 858 5
457 1568 7
457 1627 6
458 675 6
458 1436 9
459 705 3
459 988 3
460 1421 10
460 645 9
460 1519 7
461 1557 10
461 905 3
462 499 5
462 1390 5
463 528 9
463 921 6
463 1042 6
463 783 5
464 1168 10
464 1032 3
464 1563 4
464 1434 7
465 734 2
465 1367 8
466 528 4
466 1258 7
466 1347 9
467 1024 4
468 1442 4
468 1423 4
468 1183 9
469 940 1
469 1286 6
470 1465 1
470 1299 7
470 974 2
470 1559 6
472 1032 8
473 1017 2
474 1365 1
475 1467 1
475 987 9
476 1263 2
477 724 5
479 779 7
479 655 8
480 1042 4
480 1053 7
481 1158 7
481 1631 8
482 1249 10
482 1518 1
482 1551 7
484 895 10
485 499 3
485 1558 7
485 1391 3
486 1229 9
488 789 2
491 1324 5
491 1403 3
491 1052 3
491 1237 9
492 1516 7
492 1692 7
492 638 3
492 1358 2
493 824 6
493 985 6
494 1536 4
494 1173 3
495 592 5
495 1398 7
496 1452 7
496 498 3
496 942 2
496 730 4
497 1662 4
498 816 3
498 901 10
499 546 2
500 714 1
500 1419 1
502 917 2
502 877 3
502 1637 5
504 1450 6
504 1652 6
505 1086 2
506 544 9
506 755 7
506 774 6
507 1093 3
509 529 9
510 775 3
511 1692 5
511 724 9
512 1592 2
513 890 2
513 859 1
513 1366 10
514 1171 8
515 1301 2
516 1088 7
516 1620 6
517 1617 1
517 738 9
517 780 1
517 1213 2
517 710 8
518 1093 9
518 742 1
519 1357 3
520 1465 6
520 1013 6
520 983 2
522 1675 3
522 590 1
523 624 7
523 1554 1
523 1608 1
524 878 8
526 1136 2
526 1534 6
527 1411 4
527 1639 3
529 864 1
530 1333 5
532 1609 2
534 817 1
534 580 10
534 1121 5
535 837 4
536 935 1
537 1056 2
540 573 3
541 1465 2
541 1573 7
541 655 7
542 1172 4
543 1386 5
544 1164 8
544 1661 7
545 1176 6
546 849 7
546 668 4
546 1628 5
547 1659 1
548 675 7
550 820 6
550 975 10
552 638 3
552 606 1
554 655 5
555 797 6
555 1165 9
556 1421 6
556 1379 6
556 773 4
556 991 4
556 829 8
557 1692 9
557 590 6
558 985 10
558 812 8
558 1678 3
558 1207 10
559 1035 10
559 1179 4
559 668 4
559 909 10
561 936 5
563 1124 6
563 1354 6
563 1452 3
566 1304 4
567 1609 4
567 1279 9
567 839 7
568 1020 7
568 951 10
569 632 1
569 849 7
569 1138 10
569 856 3
569 1335 7
570 1296 4
570 615 2
571 1450 6
572 1115 2
573 1192 6
573 1018 10
573 586 1
574 1086 8
575 1150 6
576 851 3
576 1165 8
577 1665 3
578 961 10
578 623 4
579 1224 6
579 587 1
584 1155 7
584 677 3
586 733 5
586 1215 6
587 967 4
588 632 9
588 935 5
589 938 6
589 866 3
591 1449 1
591 754 6
591 1149 1
591 1535 6
592 1558 4
595 1248 1
595 937 9
595 1203 9
595 772 8
596 725 3
596 854 9
596 805 4
598 1546 10
598 819 2
599 618 4
599 997 5
599 1206 9
599 1149 6
600 1589 10
601 1544 2
601 943 2
602 1344 9
602 1601 10
602 1252 10
602 1453 1
602 912 9
602 1406 8
603 1189 8
604 1512 5
604 1650 6
604 1138 7
605 1561 7
606 1672 8
607 650 4
607 1603 3
607 1261 2
608 1115 6
608 1196 10
609 746 2
609 1006 8
610 910 9
611 920 2
611 1117 1
614 1523 3
614 853 2
616 1090 3
616 899 2
616 634 8
620 640 8
620 1278 7
621 958 7
622 1315 1
622 979 8
624 940 5
625 772 10
626 1486 10
627 960 8
627 1678 6
628 909 1
628 1470 2
629 1480 6
632 800 9
632 1052 8
633 1684 6
633 1461 6
634 1530 6
634 758 2
635 771 6
637 952 2
640 1039 8
640 1607 2
641 1117 5
642 1599 6
643 1410 7
644 1023 8
645 922 3
645 1375 9
646 1188 4
646 1165 9
646 1621 3
647 689 8
648 1120 7
648 1660 8
648 1038 1
648 881 8
649 875 10
653 850 1
654 1327 9
655 1342 1
656 1194 6
656 998 9
658 1094 1
658 1077 9
658 1558 6
660 1333 7
661 1291 4
662 731 3
662 1476 6
663 709 1
664 699 6
664 1231 6
665 1680 4
665 1540 10
666 1488 4
667 1447 8
668 1248 10
668 1398 7
668 1277 3
669 1683 8
669 1445 5
670 1680 10
670 1069 1
671 699 8
671 1114 8
671 1270 1
671 1006 2
672 809 1
672 910 9
672 1638 4
673 1289 10
673 956 5
673 745 7
674 1088 3
675 1094 10
675 1291 7
675 752 2
675 1527 2
675 1594 10
676 1514 8
678 1099 6
679 1582 6
680 1495 5
683 1314 10
684 1191 1
686 804 3
687 688 5
687 724 6
687 1101 2
688 1582 3
689 1458 2
689 1220 8
690 914 7
690 1219 3
691 1369 4
695 1455 5
696 1310 5
698 1208 8
699 1664 2
699 847 5
699 857 10
699 991 5
701 1371 9
701 1188 4
702 986 6
702 767 1
703 1617 5
704 1502 10
705 1058 9
705 1667 5
708 1134 6
709 1378 6
710 1598 6
712 1575 10
712 1495 2
713 824 5
713 996 1
714 1510 2
715 879 7
719 1581 10
723 844 6
723 1372 7
723 911 6
724 1288 7
724 1458 9
726 1364 7
726 829 10
728 1675 2
729 1521 10
729 1531 10
730 1208 8
730 1203 2
732 1001 6
732 1506 8
732 987 5
732 868 3
733 952 3
735 857 4
735 1668 2
735 861 2
736 1089 4
736 1157 6
737 810 5
737 1663 8
738 752 1
738 1149 4
740 1608 7
740 1204 10
740 1629 3
742 1584 2
742 1286 2
743 1024 7
743 756 8
743 818 5
743 1404 5
745 1524 1
746 1434 3
746 1647 1
749 1288 7
750 1684 5
751 1371 2
752 1194 5
754 1589 2
756 882 9
756 867 7
757 1266 2
758 1553 9
758 1692 2
759 1306 9
759 1221 9
760 1649 10
760 1037 1
760 1438 8
760 1433 9
761 1144 2
761 1320 4
763 1319 3
764 1321 6
765 1185 4
765 1291 3
767 940 2
769 985 10
770 888 4
771 1408 1
772 1682 4
773 939 10
774 1181 7
778 810 5
778 947 2
778 1394 1
779 931 10
779 796 1
779 813 10
780 1661 10
781 1089 5
781 1162 4
781 1573 8
782 968 4
782 1505 6
783 1462 10
783 1670 8
785 1665 6
785 1330 2
789 811 10
789 1613 8
790 1010 4
790 1166 7
790 814 9
791 1577 3
791 1044 10
793 1002 7
794 1378 3
794 1485 10
794 854 10
795 911 3
796 818 4
797 1062 4
797 1254 3
797 1488 4
797 1139 9
797 858 4
798 1489 7
798 873 8
799 1364 10
800 910 6
800 1431 10
801 875 7
801 1053 10
803 1262 1
803 1031 9
804 810 4
805 1459 7
805 1613 9
806 1165 10
806 869 3
807 889 7
808 1674 7
808 915 6
808 924 3
809 1607 1
810 1556 7
811 982 3
811 1341 6
812 1583 7
812 1639 4
813 839 4
813 1513 3
813 1164 2
813 1391 10
813 1660 2
815 942 10
816 1656 6
816 842 8
818 1470 3
819 1299 1
820 1101 9
820 1072 1
820 1649 5
820 1366 7
821 1088 7
821 1545 10
821 1657 5
822 835 4
822 830 9
823 1354 3
823 940 3
823 1021 6
823 1263 10
824 1082 6
824 860 4
826 1165 7
828 1040 8
828 1441 9
828 1155 5
829 969 10
829 934 9
830 1088 3
831 1642 3
831 1054 9
832 1464 4
832 925 1
833 1083 3
838 1071 9
840 1417 4
840 1523 2
841 946 6
841 851 9
841 1362 5
842 1447 3
842 1183 2
844 1393 7
844 897 3
846 1257 7
847 1397 3
847 1221 5
847 1263 10
848 1520 9
848 1685 9
848 1038 1
849 1661 6
850 1106 7
852 970 7
853 1122 9
855 1370 9
856 1392 8
857 905 2
858 1327 9
859 1086 4
860 1393 3
860 1441 3
860 951 8
861 1300 8
861 981 4
862 1253 3
863 952 5
863 1503 6
866 993 1
867 1370 9
867 1587 8
868 1470 8
868 1575 4
869 1512 1
869 1622 8
869 1478 7
870 1592 1
870 1322 4
871 1509 9
873 1666 10
873 1123 8
873 1250 3
874 1514 8
876 1553 1
876 1091 5
877 1466 9
877 1509 8
878 1412 9
878 1686 6
880 1288 5
880 1107 5
882 1116 5
882 1623 6
884 1156 8
884 1370 8
884 1036 4
885 1262 10
886 1266 7
886 1139 8
886 933 1
889 1123 9
889 1351 4
890 1504 7
890 1073 2
890 1699 8
891 1440 7
891 1665 3
893 1120 6
893 1395 7
893 1247 10
895 1072 9
895 1553 4
896 1226 7
896 1373 5
897 982 8
897 950 8
900 1611 6
901 1437 5
906 933 2
907 1344 7
907 1008 10
908 1316 3
908 1125 2
909 1130 1
909 1030 4
910 1451 7
912 1424 4
912 953 7
912 1171 10
912 1455 10
914 971 4
914 1508 3
916 1524 7
917 1294 1
918 1137 7
921 1521 1
921 1363 10
923 1603 1
926 1598 2
927 1618 7
928 1437 2
930 1478 5
932 1154 6
933 1246 6
934 962 6
935 976 9
936 1603 5
936 1171 7
936 1647 6
937 1473 1
937 1491 5
937 1605 6
939 1372 7
939 1524 5
939 1637 1
941 1122 3
942 1049 5
942 1162 3
943 1329 2
943 1695 7
945 1587 9
945 1381 8
946 1697 2
946 1261 5
947 1422 5
950 1024 1
953 987 2
954 1347 9
955 1412 3
956 1410 4
956 1381 3
959 1581 1
960 1664 6
960 1563 8
962 1143 8
964 1363 6
964 1559 5
965 1370 4
965 1222 1
965 1630 10
966 1477 6
966 1054 10
968 1046 8
968 1365 1
969 1048 4
969 1052 10
969 1621 3
969 1063 8
970 1256 5
970 1526 6
970 1422 4
972 1399 3
973 1649 6
973 1253 10
974 1136 6
974 1064 2
977 989 8
977 1423 7
978 1362 5
978 1479 6
979 1098 9
979 1330 9
980 1386 4
982 1473 3
983 1385 2
983 990 5
984 1072 1
984 1080 4
985 1637 2
986 1198 4
986 1490 4
986 1563 9
987 1158 4
989 1306 7
990 1370 1
990 1150 3
992 1233 9
994 1168 8
994 1590 5
995 1143 1
996 1578 6
997 1490 3
998 1308 2
1001 1302 9
1001 1183 5
1004 1044 2
1007 1554 4
1009 1594 5
1009 1598 5
1010 1513 4
1012 1600 10
1012 1054 7
1013 1682 10
1014 1518 2
1015 1273 3
1017 1204 3
1018 1522 9
1021 1515 2
1021 1246 5
1023 1280 2
1023 1542 1
1027 1293 4
1028 1130 1
1030 1508 6
1030 1458 8
1030 1141 8
1031 1694 9
1032 1467 5
1033 1424 4
1033 1267 8
1033 1543 9
1034 1335 8
1035 1133 1
1038 1200 8
1040 1222 9
1041 1049 2
1041 1130 4
1042 1559 3
1042 1123 3
1044 1273 9
1045 1398 4
1049 1685 6
1051 1060 10
1052 1371 7
1053 1535 9
1054 1669 2
1054 1456 9
1054 1649 1
1055 1660 2
1057 1202 9
1057 1477 2
1058 1290 5
1058 1387 1
1064 1270 1
1065 1362 5
1066 1208 4
1067 1304 1
1067 1457 7
1069 1392 2
1072 1098 5
1072 1228 10
1072 1246 2
1073 1343 6
1076 1692 5
1076 1190 7
1077 1564 5
1078 1385 4
1079 1694 4
1081 1330 7
1081 1431 10
1081 1685 6
1084 1235 7
1084 1142 2
1087 1208 1
1087 1387 10
1087 1093 4
1089 1132 5
1090 1650 3
1091 1501 4
1093 1521 6
1094 1688 7
1094 1607 7
1096 1582 2
1097 1098 9
1098 1644 3
1098 1214 8
1102 1562 1
1102 1222 7
1104 1390 3
1105 1158 10
1106 1366 9
1107 1407 4
1109 1688 1
1109 1679 6
1110 1333 2
1111 1315 1
1112 1212 9
1113 1448 2
1113 1373 5
1114 1165 5
1115 1403 3
1116 1290 5
1116 1570 2
1117 1537 4
1120 1168 8
1120 1500 9
1122 1274 5
1124 1155 2
1125 1363 8
1125 1195 5
1126 1128 4
1130 1461 8
1131 1204 8
1132 1223 9
1133 1317 9
1135 1142 6
1136 1642 6
1136 1326 10
1137 1370 4
1138 1534 1
1140 1498 10
1142 1252 6
1142 1291 9
1143 1331 9
1146 1335 8
1147 1240 5
1148 1569 10
1148 1354 8
1148 1275 6
1148 1405 3
1149 1654 2
1150 1294 2
1151 1645 5
1157 1629 5
1157 1535 8
1158 1418 6
1158 1523 6
1159 1429 3
1161 1687 6
1163 1252 3
1165 1578 5
1166 1534 8
1168 1377 6
1168 1325 9
1168 1303 5
1169 1346 2
1169 1591 9
1173 1595 10
1174 1545 7
1174 1442 9
1175 1321 10
1175 1253 3
1177 1228 9
1178 1691 2
1179 1313 4
1181 1270 4
1181 1682 4
1181 1238 9
1182 1544 3
1184 1664 6
1186 1275 3
1188 1649 5
1189 1473 1
1194 1445 3
1200 1672 10
1200 1662 7
1202 1520 9
1206 1651 9
1211 1637 9
1212 1684 4
1212 1564 5
1213 1655 2
1214 1542 3
1217 1218 1
1217 1314 2
1221 1508 9
1224 1229 4
1225 1560 10
1225 1666 6
1231 1497 8
1231 1587 1
1234 1241 10
1235 1464 6
1235 1438 9
1236 1292 4
1239 1444 6
1240 1604 9
1242 1341 5
1242 1438 10
1243 1398 5
1246 1608 6
1249 1520 2
1250 1642 10
1250 1571 2
1250 1455 1
1250 1335 7
1251 1546 9
1258 1611 9
1258 1461 6
1259 1565 6
1260 1525 3
1263 1446 9
1267 1595 1
1270 1284 7
1271 1589 2
1272 1320 5
1273 1335 10
1274 1433 1
1275 1588 8
1275 1667 7
1275 1445 2
1280 1613 7
1282 1641 4
1283 1440 8
1283 1578 10
1283 1558 5
1285 1672 10
1285 1335 6
1286 1673 10
1287 1437 10
1288 1600 5
1289 1538 3
1289 1581 9
1289 1318 10
1291 1540 4
1291 1388 10
1293 1673 1
1295 1398 9
1296 1636 10
1298 1660 9
1301 1448 10
1301 1495 5
1304 1457 8
1304 1679 8
1306 1571 9
1306 1556 10
1307 1655 9
1307 1534 6
1307 1391 8
1309 1586 9
1311 1434 10
1312 1561 1
1312 1401 7
1314 1421 8
1315 1672 10
1315 1391 1
1317 1429 9
1319 1608 8
1320 1615 6
1322 1549 3
1329 1658 4
1330 1632 7
1330 1418 9
1337 1462 6
1339 1549 1
1340 1558 10
1340 1495 7
1340 1466 4
1340 1502 5
1342 1368 5
1342 1683 10
1342 1687 7
1343 1677 2
1346 1669 3
1347 1520 2
1347 1457 4
1347 1662 7
1348 1567 4
1354 1466 6
1356 1624 3
1366 1389 6
1367 1414 2
1369 1579 9
1372 1677 7
1374 1448 2
1376 1570 9
1376 1572 7
1377 1561 5
1377 1668 9
1377 1591 1
1378 1513 3
1385 1529 5
1389 1426 3
1394 1512 6
1394 1689 3
1396 1551 3
1397 1610 6
1400 1430 7
1413 1656 7
1413 1618 4
1418 1435 5
1420 1544 4
1420 1430 9
1425 1521 5
1425 1500 7
1428 1589 10
1429 1441 9
1433 1600 8
1434 1602 3
1435 1499 9
1435 1519 6
1437 1473 2
1440 1480 9
1440 1612 7
1441 1508 4
1445 1569 5
1448 1460 4
1449 1656 4
1451 1474 9
1453 1622 4
1454 1615 4
1455 1505 7
1456 1513 10
1457 1670 7
1461 1642 1
1475 1531 3
1480 1494 6
1482 1520 3
1482 1525 4
1484 1678 3
1495 1602 3
1495 1553 1
1503 1574 6
1507 1537 7
1508 1612 7
1510 1543 4
1516 1586 2
1517 1697 6
1524 1646 2
1529 1689 3
1534 1570 3
1534 1676 4
1535 1603 8
1538 1645 10
1540 1631 9
1542 1605 9
1543 1663 1
1560 1569 5
1560 1675 1
1566 1670 3
1574 1588 3
1584 1692 10
1592 1633 7
1596 1691 8
1627 1678 1
1649 1654 2
