0 809 9
0 930 7
1 853 2
2 7 8
2 1542 5
2 1359 7
3 1952 7
3 842 8
3 1509 3
4 917 7
5 1214 1
6 433 7
6 1058 2
6 1649 5
7 1611 8
8 1856 3
9 22 1
10 754 7
10 1892 8
11 1860 8
11 1349 8
12 1114 5
12 1643 8
12 917 8
13 385 4
13 1506 3
14 1464 5
15 1578 4
15 1467 10
15 1501 1
15 102 1
16 416 7
16 365 10
17 169 7
17 1447 7
18 800 10
18 1217 6
18 1364 8
18 1335 8
18 1332 5
18 31 10
19 1432 1
19 836 9
19 1358 9
20 1041 10
21 1750 2
21 839 1
22 570 4
22 1115 9
22 1394 5
22 102 9
24 1616 2
24 274 4
24 1918 10
24 1831 10
25 1098 5
26 399 5
27 1680 6
27 338 4
27 187 9
27 598 5
28 1137 4
28 789 1
28 1359 9
29 744 1
30 152 9
30 1834 8
30 1627 10
30 1678 10
32 712 10
32 317 10
33 978 9
33 66 5
33 1621 7
33 205 8
35 354 9
35 1973 1
36 1625 7
36 834 5
37 690 7
38 992 5
38 1953 7
38 1427 6
38 1910 8
38 382 10
40 58 10
40 810 9
40 277 3
40 1797 5
40 629 5
41 1766 5
41 1479 7
42 1636 10
42 959 6
43 1313 6
43 1330 10
44 167 4
44 1853 9
44 741 3
45 761 8
45 114 2
45 1189 8
45 511 10
46 928 3
46 386 8
46 1354 5
46 1552 10
46 1717 9
46 666 3
47 1920 9
48 1832 1
48 737 7
49 256 5
49 1958 2
50 371 5
50 1140 3
51 890 1
51 1151 6
52 1132 9
52 1095 10
53 358 4
53 329 6
53 821 4
53 1717 7
53 790 9
53 1849 5
53 1086 8
53 1397 6
54 696 3
54 741 10
54 1446 5
55 1737 10
56 1112 2
56 585 7
56 1533 2
57 1963 10
58 1874 10
58 588 3
58 1733 7
59 992 10
59 1331 4
59 1548 2
60 355 3
60 1375 1
61 1181 3
61 1255 5
62 106 9
62 1747 10
64 209 9
64 990 1
65 842 6
65 1179 3
65 492 9
65 1565 2
65 1422 6
66 1367 5
68 186 5
68 1852 10
68 1773 1
69 1723 4
71 76 6
71 1868 7
71 870 10
71 1295 5
72 1097 10
73 962 2
73 1539 4
73 1734 8
73 329 3
73 688 5
73 467 8
74 153 5
75 841 3
76 1544 7
76 1502 7
77 226 1
77 519 7
77 922 3
77 1399 4
78 312 3
78 1850 9
78 1230 1
79 1437 1
79 1014 2
80 146 6
80 492 1
80 1810 5
80 446 2
81 382 2
81 1087 4
83 1017 3
84 1488 4
84 1785 6
84 571 5
84 916 10
85 1696 7
85 1247 3
86 1336 9
86 1442 1
86 1102 3
87 708 8
87 1799 4
88 1247 2
89 577 4
89 1342 6
90 1265 1
90 1557 9
92 392 2
92 1608 2
92 205 4
92 541 9
93 1512 7
93 1408 7
93 1486 6
94 1936 7
95 1530 1
96 1306 3
96 571 6
96 509 7
96 645 5
97 698 6
97 1219 1
97 1732 9
98 913 1
98 147 6
98 293 10
98 838 9
100 1648 9
100 450 6
100 1012 5
101 115 1
102 912 4
102 1039 6
103 319 4
104 474 9
105 427 7
105 660 8
106 218 5
106 1834 8
106 934 3
106 1783 2
108 601 4
108 1714 5
108 700 9
108 972 2
109 344 3
109 182 9
109 662 1
110 1120 8
110 1810 10
110 1083 10
110 972 9
110 773 9
111 832 10
111 1086 7
111 199 5
112 1216 2
112 1849 10
112 754 3
112 943 2
113 1784 6
113 1226 8
114 512 7
114 1570 2
114 646 3
114 935 9
116 1548 7
116 1003 6
116 1172 9
117 1281 4
117 1138 5
120 289 7
121 1490 9
121 1292 3
121 183 9
123 1152 6
123 1800 3
123 275 6
123 1833 1
123 568 6
124 1773 4
124 431 1
125 1632 7
125 139 8
127 1712 5
127 963 4
127 1270 4
128 1680 4
128 557 4
129 1264 10
129 1362 2
129 1907 8
129 1070 9
130 1472 1
130 1985 6
130 1838 7
131 489 8
132 970 8
132 1795 7
132 309 7
132 1357 5
132 1927 5
133 363 10
133 523 4
133 627 8
133 787 3
134 1680 10
134 1055 7
134 1595 7
134 1687 1
135 1268 9
136 1327 2
137 1540 3
137 1268 4
137 1950 9
139 1787 2
140 595 7
140 1067 3
140 707 3
141 1987 8
141 1550 9
142 1120 5
142 1997 7
143 1537 7
143 970 7
143 1914 1
143 821 2
143 1250 1
144 480 10
144 1456 5
144 554 2
144 1956 5
144 1578 1
145 803 5
145 1039 6
146 555 2
147 234 4
147 1229 1
147 149 10
147 604 6
147 1790 7
148 485 6
148 309 10
149 1416 3
149 1770 6
150 1878 8
151 1744 1
151 1897 10
151 489 2
153 1227 2
153 1213 9
153 1087 4
154 256 6
154 301 4
154 1534 4
154 1967 6
155 1632 8
155 835 3
155 997 1
155 422 4
155 1998 3
155 1526 9
155 1848 8
155 1753 5
156 1784 8
156 340 8
156 1935 5
158 513 8
159 1016 5
160 1293 5
162 1853 10
162 1093 2
162 1038 1
162 1207 8
163 904 4
163 1851 8
163 943 6
164 1675 8
164 1692 3
165 1958 8
166 320 6
167 1491 3
167 309 10
169 944 4
169 924 10
169 900 10
169 1469 3
170 872 6
170 336 5
170 1370 1
170 627 6
170 285 6
172 176 7
172 775 4
173 1290 6
173 643 8
174 592 10
174 1162 7
175 592 2
175 1336 8
176 1657 1
176 1409 10
177 316 5
177 758 8
178 1599 3
179 1881 8
179 364 7
179 1286 8
179 639 4
180 856 3
180 1168 7
180 618 3
180 1853 5
180 1798 4
181 979 3
181 214 2
181 1375 8
182 1112 5
182 514 6
183 1105 2
183 743 5
183 1357 3
183 1393 10
183 1333 5
183 1265 3
186 1410 7
187 809 5
187 763 5
189 632 4
189 1195 7
189 1863 3
190 640 9
190 281 9
190 628 4
190 1015 6
191 419 2
191 837 5
191 254 10
192 578 10
193 467 2
194 337 10
194 643 1
194 286 6
195 614 2
196 1740 6
196 1647 10
197 206 6
198 1232 7
198 1593 2
198 1518 5
199 1554 7
199 775 1
200 1918 6
201 1162 6
201 589 7
202 224 8
203 1476 1
203 1334 1
204 1273 8
204 306 7
204 1691 10
204 237 4
205 616 10
205 1524 6
205 986 4
205 1885 10
206 301 10
208 437 10
209 763 7
210 1332 9
210 780 10
211 1228 1
212 1912 8
212 825 2
213 1170 4
213 487 10
213 751 2
214 1216 3
215 427 8
216 1357 4
216 1658 8
216 1354 9
216 1118 9
216 1831 3
217 1076 5
217 1178 4
217 1332 4
218 1038 8
219 875 6
220 1301 2
220 1126 2
221 1224 6
221 975 5
222 1875 3
223 1488 1
223 1025 1
225 985 9
225 1124 8
225 1260 5
228 1345 2
228 1157 1
229 1851 8
230 936 1
230 1722 8
230 1647 5
232 1700 6
233 1144 6
233 1647 7
234 1693 2
235 268 4
236 669 8
237 1828 7
237 1871 8
238 1130 1
239 1698 7
239 1179 3
239 948 3
239 1461 9
239 973 10
240 408 1
240 1281 6
240 1131 2
240 1481 7
241 1720 6
241 1920 8
241 1112 2
241 1560 3
242 592 5
242 980 6
242 523 2
242 1588 5
243 573 2
244 1774 4
244 1894 5
245 1830 1
245 911 9
246 1070 10
246 255 10
247 522 1
247 514 4
248 1642 6
248 1167 7
250 1462 8
251 1733 3
251 405 3
251 1175 4
252 368 2
254 1494 10
254 1798 4
256 968 9
257 1581 7
257 1437 6
257 493 6
258 505 10
258 770 4
259 1262 9
260 1978 2
260 492 6
260 1070 8
260 990 3
260 879 10
261 716 4
262 961 5
262 342 10
263 961 4
263 1276 6
263 1542 1
263 1025 7
265 1660 2
265 549 2
266 1866 7
266 1381 8
266 1047 8
267 1674 8
267 660 5
267 850 7
267 630 1
267 1511 8
268 371 7
268 673 1
268 1749 5
268 337 8
269 1693 1
269 479 2
270 1058 5
270 1459 10
270 1394 1
270 1190 2
272 1033 5
272 1330 1
272 1397 7
273 449 7
273 1543 6
274 609 1
274 1691 3
274 452 5
274 519 9
276 626 1
276 699 1
276 1971 6
277 1793 3
277 1266 2
277 700 5
277 788 4
278 1206 1
278 1415 2
279 1425 4
279 1691 3
280 1772 6
281 817 8
281 1155 8
282 1793 6
282 610 8
282 1574 6
284 802 6
285 1419 6
285 1460 2
286 436 3
286 1797 1
286 1502 2
286 1614 5
287 691 1
288 772 7
288 845 10
289 1124 2
289 1330 3
289 696 5
289 1753 1
289 1851 8
290 1463 3
291 1730 1
293 945 2
293 645 6
293 646 5
293 905 7
294 619 6
294 869 1
295 955 6
296 1159 5
297 1128 5
297 1681 9
297 1659 2
298 359 3
298 1050 8
298 1247 6
298 1275 1
298 1495 7
299 1670 5
300 1522 1
300 819 8
300 1885 7
302 1829 8
303 1656 1
303 375 4
305 1218 9
305 316 6
305 810 8
305 526 7
306 1159 2
307 1788 5
307 1373 5
308 1656 8
309 614 7
309 1225 3
309 1361 2
310 713 8
310 931 1
310 527 3
311 1040 8
311 719 3
312 1176 10
312 1472 4
312 507 3
313 1336 4
313 1785 1
313 1402 2
313 1859 9
314 1976 10
314 1217 8
314 706 5
316 1305 4
316 595 1
316 1366 2
317 1190 8
317 1360 4
317 1210 3
317 732 7
317 1341 2
317 1631 4
318 1713 3
318 1642 8
319 641 10
319 1922 8
319 1871 5
319 1138 5
319 1464 8
320 531 8
320 1451 7
320 903 3
321 1371 10
322 1858 1
322 1982 7
322 1214 6
322 1454 2
322 1309 9
323 1944 6
323 1109 9
324 1747 8
325 1569 8
325 1174 8
325 663 9
326 1394 10
326 493 8
326 1726 7
327 765 10
328 1704 1
328 1106 3
328 748 5
329 1337 3
329 1123 10
329 1494 2
331 952 8
331 844 4
332 1200 9
332 1830 5
332 464 8
332 661 3
332 1080 3
332 1181 5
333 504 9
333 455 3
334 775 1
336 508 3
336 1787 5
336 396 3
337 875 10
337 1675 9
339 492 3
339 975 6
340 494 5
340 1407 7
341 1028 9
342 1720 9
342 802 7
342 492 3
342 1079 10
343 1378 6
345 643 6
345 364 7
345 1918 9
347 1313 5
347 1908 6
347 726 8
347 1711 4
349 1135 7
350 618 5
350 484 7
350 694 7
351 1963 1
351 1109 5
352 1312 4
352 1930 4
352 1911 5
353 1505 4
353 730 5
353 1044 10
353 1197 10
353 1230 5
354 924 3
355 1663 1
357 1225 9
358 1770 10
359 1520 4
359 1691 8
359 738 1
359 1005 6
360 1958 1
361 1283 7
361 1348 6
361 848 7
361 1891 6
361 380 7
361 1309 4
362 1292 5
363 1544 9
363 1634 2
363 1298 10
364 1638 10
364 1454 3
364 408 7
364 924 7
365 1649 5
365 1132 2
366 1258 2
366 747 1
366 1623 3
367 1917 5
367 1143 3
368 1164 4
369 1425 9
369 1297 2
369 1301 5
369 585 10
370 834 5
371 1156 10
372 928 8
372 993 9
372 930 9
372 1364 10
372 1670 1
373 948 6
374 1585 7
374 1099 2
374 915 1
375 809 1
375 1973 5
376 1600 7
376 1004 4
376 1450 3
376 1972 3
377 938 2
377 757 10
377 966 10
377 910 3
378 1636 7
379 633 3
381 726 5
382 1806 9
383 1839 2
384 1192 6
384 538 3
384 1988 2
385 1787 10
386 1321 4
386 814 7
386 1359 10
388 736 9
388 1513 10
388 1124 10
389 864 10
389 1597 6
390 1664 5
392 935 6
392 1085 2
392 407 7
392 1593 2
392 925 4
393 893 3
393 646 6
393 623 6
394 1440 5
394 782 6
395 1308 7
395 500 9
395 1277 1
396 1960 5
396 946 10
396 1477 6
399 1897 3
399 1756 1
399 566 2
400 522 4
400 1229 10
401 1904 2
401 1257 3
402 1025 8
402 1167 8
402 1780 7
402 582 5
402 1657 6
403 1069 2
404 903 8
405 1346 7
406 1218 3
406 572 10
406 1359 3
407 1464 3
407 442 9
407 1974 6
407 1438 10
408 937 10
408 662 4
408 438 7
410 1377 9
410 1828 9
410 1630 7
411 748 5
411 1316 9
411 1630 5
412 1217 6
413 1577 7
413 1666 6
413 1147 8
414 551 7
416 1263 5
417 786 9
417 1764 7
418 936 5
418 501 6
418 966 7
419 1440 6
419 706 3
420 1353 5
420 1011 8
420 804 2
420 831 7
421 1753 6
421 1275 9
421 685 9
421 1517 2
423 849 3
423 868 1
424 1927 5
426 1030 6
427 872 10
427 1319 8
428 837 10
428 1158 5
428 991 2
429 840 9
429 1147 5
429 1540 5
429 1693 2
429 1798 4
432 1992 10
432 1096 1
432 596 5
433 632 9
433 1402 4
433 1734 4
433 1365 7
434 1090 7
434 1199 9
435 1414 4
435 1607 9
436 1560 6
436 456 2
436 1686 1
437 993 9
438 1736 3
438 909 1
438 1967 9
438 563 4
438 439 9
439 1288 7
439 1698 7
440 1661 6
441 1210 6
441 1188 3
442 1182 1
444 1664 5
444 751 2
445 1715 8
445 1428 10
445 1885 10
446 640 1
446 854 1
447 1984 9
447 1300 2
447 1117 8
447 1670 5
448 907 3
450 968 10
450 1658 4
450 1125 7
451 1648 3
451 1742 2
452 964 1
452 573 9
453 1792 4
453 1369 6
453 492 2
453 1129 8
453 1023 7
454 1730 3
454 647 2
455 1385 7
456 1091 5
456 1576 3
456 1770 5
456 781 10
456 921 8
456 538 4
457 1118 9
458 1734 3
459 1680 3
459 1426 9
460 1535 5
460 1359 6
461 1038 6
462 1155 7
462 1694 3
463 640 2
463 1603 9
463 1631 8
464 878 2
464 1855 4
465 1562 4
465 1956 5
466 1904 6
466 1485 8
467 674 8
467 1763 8
467 501 6
469 1719 7
469 927 1
471 1930 9
471 842 7
471 682 5
471 1622 2
472 1313 2
472 931 2
472 507 4
473 1225 5
474 753 10
474 1475 5
474 844 8
474 1174 7
475 976 5
475 1685 10
475 623 3
477 1737 7
478 1136 1
478 1367 2
479 825 7
480 1801 4
480 790 8
480 1473 10
481 1776 1
481 717 1
481 1909 8
483 1677 10
484 1957 4
485 893 1
487 996 1
488 1578 6
488 1763 10
489 1129 5
489 1668 5
491 1978 6
491 668 7
491 1478 4
491 1454 6
492 1569 8
492 690 10
493 1077 10
493 1737 2
494 1168 3
494 1063 4
495 1067 1
495 1685 3
495 663 10
496 1497 10
496 1655 2
497 524 3
498 1450 8
498 686 1
499 1977 1
500 1088 4
500 822 9
501 1565 8
501 1279 8
501 1735 3
503 1896 7
503 1290 7
503 795 1
503 1722 9
503 1275 7
504 1876 5
505 1447 8
505 1322 4
505 1714 7
505 944 8
505 1426 6
505 1852 8
506 566 8
506 1487 2
507 1378 1
507 649 9
507 1367 4
508 1330 6
508 1390 3
509 580 6
509 1183 9
511 609 6
511 658 4
513 937 6
513 639 9
515 1977 9
515 739 4
517 1380 2
518 1016 1
518 1188 3
518 1765 1
518 1607 3
519 936 1
519 1362 10
520 960 10
520 874 10
520 1626 7
520 1782 2
522 1649 2
522 1439 5
522 1288 8
523 649 7
523 1213 5
524 526 10
525 682 6
525 1251 4
525 846 9
526 1898 9
529 748 2
529 1567 5
530 1570 9
530 1499 5
530 1782 3
530 1430 9
530 655 9
531 1092 8
531 1451 9
531 1204 5
532 1794 7
532 1341 10
532 903 4
533 880 7
534 1306 9
534 660 10
534 1646 10
535 1005 6
536 1377 6
536 1086 8
537 1475 4
539 1549 7
540 1461 9
541 1120 8
541 741 10
542 1606 7
543 1120 1
543 1313 9
543 891 9
543 1821 9
546 1520 6
546 1297 1
546 809 8
546 846 8
546 647 4
547 1265 4
547 1930 4
547 1212 9
547 1485 2
547 567 9
548 1741 6
548 1829 9
549 688 5
550 1493 10
550 1263 7
551 682 2
551 1483 2
551 1722 8
551 1884 8
551 1598 7
552 864 2
552 1588 2
552 701 4
552 1221 1
553 1272 7
553 1796 2
553 1527 7
554 590 5
555 1096 9
557 1601 6
557 1347 3
557 668 8
558 979 6
560 1107 4
560 1239 2
561 1570 4
561 1723 4
562 745 3
562 1972 2
564 1337 3
564 1481 4
565 1018 9
566 1212 6
566 1468 8
566 602 1
567 608 9
567 1325 4
568 575 8
569 1960 6
569 808 4
570 1034 7
571 1676 8
571 1617 10
572 763 4
573 852 6
573 1142 6
574 1161 10
574 1045 1
574 1583 6
575 1669 2
575 1833 5
575 1004 4
575 1235 6
575 1396 5
575 1916 4
577 1280 9
577 1119 4
578 724 2
578 1719 5
579 1827 3
579 1350 5
580 634 5
581 1469 6
581 1222 6
582 849 3
582 1403 8
582 1695 3
583 1288 3
584 1760 4
585 1010 5
587 1704 1
587 1402 4
587 1227 8
587 1478 7
588 930 8
588 606 2
588 687 8
589 629 4
589 1079 5
591 1320 9
591 1657 4
591 1528 9
592 1319 6
593 1747 2
594 1957 4
595 1114 6
596 1993 4
596 649 7
597 1061 7
598 1200 3
599 1674 6
599 1549 10
599 1982 3
600 1513 6
600 1362 5
600 1446 5
600 990 4
601 1972 2
602 1211 2
605 1267 10
606 681 5
608 1474 5
608 1477 7
609 692 9
610 1645 9
611 637 3
611 1013 3
613 1776 1
613 1322 10
614 630 8
614 1063 6
615 1781 10
616 1593 8
616 1370 9
616 686 1
616 1919 6
617 1529 4
617 1453 9
618 1500 5
618 846 2
618 822 7
621 971 2
623 1641 3
624 1291 10
624 1788 7
625 1696 1
625 929 2
625 1375 6
625 1876 10
625 767 2
627 1682 10
628 1580 8
628 1743 10
628 726 2
628 1851 4
628 767 6
629 1204 2
629 853 5
630 1892 3
630 1034 1
630 1681 10
630 1339 10
632 673 6
633 1479 9
635 1314 6
635 1275 1
636 714 6
636 1515 5
636 932 3
637 1145 8
638 1753 9
638 1051 7
638 1494 10
638 798 4
638 713 5
640 794 1
642 1566 10
642 1269 8
642 1741 2
642 1334 8
642 759 9
643 1868 10
644 1667 1
646 993 5
646 1282 7
646 963 7
646 910 4
646 1969 3
646 1206 9
647 1881 4
647 939 2
647 778 4
648 1880 10
648 1425 3
648 788 7
649 997 5
650 1690 9
650 1868 1
650 1942 4
652 1041 9
652 1685 3
653 1144 8
654 935 2
656 1834 4
658 1531 9
658 1759 6
659 1074 10
659 756 1
660 1954 2
663 1179 6
664 1282 1
664 1827 9
664 1828 10
664 1407 2
665 971 1
668 984 1
668 1589 4
669 810 7
670 810 2
670 1971 4
670 1580 6
670 1045 9
671 1122 2
672 1186 10
673 1744 10
674 684 1
676 1752 4
678 1912 1
678 1433 8
678 1282 9
678 1199 9
679 1288 4
679 1775 6
680 1392 5
680 697 2
680 1754 2
680 1144 1
681 1026 2
681 1147 7
681 998 8
682 1170 6
682 862 8
683 1898 1
685 1255 10
686 1203 6
687 847 10
688 1888 8
688 1902 5
688 1241 8
689 709 6
690 912 1
691 1157 4
692 1388 6
692 1317 4
692 1329 1
693 745 9
694 943 10
695 1275 3
695 990 6
695 1366 6
696 1995 5
696 1780 8
697 1761 4
697 1715 2
697 1446 1
698 1226 7
699 825 8
699 820 1
700 1161 6
700 1035 1
701 1888 7
703 1882 8
703 1836 9
704 1824 3
704 1585 4
704 1195 10
704 1325 9
706 1847 6
707 1237 4
708 1701 8
708 1038 5
709 1866 1
710 1120 2
710 1345 5
712 860 8
712 1182 9
713 1218 8
713 1519 8
713 1607 8
714 960 4
714 1619 8
717 1375 7
719 1249 7
719 1721 3
720 1675 8
722 1379 3
723 1862 4
725 968 2
725 961 10
726 1537 3
727 1917 10
728 1849 1
729 1752 1
729 1896 4
729 1646 10
730 1459 9
730 1239 4
731 1984 9
731 1608 9
731 1899 9
731 1336 3
731 1532 4
731 1501 3
732 1919 6
733 738 9
733 1567 9
734 1659 2
734 1524 7
735 1631 8
735 1694 6
735 1839 10
736 1470 3
737 1275 4
739 1529 5
739 947 9
740 1678 4
743 787 8
743 1779 6
743 1671 6
743 1205 7
745 1076 3
745 1924 7
746 1121 3
748 1588 3
749 1366 1
751 1514 9
753 1260 9
753 906 8
753 1070 6
754 1990 7
755 1260 4
757 1881 10
757 1589 10
758 930 2
758 1380 6
759 1352 10
759 1691 3
759 1294 6
759 879 1
762 1889 4
762 1594 3
762 772 3
762 942 4
765 780 6
765 1662 4
766 1369 4
767 1856 2
767 1406 2
768 1688 1
768 1983 1
769 1025 9
769 1973 9
770 1999 3
770 1574 8
770 1430 7
770 1383 7
771 1217 3
773 1759 2
774 1250 7
774 1556 3
775 812 7
775 1759 4
776 1144 8
776 1368 7
776 1835 5
776 919 6
778 1293 5
779 1613 8
780 849 6
781 1176 10
781 1052 4
781 1414 3
783 1404 5
783 1943 3
784 1247 3
785 1464 5
785 1810 2
785 1967 6
786 1324 10
788 1858 8
788 1187 1
788 1163 8
788 1016 7
788 1305 1
789 1595 2
789 863 2
790 1127 6
790 1991 10
790 1937 8
790 1239 9
790 1564 4
791 1712 9
792 1075 9
792 1788 2
793 1232 3
793 1360 2
793 909 3
794 1754 4
794 1269 3
795 1072 1
795 1907 7
795 1391 10
799 1539 3
799 973 6
800 1602 9
800 1645 9
800 935 2
801 1798 10
801 1134 5
801 942 7
801 1893 4
802 1240 7
802 1531 8
803 1968 3
803 869 6
804 1888 8
804 1971 1
805 1088 7
805 1846 4
805 1303 2
806 1441 10
806 1582 6
807 1168 2
808 1201 8
808 1158 6
809 1647 6
809 1782 6
811 1776 3
811 1602 1
811 1635 4
811 1628 2
812 1049 9
814 898 6
814 1047 6
816 1632 5
817 1808 3
817 1770 8
818 865 10
819 1709 9
820 864 2
820 1310 2
821 1844 5
821 1212 1
822 1876 6
824 1294 7
825 1827 7
825 1049 4
826 1266 1
827 915 2
827 1476 9
828 1353 6
828 1996 10
829 1595 5
829 1261 10
832 1086 3
834 1642 7
834 1646 10
835 1820 9
836 981 6
837 1024 2
837 1674 10
837 1435 5
838 1901 6
840 1881 9
840 1539 2
841 1208 7
841 1414 7
842 1599 7
842 1523 1
843 1656 5
843 1777 2
844 1900 8
845 961 1
845 1478 1
845 1558 2
845 1850 5
845 1471 1
846 1757 3
846 1334 8
847 1824 2
848 1448 3
848 1418 4
848 1854 10
848 1479 10
850 914 2
852 1409 6
852 1059 10
854 1916 4
854 1591 6
856 960 1
857 1042 1
857 1722 10
859 1355 10
859 1271 10
861 1837 9
861 1166 10
862 928 5
862 1924 6
862 1254 5
864 1211 1
866 1611 3
867 1896 7
869 1227 1
869 1031 2
871 970 5
871 1476 1
872 929 1
872 1611 1
872 1635 2
872 1688 5
872 1916 10
873 1754 1
873 996 3
874 1586 3
874 1406 10
875 1214 5
876 1680 9
878 1299 5
878 1819 6
878 1652 4
879 1470 6
881 1187 1
881 1645 3
882 1428 2
883 1066 3
884 1610 4
884 995 9
885 907 2
886 963 3
887 1710 6
888 1050 2
888 1611 5
889 1192 1
889 919 3
891 1401 5
891 1219 10
892 1074 7
893 1020 1
893 1157 6
894 1678 6
896 1457 7
897 1622 4
897 1119 5
898 1808 2
898 1041 3
898 1251 4
898 1279 9
899 1936 10
899 960 7
899 1758 8
900 1919 8
901 1630 8
903 1012 6
905 1155 2
907 1392 7
908 1828 8
909 1600 6
909 1994 9
909 1007 1
909 985 6
909 1278 2
911 1027 2
911 1765 8
911 1702 8
911 1108 2
911 965 6
912 1289 8
912 1202 3
912 1756 10
914 1515 2
915 1558 4
915 1205 9
916 1708 8
916 1006 7
917 1184 5
917 1086 1
918 1617 4
918 1530 1
919 1775 10
922 1394 7
922 1327 10
922 1645 5
922 1807 3
923 1065 9
923 1708 1
923 1134 9
923 1247 9
924 1676 8
925 1360 8
925 1422 2
927 1345 5
928 1314 7
928 1455 10
928 1586 6
930 1888 2
931 1106 4
932 1881 1
932 1378 4
932 1815 6
933 1073 4
935 1239 10
936 1125 5
936 1449 7
936 1906 2
936 1434 1
937 1888 3
940 1538 5
940 1143 8
941 1713 8
943 1004 5
944 1119 9
947 1611 4
947 1155 3
947 1166 7
948 1773 4
949 1218 10
951 1302 2
953 1832 4
953 1145 8
953 1749 5
954 1195 5
955 1921 4
955 1731 3
956 1385 3
956 1187 5
959 1767 7
961 1664 5
961 1501 10
962 1597 7
962 1253 6
963 1709 10
963 1875 3
963 1499 7
964 1972 2
964 1706 6
965 1133 1
967 1307 10
968 1377 10
968 1777 2
970 1538 8
971 1762 1
971 1898 7
972 1976 2
972 1234 9
972 1247 1
973 1417 8
973 1207 9
973 1401 8
973 988 2
974 1834 5
974 1879 9
975 1776 2
975 1876 6
975 1622 6
975 1754 7
979 1300 3
980 1196 10
980 1054 8
981 1500 8
981 990 5
981 1569 2
983 1065 2
983 1962 1
984 1695 1
985 1954 8
986 1548 5
987 1555 3
990 1870 9
990 1715 6
990 1594 7
990 1630 8
991 1628 3
991 1643 2
991 1812 8
993 1729 2
994 1585 7
994 1708 2
995 1130 6
996 1329 6
996 1005 10
997 1108 3
997 1051 2
997 1884 2
1000 1600 3
1000 1083 5
1000 1843 9
1001 1056 2
1004 1144 6
1004 1109 2
1006 1524 2
1007 1533 6
1007 1351 1
1008 1274 6
1008 1621 10
1008 1205 1
1010 1856 4
1010 1030 2
1011 1087 3
1012 1941 1
1013 1147 1
1014 1927 7
1014 1934 4
1016 1898 7
1016 1491 3
1017 1082 1
1017 1047 2
1018 1785 1
1018 1383 10
1019 1130 8
1020 1150 6
1022 1499 7
1022 1695 8
1023 1915 1
1023 1959 10
1024 1512 3
1024 1074 3
1026 1689 5
1027 1234 6
1027 1223 1
1028 1342 1
1029 1368 3
1033 1099 6
1033 1452 10
1034 1564 2
1034 1399 10
1035 1455 2
1036 1202 1
1037 1800 5
1037 1377 2
1038 1699 1
1039 1560 3
1040 1656 8
1040 1891 1
1040 1495 4
1040 1231 1
1041 1952 7
1044 1565 3
1045 1563 1
1046 1232 6
1046 1710 3
1047 1556 5
1047 1268 8
1048 1755 2
1048 1567 4
1049 1695 7
1050 1411 6
1051 1971 2
1052 1144 6
1052 1601 3
1052 1631 1
1055 1141 9
1055 1311 1
1058 1201 5
1059 1299 6
1060 1485 9
1061 1503 6
1062 1162 6
1063 1839 5
1063 1557 10
1064 1281 10
1065 1332 4
1066 1922 2
1066 1653 4
1066 1495 2
1068 1200 2
1068 1527 9
1070 1699 7
1070 1087 4
1073 1306 1
1074 1997 8
1075 1080 10
1075 1194 10
1082 1122 2
1082 1948 4
1082 1610 1
1084 1885 10
1085 1096 1
1086 1438 5
1088 1638 2
1090 1342 8
1091 1424 7
1091 1339 7
1092 1963 8
1092 1189 7
1093 1240 8
1095 1255 10
1098 1487 9
1101 1367 2
1102 1699 3
1103 1170 1
1103 1331 4
1103 1236 9
1105 1376 8
1105 1186 6
1105 1932 5
1106 1411 7
1109 1746 3
1110 1523 2
1110 1940 3
1110 1957 9
1111 1136 6
1111 1682 8
1112 1481 5
1112 1564 3
1112 1631 7
1113 1556 3
1113 1495 2
1114 1937 9
1114 1383 1
1115 1371 5
1118 1997 8
1121 1256 7
1122 1337 4
1123 1325 1
1124 1874 6
1124 1949 2
1126 1264 2
1126 1308 7
1126 1810 5
1127 1390 10
1127 1933 10
1129 1914 8
1130 1955 2
1131 1976 3
1131 1275 2
1131 1939 7
1131 1149 10
1135 1642 9
1135 1972 9
1136 1805 6
1137 1168 6
1138 1632 8
1139 1511 4
1141 1623 7
1141 1189 4
1142 1620 9
1142 1657 1
1142 1908 5
1143 1547 7
1143 1477 8
1144 1697 2
1144 1610 8
1144 1580 10
1144 1523 6
1144 1788 3
1145 1346 5
1145 1427 1
1145 1226 1
1146 1868 10
1146 1199 3
1147 1795 8
1148 1379 8
1148 1767 9
1151 1400 2
1154 1224 6
1155 1740 3
1155 1233 2
1157 1933 10
1158 1540 6
1161 1888 6
1163 1993 4
1163 1909 3
1163 1748 3
1163 1985 7
1164 1574 7
1166 1672 4
1166 1889 10
1166 1932 10
1167 1962 4
1167 1202 9
1167 1685 1
1167 1173 9
1168 1206 5
1170 1194 6
1170 1637 3
1171 1720 8
1171 1632 10
1172 1640 10
1172 1386 8
1174 1677 8
1174 1630 7
1175 1857 6
1176 1776 10
1179 1394 2
1180 1986 5
1180 1892 10
1180 1622 1
1181 1964 3
1181 1262 5
1184 1330 9
1184 1219 4
1184 1318 8
1187 1765 4
1189 1913 3
1189 1234 5
1190 1792 10
1190 1230 5
1191 1315 8
1192 1726 8
1193 1928 6
1195 1443 5
1195 1943 1
1197 1328 7
1197 1727 6
1198 1701 4
1199 1671 5
1201 1906 8
1204 1937 6
1207 1446 8
1208 1383 2
1209 1500 8
1209 1363 4
1209 1292 6
1210 1280 9
1211 1249 2
1212 1829 2
1213 1580 9
1213 1385 5
1214 1677 3
1215 1336 1
1215 1305 6
1215 1515 6
1218 1814 7
1218 1639 6
1219 1458 5
1222 1539 6
1222 1662 4
1223 1808 8
1223 1882 1
1223 1551 8
1225 1934 9
1225 1353 6
1226 1451 8
1226 1518 6
1230 1575 7
1233 1437 4
1235 1937 3
1235 1652 6
1235 1629 6
1236 1418 4
1236 1386 1
1239 1551 4
1241 1635 6
1241 1703 6
1243 1270 9
1243 1886 9
1247 1968 3
1247 1508 4
1247 1531 3
1248 1453 1
1248 1391 6
1250 1493 2
1250 1263 1
1254 1529 3
1255 1406 1
1256 1567 6
1257 1779 8
1257 1478 2
1258 1747 5
1259 1975 10
1262 1984 1
1262 1488 4
1262 1708 3
1264 1670 8
1265 1871 2
1266 1278 2
1266 1714 2
1269 1910 9
1270 1744 8
1271 1838 3
1272 1733 9
1274 1704 4
1275 1700 10
1275 1812 7
1277 1284 10
1282 1493 7
1283 1483 9
1284 1766 4
1285 1561 7
1285 1557 2
1287 1554 3
1288 1347 7
1289 1648 1
1291 1952 4
1291 1724 8
1291 1873 1
1292 1761 4
1293 1987 10
1294 1940 6
1296 1683 8
1298 1415 2
1299 1551 6
1300 1568 5
1302 1876 9
1302 1926 4
1303 1342 4
1304 1924 7
1304 1631 4
1306 1685 8
1309 1347 6
1309 1894 4
1310 1377 4
1312 1740 10
1312 1655 8
1314 1349 5
1315 1581 10
1317 1538 8
1326 1424 6
1326 1542 1
1334 1692 7
1336 1556 7
1338 1488 6
1338 1375 6
1341 1803 6
1341 1343 10
1342 1655 1
1344 1593 2
1344 1519 1
1345 1693 3
1347 1502 6
1348 1760 3
1350 1904 8
1355 1424 3
1357 1728 9
1360 1520 2
1360 1896 2
1361 1878 4
1363 1463 4
1364 1395 4
1365 1980 8
1366 1565 3
1368 1751 8
1369 1914 1
1369 1541 6
1374 1929 2
1375 1518 6
1377 1693 8
1378 1920 2
1378 1650 6
1379 1435 10
1379 1990 4
1382 1888 4
1384 1636 8
1386 1883 4
1388 1832 3
1388 1899 8
1391 1513 8
1391 1940 3
1391 1845 9
1395 1760 2
1396 1426 2
1396 1565 1
1398 1925 6
1399 1792 4
1402 1827 8
1402 1785 2
1403 1811 4
1408 1587 7
1409 1986 6
1409 1450 7
1410 1919 9
1410 1796 7
1410 1607 6
1411 1995 5
1411 1853 4
1412 1681 8
1412 1914 6
1417 1612 2
1419 1900 10
1421 1719 1
1422 1559 7
1423 1810 10
1424 1799 5
1426 1785 10
1427 1816 2
1427 1505 6
1430 1978 1
1431 1650 4
1433 1661 7
1435 1824 5
1435 1707 9
1435 1654 5
1436 1457 9
1438 1552 8
1441 1883 6
1442 1615 10
1443 1986 4
1443 1757 8
1444 1938 7
1444 1828 4
1445 1863 6
1447 1703 8
1448 1627 9
1448 1460 2
1449 1972 10
1449 1822 7
1453 1836 1
1455 1932 3
1456 1990 8
1457 1731 4
1461 1744 9
1461 1750 7
1463 1968 4
1464 1916 10
1466 1594 7
1468 1474 7
1468 1884 8
1469 1608 10
1470 1982 5
1474 1560 10
1475 1909 9
1476 1899 10
1479 1778 1
1480 1812 6
1481 1566 6
1484 1776 1
1484 1574 6
1486 1527 2
1491 1850 1
1491 1975 8
1491 1757 1
1493 1956 6
1494 1601 9
1495 1930 3
1495 1972 1
1496 1627 9
1497 1991 7
1499 1582 8
1502 1824 6
1513 1656 10
1513 1521 9
1514 1679 5
1514 1596 3
1515 1599 4
1515 1979 1
1516 1706 8
1517 1691 1
1518 1768 10
1521 1977 2
1522 1957 10
1523 1999 9
1524 1672 3
1526 1648 1
1529 1869 8
1530 1712 5
1531 1797 10
1535 1809 3
1535 1890 10
1535 1684 4
1538 1781 2
1538 1582 6
1539 1706 5
1540 1587 7
1545 1866 2
1549 1691 10
1551 1654 2
1552 1737 9
1554 1628 10
1555 1652 9
1556 1663 10
1557 1899 1
1563 1936 2
1564 1696 7
1566 1753 9
1567 1656 9
1567 1939 7
1569 1685 7
1572 1777 1
1572 1843 2
1573 1716 5
1575 1741 9
1575 1751 4
1577 1723 6
1578 1629 6
1582 1954 6
1582 1718 1
1582 1662 6
1584 1618 6
1586 1907 9
1586 1651 4
1590 1941 8
1597 1943 4
1599 1790 1
1605 1806 5
1606 1713 7
1607 1842 5
1608 1773 2
1611 1651 1
1611 1940 4
1613 1887 7
1619 1810 7
1621 1905 6
1621 1843 4
1628 1812 8
1631 1903 6
1634 1684 2
1634 1670 7
1635 1759 4
1635 1983 2
1638 1909 9
1640 1917 2
1645 1935 1
1649 1776 2
1650 1823 6
1651 1822 1
1655 1667 4
1658 1854 6
1670 1842 7
1671 1792 8
1672 1772 3
1677 1794 5
1679 1977 7
1682 1896 1
1684 1826 1
1687 1793 4
1694 1786 7
1697 1778 4
1697 1779 8
1698 1762 6
1699 1806 10
1706 1884 4
1706 1964 3
1707 1951 8
1710 1861 2
1711 1721 6
1711 1831 7
1723 1979 1
1729 1769 3
1732 1968 8
1734 1896 7
1735 1980 5
1748 1871 5
1749 1888 3
1752 1941 5
1756 1779 8
1763 1815 6
1770 1980 5
1779 1930 2
1784 1869 8
1786 1887 9
1791 1815 9
1813 1929 1
1815 1998 10
1816 1833 7
1816 1855 1
1818 1945 7
1830 1842 9
1841 1897 4
1853 1930 8
1859 1998 6
1859 1969 6
1861 1942 1
1889 1908 8
1891 1944 3
1896 1985 6
1907 1940 4
1920 1985 9
1930 1972 10
1949 1986 3
