0 65 300
0 234 245
0 191 118
1 28 160
1 77 189
2 293 245
2 294 12
3 225 23
3 391 260
3 398 146
3 17 13
3 124 291
3 94 1
4 15 357
5 84 94
6 186 365
6 146 221
7 397 267
7 238 92
8 89 60
8 82 137
8 218 111
9 247 399
11 160 214
11 371 328
11 94 38
12 193 238
12 244 273
13 236 220
13 374 189
14 111 379
14 114 202
14 355 319
14 245 321
14 341 141
15 210 336
15 38 298
15 87 79
16 337 370
16 91 163
16 219 121
16 94 145
18 143 323
19 138 216
20 382 322
20 182 121
21 82 10
22 380 202
22 34 113
22 212 373
22 365 386
22 302 1
23 378 255
23 110 175
24 181 111
24 229 348
25 96 106
25 250 203
25 99 265
25 70 222
25 191 392
26 168 376
26 273 363
26 158 81
27 360 22
28 113 240
28 91 314
29 198 320
30 232 247
30 236 396
30 149 303
30 167 238
31 273 347
31 43 250
31 127 20
32 289 100
32 258 29
32 398 315
32 225 369
33 339 213
33 293 274
35 56 363
35 50 273
35 362 199
36 252 55
36 198 323
36 175 34
37 352 138
37 197 369
37 382 233
38 325 268
38 41 84
38 177 130
38 83 263
38 85 223
39 43 26
39 71 106
40 389 28
41 90 353
42 72 162
42 314 48
42 109 318
42 119 268
43 394 158
43 324 312
44 147 151
44 214 295
45 186 207
45 171 398
46 100 377
47 138 221
48 146 267
48 357 233
49 296 275
49 88 339
49 196 118
50 277 395
50 254 161
52 184 289
52 322 227
52 259 74
52 348 50
52 341 296
53 192 142
53 339 251
53 236 328
54 329 223
54 226 126
54 315 38
54 195 325
54 311 223
55 317 335
55 326 283
57 375 230
57 355 228
57 223 195
58 373 391
58 78 196
58 285 138
60 177 22
61 211 347
62 290 74
62 348 315
62 127 120
64 353 153
64 154 141
64 363 278
65 193 152
65 150 305
65 344 212
65 249 154
65 378 346
65 284 205
66 169 152
66 259 21
66 316 122
66 191 154
67 320 214
67 274 294
68 216 35
68 225 27
69 248 358
69 236 160
70 291 55
70 126 310
71 139 83
71 332 360
71 311 153
71 184 312
71 154 309
72 285 255
73 137 281
75 360 70
76 256 378
76 97 19
76 135 294
76 270 358
76 311 225
77 132 297
78 150 129
79 150 249
80 387 74
80 332 77
82 393 29
82 160 235
82 284 377
83 265 51
84 312 116
84 202 394
84 354 89
84 170 175
85 235 96
85 166 140
85 175 263
86 94 211
87 296 106
87 392 13
88 190 292
88 345 356
89 168 71
89 337 392
89 376 231
91 200 318
91 177 366
91 379 101
92 321 175
92 298 385
92 187 148
93 178 236
94 304 156
94 291 334
94 119 316
95 244 33
95 155 363
95 356 13
95 196 188
96 226 186
96 245 365
96 181 156
97 155 113
99 275 242
99 159 384
100 207 300
100 183 284
101 363 361
101 217 284
101 347 371
101 184 68
102 253 273
105 261 41
106 228 380
106 223 387
107 183 388
108 250 12
108 291 231
108 306 302
109 315 79
109 386 90
109 155 303
110 383 195
111 267 253
112 214 58
112 380 78
112 293 3
112 382 341
112 381 337
113 355 388
114 363 257
114 379 68
115 265 17
116 275 128
117 186 249
118 193 150
119 134 266
119 296 271
119 282 315
119 380 98
121 348 115
121 357 346
122 394 329
122 367 306
123 193 359
123 213 84
124 272 70
124 212 299
125 393 376
126 347 205
129 361 85
129 173 207
131 145 107
131 327 108
132 181 41
133 296 69
133 262 349
134 245 169
135 227 6
135 215 147
136 288 49
136 264 266
136 147 216
138 185 16
139 224 292
141 291 359
141 351 286
142 153 112
142 178 41
142 197 164
143 363 353
143 278 68
144 210 111
144 327 71
145 178 326
146 380 90
147 215 174
147 180 150
147 231 121
148 348 96
148 342 41
149 170 237
149 387 338
150 241 65
151 288 199
151 281 327
151 202 399
151 302 269
151 343 230
152 166 350
153 259 204
154 272 284
154 210 31
154 387 304
155 303 264
156 377 356
156 215 144
157 327 310
158 320 8
158 301 131
158 182 161
159 294 356
160 289 229
160 322 227
160 219 352
161 296 275
161 335 247
162 170 298
162 270 175
163 371 138
164 241 55
165 231 395
166 385 289
166 240 289
166 300 214
167 171 159
167 397 373
168 194 354
168 361 265
169 344 15
169 374 156
169 231 85
171 316 205
172 338 226
174 203 15
174 308 344
175 203 370
176 297 102
177 228 295
178 192 53
178 384 11
179 337 286
181 322 48
181 231 310
181 342 244
182 295 109
183 281 319
184 378 211
184 258 398
185 290 8
185 261 177
185 329 222
185 274 181
185 287 132
186 345 136
186 294 355
187 208 321
188 300 230
188 189 109
192 328 341
192 207 271
193 237 321
193 244 384
196 319 218
197 260 46
199 259 299
200 384 378
200 325 85
201 250 284
201 379 228
202 371 263
203 363 365
205 354 154
206 261 13
207 275 207
207 334 117
209 279 253
212 253 301
213 314 283
215 242 25
216 224 303
216 298 187
216 237 330
217 340 106
218 325 257
219 306 254
219 325 203
219 264 196
220 304 291
220 309 269
221 364 119
224 306 112
225 386 89
227 228 156
229 241 239
230 301 229
230 294 26
231 355 284
231 357 143
231 367 309
232 305 92
232 394 347
232 367 188
234 250 345
235 291 234
237 313 243
238 303 332
239 252 108
242 303 315
242 316 330
243 395 195
245 308 370
247 345 80
250 280 105
252 378 122
252 374 126
255 384 271
255 322 275
256 328 367
257 274 15
258 387 170
259 322 164
262 287 51
264 383 193
265 328 234
268 298 348
268 307 63
268 388 83
272 397 316
272 341 261
274 307 191
275 298 42
278 285 83
279 350 397
280 315 336
280 331 102
280 308 250
283 308 337
284 344 140
287 327 20
288 337 92
288 348 291
289 353 268
289 377 271
290 390 5
293 305 71
297 395 395
301 341 199
302 308 36
303 379 266
304 335 207
307 317 371
308 347 323
314 393 91
317 388 60
320 343 299
325 357 2
325 379 179
329 364 70
335 359 247
336 341 68
344 386 307
346 359 167
349 383 101
352 395 85
357 385 308
358 397 297
359 394 40
360 375 248
363 378 43
364 380 148
368 390 340
384 385 298
