0 1056 114
0 196 390
0 724 975
1 672 154
2 492 791
2 309 37
5 24 978
5 410 308
5 1015 79
6 1059 594
7 1036 954
8 544 858
8 551 504
9 233 612
9 1066 1051
9 1067 676
9 949 675
9 769 515
10 1095 1054
10 525 57
10 87 754
11 800 500
11 398 581
11 615 104
12 793 58
12 922 170
12 334 501
12 182 902
13 489 57
13 644 88
13 753 287
14 684 714
15 482 359
15 831 386
16 172 724
16 44 52
16 293 876
18 348 1052
18 119 816
20 222 230
20 175 832
21 526 704
22 497 173
22 485 539
24 611 277
24 69 540
25 1095 1028
26 174 755
27 611 468
27 1086 1075
28 282 490
28 667 116
28 260 299
29 89 259
30 303 670
31 532 108
31 570 344
31 348 1026
31 446 667
32 408 172
32 185 720
32 310 801
33 963 201
33 836 107
33 687 715
34 1056 692
34 593 978
35 296 380
35 303 714
35 908 936
35 133 403
35 143 781
38 450 64
38 739 901
38 1046 570
39 761 1041
39 950 809
39 407 332
40 277 964
40 607 36
41 89 931
41 364 959
43 320 628
43 413 214
44 995 891
44 925 600
45 402 925
45 635 590
46 356 570
46 901 146
46 1071 349
47 144 668
47 588 495
48 723 512
49 667 153
49 110 1073
50 257 226
50 591 841
51 1029 173
52 1068 541
52 1094 884
52 1071 741
53 988 47
53 254 716
54 936 957
54 292 717
54 997 387
54 829 149
55 1008 515
55 753 324
55 307 1019
55 1014 84
55 1094 895
56 1001 242
56 811 53
58 257 556
58 178 345
59 664 762
59 372 923
60 936 374
60 131 184
60 598 1020
61 945 589
61 268 184
61 94 715
62 513 847
63 254 389
63 831 880
64 970 398
65 673 937
65 339 219
65 183 487
66 422 695
67 714 780
67 494 896
68 639 925
69 1035 931
69 892 128
69 963 115
69 199 274
70 320 16
70 106 13
70 517 27
70 503 806
71 738 228
71 1013 769
72 584 878
72 701 814
72 879 1008
73 131 393
73 392 518
73 1038 519
73 723 734
73 212 1072
73 758 215
73 1017 969
75 156 828
77 947 953
77 868 725
78 937 397
78 428 181
78 317 730
78 942 886
79 163 309
79 159 1063
79 86 75
79 303 55
80 868 749
81 335 269
82 377 452
82 820 368
83 191 828
83 271 814
84 323 750
84 308 533
84 343 1010
85 984 986
85 169 313
85 131 947
85 671 1062
86 112 402
87 330 1083
87 244 675
87 293 1049
88 688 630
88 170 21
88 1076 791
88 598 215
89 144 159
89 612 283
89 495 155
90 871 496
90 790 595
90 439 102
91 578 136
92 837 552
92 878 217
93 1088 709
93 569 450
93 1021 404
93 589 31
94 632 1039
94 727 238
95 98 498
95 866 1092
95 439 579
96 858 726
96 603 949
96 829 533
96 1079 550
100 196 125
101 490 751
101 877 414
102 866 506
103 648 710
103 899 270
103 431 182
104 1055 105
105 968 724
105 962 972
105 770 125
105 316 590
105 277 342
106 760 22
106 900 687
106 718 269
107 1080 855
107 540 486
107 663 610
109 641 840
109 137 624
110 1012 505
111 920 744
111 1092 219
112 738 97
112 467 390
112 300 996
112 309 451
113 820 965
114 779 206
114 596 505
115 128 680
115 596 771
116 1016 219
116 258 633
116 738 988
117 161 511
119 232 22
119 281 373
119 163 497
119 858 190
120 825 1015
120 1063 40
121 568 937
121 1039 348
123 545 145
123 594 443
123 837 433
124 706 38
125 962 295
125 203 1073
127 442 519
127 454 664
128 664 344
128 801 561
128 1086 937
128 311 310
129 728 796
129 422 713
130 378 514
130 547 196
131 875 526
131 478 699
132 746 584
132 323 837
133 327 971
134 648 38
134 569 550
134 770 171
134 299 800
134 1053 125
136 805 1088
137 452 842
137 938 664
137 172 38
137 820 603
137 726 10
138 452 245
139 513 227
139 930 1023
139 750 384
140 840 739
140 209 732
140 443 11
140 631 414
141 272 677
141 648 96
142 1033 922
142 908 1078
142 815 597
143 386 819
144 906 392
144 205 917
144 630 504
144 794 785
145 930 25
145 786 4
146 926 53
146 663 44
147 206 1021
148 538 453
148 1079 766
149 914 733
150 521 36
150 515 563
151 913 472
151 764 509
151 805 468
152 281 1083
152 1030 105
154 905 505
155 809 134
156 1081 1030
156 1058 490
156 860 546
157 501 710
158 986 661
160 762 1077
160 739 18
160 741 124
162 320 851
163 498 356
163 511 43
164 416 325
164 385 288
164 1076 616
164 582 8
165 1037 484
165 869 801
166 169 958
166 290 502
166 381 195
167 384 735
167 1014 530
168 775 611
168 927 497
169 724 324
170 409 305
171 597 223
171 862 328
171 679 319
172 844 868
172 965 1096
174 680 620
174 597 581
174 335 337
175 712 1001
175 908 1014
175 1060 1009
176 533 584
177 786 649
177 599 869
178 932 922
178 946 283
179 853 1061
181 896 228
181 698 217
182 607 559
183 515 311
183 860 448
183 617 1011
184 371 989
184 735 260
185 937 86
185 946 462
185 572 744
186 936 262
186 1056 945
186 853 211
187 986 344
187 964 665
188 371 134
188 1075 798
188 854 252
188 855 516
189 537 662
190 1064 474
190 618 1019
190 907 321
190 476 769
190 943 521
191 216 971
191 1049 531
191 319 1093
192 672 854
192 862 548
192 279 712
194 915 1087
194 445 248
194 223 866
195 1026 529
195 382 8
196 352 347
196 849 550
196 417 996
197 1057 210
197 644 554
198 1035 299
198 1052 605
199 377 723
199 355 191
200 401 822
201 365 535
201 606 746
202 640 597
202 865 267
202 548 297
202 540 441
203 386 571
203 521 449
203 875 1054
203 495 820
203 923 657
204 542 1076
205 482 480
205 941 540
206 350 741
207 393 931
207 986 257
207 348 266
207 538 1022
208 437 65
209 763 786
209 829 839
209 733 49
210 521 598
210 234 1043
210 916 15
210 769 129
210 431 496
211 895 31
211 319 597
212 742 849
214 585 714
214 287 346
215 948 807
215 381 612
216 536 508
217 1045 675
218 726 309
218 567 422
220 899 577
220 485 127
220 1037 631
221 686 1015
222 224 1044
222 514 121
223 228 987
223 732 340
223 245 931
223 735 761
224 913 601
226 960 611
226 256 1086
226 757 47
226 743 1072
227 256 130
227 848 930
227 914 964
227 636 1059
228 379 110
229 568 41
230 963 1051
230 397 697
230 390 128
231 554 987
231 565 1048
232 324 1030
233 793 394
233 466 458
233 903 460
235 649 976
235 991 200
236 438 848
236 582 1070
238 552 289
238 627 366
239 580 135
239 1005 859
240 815 499
241 665 226
241 670 20
242 424 417
243 554 911
243 724 164
243 815 237
245 708 675
245 358 407
245 1000 176
245 851 195
245 601 726
246 330 580
246 339 848
246 270 707
247 928 226
247 1057 902
247 931 19
248 909 835
249 736 691
249 1073 778
249 827 404
249 582 148
250 649 215
250 1053 293
250 513 930
251 888 814
251 489 77
251 1067 259
251 332 841
251 624 14
252 1024 1080
252 819 421
253 858 20
253 709 558
254 537 601
254 279 43
256 1088 1062
256 836 771
257 998 1005
257 589 235
257 1076 565
257 405 657
258 1001 1022
258 538 440
259 765 554
260 676 752
260 1046 403
261 619 68
261 1052 483
261 845 981
262 450 1024
262 717 270
263 624 778
263 676 967
264 524 801
265 672 958
265 419 590
265 572 430
266 851 705
266 979 512
266 938 935
266 949 749
267 545 804
267 934 325
268 738 431
268 836 242
268 399 1052
268 657 928
268 466 160
268 292 47
268 986 860
269 653 551
269 479 55
270 792 580
272 287 243
272 611 786
272 1015 607
273 464 656
273 401 335
275 425 378
275 303 722
276 1026 282
276 732 820
276 765 567
277 728 73
277 994 1000
277 514 371
279 568 724
279 518 39
279 1077 442
280 788 762
280 733 699
280 479 738
281 651 902
282 576 370
283 790 1099
284 569 201
284 611 50
284 485 602
284 518 348
285 896 994
285 963 560
285 1093 711
285 467 729
285 952 165
285 703 927
286 827 1062
286 662 866
287 326 471
287 551 673
288 547 497
289 834 732
289 411 829
290 1068 1017
291 1042 515
291 1079 106
291 1084 593
291 333 846
291 775 475
292 601 718
292 794 1057
293 662 841
293 911 483
294 1043 60
294 643 880
296 871 259
296 603 237
296 479 782
297 466 681
297 850 549
297 570 369
297 1046 207
297 999 838
301 858 137
301 1090 643
302 956 602
302 607 416
302 436 893
302 1012 82
302 471 545
304 400 286
304 930 559
305 675 11
305 709 1008
307 619 438
307 997 625
309 646 418
311 673 283
311 457 695
312 368 333
312 840 869
312 391 567
314 538 624
314 1028 978
314 1054 430
316 352 388
316 683 417
316 877 587
317 1060 1069
318 360 879
318 858 291
318 539 396
318 955 583
318 422 623
319 1039 643
321 386 863
322 402 197
322 563 895
323 548 580
324 493 313
325 327 667
326 496 280
327 978 932
327 818 791
327 341 990
328 680 869
328 386 295
328 955 718
329 532 692
330 424 280
330 344 777
331 865 744
331 1025 510
332 680 585
332 779 601
332 797 1003
333 518 511
334 799 604
335 988 445
335 510 436
335 625 592
337 739 4
337 495 415
338 1034 1009
338 940 5
338 389 769
339 737 723
339 802 1073
339 998 767
340 944 50
340 556 1026
340 1029 752
340 477 652
341 577 1026
341 516 203
342 515 581
343 632 649
344 393 60
345 485 316
347 489 281
348 1000 548
348 1098 536
348 1036 1091
348 1016 320
349 1060 186
350 360 244
350 1049 375
350 661 29
350 853 206
351 635 871
351 441 473
351 939 166
354 588 959
354 860 1091
354 470 326
356 564 1032
358 993 311
359 545 846
359 1098 748
359 420 603
359 743 788
360 873 351
361 744 540
362 422 696
364 1014 196
365 389 981
365 941 283
365 909 596
366 522 1000
367 610 203
370 1097 804
370 1042 1093
370 915 558
370 977 374
371 589 849
372 720 827
376 554 220
376 1021 683
376 398 669
376 959 935
377 785 286
377 723 503
378 1072 1081
378 610 482
379 1028 272
380 435 491
382 828 1083
383 593 141
387 427 482
388 495 326
388 614 358
388 542 382
388 863 136
389 706 457
389 673 670
390 776 231
390 475 1093
391 752 142
391 519 702
391 855 148
392 1051 250
392 925 201
392 553 276
393 475 653
393 621 579
394 720 495
394 974 823
395 724 336
395 460 963
396 508 831
396 1028 226
396 845 636
397 447 271
397 671 720
399 423 1051
400 685 567
400 567 125
401 763 993
402 672 855
402 717 165
402 629 130
405 671 738
405 589 558
405 417 213
407 826 699
407 955 191
407 949 524
407 518 343
409 765 763
409 943 760
410 1005 634
411 947 117
411 574 328
411 910 516
411 1071 11
412 1080 260
412 532 160
413 744 146
414 588 125
414 1076 571
415 577 735
415 773 861
416 833 54
416 850 436
417 1099 859
417 662 314
417 601 713
417 441 203
418 647 650
419 621 448
420 601 530
420 741 482
421 472 209
421 585 620
422 517 963
422 917 164
422 537 618
423 537 765
424 758 815
425 992 285
425 627 151
425 860 234
425 767 253
426 949 426
426 1038 75
427 1042 74
428 917 95
429 726 1011
429 781 597
429 702 575
430 1054 1068
432 875 643
432 747 621
432 988 810
432 878 1063
433 1088 932
433 1084 601
433 678 1011
435 932 342
435 590 59
435 830 7
436 475 725
436 1068 865
438 916 621
439 690 557
439 494 543
440 896 668
440 441 357
441 1006 221
442 847 583
443 717 576
445 816 229
445 790 939
447 534 868
448 588 964
449 884 108
450 815 1097
451 878 779
451 790 310
452 480 1094
452 669 770
454 654 177
455 607 1013
456 910 130
457 799 604
457 631 272
458 787 867
459 930 853
459 598 434
459 751 393
461 993 771
461 785 661
462 941 979
462 902 735
463 578 540
465 582 523
466 678 724
466 491 485
466 701 405
467 474 469
467 830 289
468 894 678
469 644 1001
471 496 294
471 689 886
471 957 750
473 736 156
473 1051 1074
474 956 627
476 893 1001
476 519 745
477 886 390
479 640 1017
480 844 949
480 611 540
480 1005 273
480 815 63
481 592 44
481 1054 858
482 899 32
483 970 781
484 793 615
484 730 647
485 590 244
485 1075 665
486 895 774
488 929 249
489 954 830
489 581 660
490 950 244
492 548 847
494 654 1043
497 598 548
500 1088 752
502 599 45
503 855 124
503 943 403
504 898 424
504 1061 463
506 980 477
507 691 522
508 704 114
508 740 1025
509 748 280
509 591 152
510 993 257
510 999 565
510 645 472
510 943 1090
511 988 689
511 931 183
512 696 263
513 810 854
513 820 524
513 828 564
514 547 275
514 677 1012
514 1030 1074
514 909 959
514 1012 753
514 927 1085
517 580 152
520 681 876
520 987 195
520 815 484
521 592 536
521 898 693
522 985 1079
522 607 735
523 636 780
525 586 719
525 1013 986
525 934 1077
526 1056 352
528 915 13
528 926 559
529 1045 49
530 1080 221
530 673 440
530 924 401
530 856 560
530 1073 615
532 808 148
532 892 144
533 896 180
536 990 623
538 873 856
538 898 75
538 831 40
541 1088 898
541 581 1047
542 1026 1014
542 1013 676
543 923 109
546 827 982
547 664 713
547 713 1018
549 651 357
550 819 841
551 842 8
551 725 1009
552 833 439
552 1047 845
553 652 13
553 718 711
554 674 341
555 716 320
556 1000 894
558 585 142
559 981 959
560 866 447
561 941 425
562 969 961
564 794 1030
566 739 442
566 759 74
569 1045 1019
570 889 165
570 970 470
570 1054 641
571 930 699
572 1080 3
573 614 666
573 655 637
574 955 1035
576 942 786
577 793 960
577 633 1047
578 779 919
578 841 662
579 737 885
579 625 611
579 791 914
580 632 556
580 674 380
581 885 364
582 898 645
583 717 682
586 1043 35
588 872 323
588 953 1075
588 988 882
589 731 341
592 994 391
593 648 862
594 843 490
594 803 622
594 838 502
595 760 23
596 1096 173
597 648 1081
598 608 1090
598 648 363
599 915 869
600 775 1036
601 801 548
602 944 567
602 664 245
602 658 1088
603 1033 657
604 771 994
605 683 1054
608 1017 11
608 611 977
608 609 164
609 937 813
609 1013 907
610 1072 905
610 675 981
610 850 719
613 943 18
614 783 280
614 975 165
616 729 69
616 722 420
616 940 780
616 689 383
617 952 9
617 1002 649
618 1041 140
618 748 168
618 1013 993
619 1013 1058
620 711 871
620 647 314
623 1072 160
623 885 1011
624 936 558
624 921 261
625 874 5
628 803 559
633 708 6
637 788 408
637 791 884
640 947 215
640 796 897
641 824 939
642 762 753
642 708 413
644 995 318
644 900 410
645 1041 168
645 942 675
645 902 803
646 1050 324
647 746 583
647 1023 293
648 820 567
648 701 10
649 759 850
650 758 769
650 719 520
651 671 1059
652 831 46
653 708 1071
654 802 692
656 852 628
658 680 243
658 706 976
659 668 453
659 804 277
660 1001 545
663 745 273
664 936 951
664 1037 595
669 682 18
670 828 1053
671 905 527
672 706 800
673 960 754
673 786 28
675 1066 409
676 736 960
676 843 495
680 1026 253
684 1074 182
688 776 2
688 746 658
689 993 990
690 1051 633
691 1008 994
691 906 208
692 901 247
694 721 297
696 890 914
697 1035 664
698 886 709
699 1046 994
701 968 312
703 857 906
705 1032 912
706 828 497
707 792 490
707 724 930
708 723 818
710 1033 211
710 753 560
711 865 1008
712 800 861
712 857 45
713 830 1019
713 751 312
714 1040 433
714 895 941
715 932 855
716 956 369
716 717 108
719 1004 1060
721 1064 388
721 819 723
721 812 150
722 820 262
723 938 300
723 1085 746
724 764 628
725 828 598
726 1093 887
729 1043 373
729 1075 153
731 1018 93
733 1033 1074
735 932 305
736 904 1085
738 940 554
741 828 976
741 1093 832
741 840 863
742 1073 954
743 1063 554
744 834 75
745 949 211
745 806 664
747 794 842
747 1003 853
747 1031 1029
748 760 1035
748 781 308
751 1011 713
751 803 1062
754 824 424
754 945 1016
754 1012 225
755 1088 181
755 801 110
755 916 738
757 771 608
758 787 979
759 874 459
761 922 161
761 1044 1042
761 1021 722
762 831 649
764 1075 421
765 768 216
766 1018 525
766 838 256
767 886 952
769 1069 350
769 959 247
770 1084 486
771 1022 642
772 928 519
773 1058 720
773 782 161
774 815 433
777 819 70
777 1029 959
778 1025 772
781 1076 819
782 981 451
783 986 483
783 1006 58
785 1006 884
788 838 166
788 1077 587
789 1011 1
789 1038 317
791 856 433
791 999 996
792 888 378
793 917 844
795 859 593
798 873 756
799 954 3
799 961 743
802 902 434
805 816 99
807 981 772
807 927 576
809 939 269
810 842 433
810 1095 176
812 870 817
813 896 836
813 923 745
817 952 453
817 1098 772
819 1035 556
821 891 623
825 985 483
827 832 704
830 863 863
836 872 894
838 984 837
838 971 85
840 946 887
843 880 502
852 1073 461
853 964 392
854 929 878
857 1083 638
861 1025 1027
861 994 764
865 1040 836
868 1033 319
868 1095 198
872 1069 1045
874 985 534
875 994 681
884 1001 718
886 948 675
887 1051 768
892 1033 587
895 1040 1023
898 1015 414
900 940 805
905 949 264
907 987 302
908 1079 681
909 994 83
911 1068 683
913 1085 994
921 1002 796
923 1002 561
925 989 672
925 1078 626
925 983 29
926 1045 9
926 999 903
928 1058 147
928 1054 517
929 1020 429
931 986 268
932 1071 556
932 1007 493
933 944 607
933 948 700
934 1060 1043
936 970 990
936 971 144
944 1031 356
945 1042 364
950 959 1060
951 1002 13
951 980 668
953 1047 987
955 1054 426
959 1097 53
962 1063 172
968 1066 434
974 1083 1036
976 1052 459
976 1045 1023
977 1071 170
978 1050 88
983 995 173
988 996 922
1002 1019 389
1002 1053 681
1003 1015 373
1009 1040 251
1010 1094 535
1018 1092 290
1019 1081 550
1027 1067 151
1040 1093 556
1046 1077 1069
1051 1098 690
1054 1067 329
1077 1094 777
