0 491 1
0 7 1
0 265 1
0 10 1
0 24 1
0 409 1
0 26 1
0 411 1
0 158 1
0 166 1
0 39 1
0 307 1
0 181 1
0 60 1
0 332 1
0 468 1
0 471 1
0 483 1
0 102 1
0 167 1
0 237 1
0 112 1
0 242 1
0 373 1
0 118 1
0 253 1
0 382 1
1 261 1
1 262 1
1 265 1
1 149 1
1 219 1
1 167 1
1 169 1
1 303 1
1 176 1
1 177 1
1 62 1
1 324 1
1 197 1
1 199 1
1 207 1
1 213 1
1 89 1
1 346 1
1 335 1
1 482 1
1 423 1
1 241 1
1 116 1
1 119 1
1 253 1
2 4 1
2 133 1
2 7 1
2 8 1
2 273 1
2 275 1
2 152 1
2 27 1
2 5 1
2 417 1
2 421 1
2 297 1
2 42 1
2 175 1
2 177 1
2 182 1
2 312 1
2 319 1
2 193 1
2 69 1
2 326 1
2 201 1
2 76 1
2 349 1
2 227 1
2 236 1
2 499 1
3 448 1
3 240 1
3 423 1
3 257 1
3 8 1
3 340 1
3 11 1
3 302 1
3 125 1
3 157 1
3 401 1
3 114 1
3 435 1
3 148 1
3 349 1
3 217 1
3 239 1
3 61 1
4 392 1
4 137 1
4 11 1
4 276 1
4 278 1
4 303 1
4 29 1
4 30 1
4 427 1
4 174 1
4 175 1
4 58 1
4 452 1
4 75 1
4 333 1
4 334 1
4 336 1
4 90 1
4 349 1
4 464 1
4 360 1
4 491 1
4 120 1
4 253 1
4 255 1
5 132 1
5 265 1
5 396 1
5 13 1
5 145 1
5 402 1
5 278 1
5 282 1
5 27 1
5 157 1
5 161 1
5 419 1
5 164 1
5 48 1
5 177 1
5 51 1
5 312 1
5 57 1
5 191 1
5 459 1
5 324 1
5 70 1
5 72 1
5 75 1
5 341 1
5 356 1
5 230 1
5 361 1
5 234 1
5 112 1
5 244 1
5 117 1
5 374 1
6 256 1
6 129 1
6 134 1
6 136 1
6 393 1
6 400 1
6 146 1
6 282 1
6 287 1
6 296 1
6 42 1
6 427 1
6 300 1
6 45 1
6 302 1
6 52 1
6 54 1
6 308 1
6 188 1
6 69 1
6 198 1
6 86 1
6 344 1
6 474 1
6 476 1
6 477 1
6 363 1
7 384 1
7 259 1
7 11 1
7 396 1
7 398 1
7 24 1
7 431 1
7 28 1
7 32 1
7 34 1
7 163 1
7 47 1
7 436 1
7 182 1
7 313 1
7 187 1
7 318 1
7 67 1
7 69 1
7 72 1
7 80 1
7 85 1
7 215 1
7 478 1
7 354 1
7 99 1
7 229 1
7 233 1
7 492 1
7 243 1
7 247 1
7 341 1
8 352 1
8 292 1
8 73 1
8 106 1
8 46 1
8 477 1
8 114 1
8 83 1
8 21 1
8 246 1
8 393 1
8 312 1
8 313 1
8 218 1
8 317 1
8 53 1
9 136 1
9 138 1
9 194 1
9 142 1
9 400 1
9 25 1
9 162 1
9 292 1
9 427 1
9 51 1
9 308 1
9 457 1
9 441 1
9 186 1
9 444 1
9 117 1
9 64 1
9 322 1
9 70 1
9 329 1
9 420 1
9 83 1
9 341 1
9 377 1
9 217 1
9 378 1
9 373 1
9 121 1
9 122 1
9 124 1
10 192 1
10 290 1
10 278 1
10 357 1
10 232 1
10 234 1
10 75 1
10 12 1
10 467 1
10 180 1
10 214 1
10 151 1
10 216 1
10 122 1
10 27 1
10 351 1
11 390 1
11 392 1
11 274 1
11 411 1
11 287 1
11 18 1
11 164 1
11 170 1
11 437 1
11 440 1
11 314 1
11 199 1
11 356 1
11 357 1
11 102 1
11 492 1
11 365 1
11 242 1
11 243 1
11 244 1
11 124 1
11 255 1
12 387 1
12 393 1
12 395 1
12 21 1
12 23 1
12 155 1
12 159 1
12 33 1
12 418 1
12 92 1
12 429 1
12 56 1
12 195 1
12 453 1
12 417 1
12 332 1
12 339 1
12 84 1
12 214 1
12 473 1
12 219 1
12 220 1
12 222 1
12 352 1
12 102 1
12 488 1
12 233 1
12 366 1
12 370 1
12 372 1
12 149 1
13 384 1
13 137 1
13 450 1
13 398 1
13 407 1
13 411 1
13 389 1
13 168 1
13 170 1
13 178 1
13 311 1
13 193 1
13 322 1
13 330 1
13 183 1
13 120 1
13 211 1
13 90 1
13 478 1
13 351 1
13 481 1
13 230 1
13 493 1
13 498 1
13 499 1
13 376 1
14 453 1
14 347 1
14 228 1
14 278 1
14 326 1
14 231 1
14 200 1
14 106 1
14 363 1
14 365 1
14 175 1
14 464 1
14 274 1
14 83 1
14 20 1
14 85 1
14 150 1
14 345 1
14 283 1
14 159 1
15 259 1
15 132 1
15 133 1
15 269 1
15 493 1
15 275 1
15 495 1
15 412 1
15 30 1
15 34 1
15 170 1
15 300 1
15 52 1
15 311 1
15 184 1
15 317 1
15 319 1
15 454 1
15 456 1
15 459 1
15 473 1
15 234 1
15 363 1
15 237 1
15 238 1
15 189 1
15 19 1
16 132 1
16 261 1
16 265 1
16 21 1
16 169 1
16 429 1
16 181 1
16 317 1
16 318 1
16 437 1
16 336 1
16 211 1
16 356 1
16 96 1
16 464 1
16 100 1
16 229 1
16 104 1
16 106 1
16 365 1
16 368 1
16 242 1
16 62 1
16 250 1
17 386 1
17 394 1
17 408 1
17 27 1
17 287 1
17 417 1
17 290 1
17 302 1
17 54 1
17 312 1
17 194 1
17 68 1
17 326 1
17 339 1
17 217 1
17 91 1
17 224 1
17 482 1
17 105 1
17 493 1
17 496 1
17 369 1
17 245 1
17 122 1
17 255 1
18 131 1
18 262 1
18 136 1
18 402 1
18 281 1
18 410 1
18 283 1
18 416 1
18 36 1
18 175 1
18 184 1
18 458 1
18 333 1
18 465 1
18 346 1
18 476 1
18 482 1
18 484 1
18 107 1
18 146 1
18 499 1
18 251 1
18 126 1
19 137 1
19 141 1
19 146 1
19 276 1
19 21 1
19 159 1
19 34 1
19 38 1
19 437 1
19 57 1
19 59 1
19 193 1
19 455 1
19 469 1
19 89 1
19 223 1
19 114 1
19 119 1
19 125 1
19 382 1
19 255 1
20 302 1
20 385 1
20 131 1
20 22 1
20 480 1
20 136 1
20 431 1
20 77 1
20 205 1
20 304 1
20 232 1
20 51 1
20 53 1
20 86 1
20 377 1
20 376 1
20 121 1
20 303 1
20 494 1
20 117 1
21 390 1
21 143 1
21 145 1
21 302 1
21 183 1
21 445 1
21 322 1
21 70 1
21 199 1
21 457 1
21 466 1
21 83 1
21 473 1
21 225 1
21 103 1
21 61 1
21 339 1
21 382 1
22 385 1
22 260 1
22 261 1
22 391 1
22 407 1
22 25 1
22 287 1
22 166 1
22 177 1
22 436 1
22 437 1
22 442 1
22 194 1
22 453 1
22 329 1
22 80 1
22 83 1
22 86 1
22 349 1
22 232 1
22 238 1
22 371 1
22 121 1
22 379 1
22 381 1
23 389 1
23 263 1
23 397 1
23 274 1
23 155 1
23 283 1
23 412 1
23 133 1
23 419 1
23 165 1
23 38 1
23 41 1
23 42 1
23 52 1
23 60 1
23 319 1
23 322 1
23 37 1
23 356 1
23 363 1
23 498 1
23 499 1
23 379 1
24 390 1
24 273 1
24 404 1
24 410 1
24 285 1
24 416 1
24 164 1
24 134 1
24 174 1
24 432 1
24 53 1
24 188 1
24 191 1
24 64 1
24 326 1
24 459 1
24 77 1
24 461 1
24 84 1
24 342 1
24 344 1
24 477 1
24 359 1
24 244 1
24 118 1
24 378 1
24 379 1
25 384 1
25 65 1
25 267 1
25 295 1
25 243 1
25 40 1
25 75 1
25 460 1
25 365 1
25 493 1
25 496 1
25 49 1
25 51 1
25 54 1
25 409 1
25 250 1
25 60 1
25 415 1
26 384 1
26 363 1
26 406 1
26 201 1
26 170 1
26 203 1
26 109 1
26 49 1
26 340 1
26 222 1
26 182 1
26 279 1
26 478 1
26 90 1
26 125 1
26 158 1
26 127 1
27 256 1
27 136 1
27 429 1
27 151 1
27 367 1
27 284 1
27 41 1
27 173 1
27 59 1
27 317 1
27 191 1
27 448 1
27 321 1
27 68 1
27 334 1
27 483 1
27 472 1
27 346 1
27 227 1
27 359 1
27 61 1
27 114 1
27 373 1
27 297 1
27 124 1
28 256 1
28 384 1
28 261 1
28 262 1
28 397 1
28 155 1
28 157 1
28 297 1
28 426 1
28 304 1
28 443 1
28 196 1
28 198 1
28 78 1
28 96 1
28 227 1
28 100 1
28 358 1
28 237 1
28 240 1
28 243 1
28 425 1
28 122 1
28 382 1
29 458 1
29 34 1
29 235 1
29 36 1
29 101 1
29 325 1
29 324 1
29 201 1
29 266 1
29 132 1
29 483 1
29 354 1
29 47 1
29 80 1
29 469 1
29 85 1
29 213 1
29 188 1
29 189 1
29 191 1
30 385 1
30 135 1
30 401 1
30 284 1
30 285 1
30 295 1
30 169 1
30 173 1
30 53 1
30 62 1
30 193 1
30 328 1
30 331 1
30 205 1
30 334 1
30 341 1
30 220 1
30 356 1
30 485 1
30 242 1
31 136 1
31 272 1
31 273 1
31 150 1
31 154 1
31 417 1
31 169 1
31 174 1
31 182 1
31 439 1
31 57 1
31 314 1
31 197 1
31 326 1
31 457 1
31 79 1
31 472 1
31 94 1
31 226 1
31 99 1
31 363 1
31 116 1
31 124 1
31 255 1
32 260 1
32 275 1
32 279 1
32 161 1
32 290 1
32 419 1
32 167 1
32 42 1
32 429 1
32 303 1
32 432 1
32 50 1
32 308 1
32 181 1
32 313 1
32 319 1
32 333 1
32 206 1
32 342 1
32 344 1
32 98 1
32 107 1
32 109 1
32 238 1
32 239 1
33 129 1
33 259 1
33 390 1
33 400 1
33 276 1
33 412 1
33 38 1
33 179 1
33 187 1
33 190 1
33 63 1
33 459 1
33 76 1
33 466 1
33 211 1
33 341 1
33 342 1
33 92 1
33 95 1
33 225 1
33 230 1
33 493 1
34 257 1
34 394 1
34 494 1
34 161 1
34 294 1
34 430 1
34 496 1
34 478 1
34 441 1
34 186 1
34 318 1
34 324 1
34 456 1
34 457 1
34 205 1
34 207 1
34 80 1
34 216 1
34 474 1
34 143 1
34 94 1
34 422 1
34 360 1
34 110 1
34 495 1
34 240 1
34 243 1
34 251 1
34 381 1
34 382 1
35 384 1
35 289 1
35 450 1
35 102 1
35 199 1
35 136 1
35 491 1
35 333 1
35 141 1
35 46 1
35 303 1
35 432 1
35 168 1
35 370 1
35 53 1
35 214 1
35 471 1
35 91 1
35 264 1
35 85 1
36 320 1
36 385 1
36 397 1
36 142 1
36 282 1
36 287 1
36 39 1
36 429 1
36 439 1
36 184 1
36 57 1
36 59 1
36 192 1
36 469 1
36 214 1
36 87 1
36 344 1
36 227 1
36 231 1
36 380 1
36 106 1
36 240 1
36 373 1
36 374 1
36 247 1
36 252 1
36 443 1
37 395 1
37 164 1
37 297 1
37 301 1
37 430 1
37 433 1
37 179 1
37 311 1
37 313 1
37 443 1
37 196 1
37 73 1
37 77 1
37 206 1
37 333 1
37 420 1
37 346 1
37 350 1
37 479 1
37 104 1
37 369 1
37 382 1
38 448 1
38 163 1
38 407 1
38 422 1
38 488 1
38 169 1
38 42 1
38 343 1
38 237 1
38 366 1
38 381 1
38 461 1
38 53 1
38 397 1
38 452 1
38 346 1
38 378 1
39 129 1
39 418 1
39 419 1
39 393 1
39 103 1
39 145 1
39 105 1
39 202 1
39 455 1
39 161 1
39 489 1
39 304 1
39 49 1
39 487 1
39 85 1
39 246 1
39 233 1
39 313 1
39 123 1
40 257 1
40 387 1
40 263 1
40 493 1
40 400 1
40 274 1
40 404 1
40 418 1
40 423 1
40 174 1
40 385 1
40 53 1
40 313 1
40 318 1
40 325 1
40 71 1
40 200 1
40 337 1
40 365 1
40 496 1
40 378 1
40 382 1
41 133 1
41 262 1
41 193 1
41 137 1
41 151 1
41 283 1
41 425 1
41 429 1
41 302 1
41 178 1
41 65 1
41 407 1
41 69 1
41 326 1
41 458 1
41 472 1
41 217 1
41 488 1
41 221 1
41 360 1
41 481 1
41 379 1
41 232 1
41 362 1
41 113 1
41 245 1
41 127 1
41 255 1
42 387 1
42 386 1
42 152 1
42 420 1
42 301 1
42 434 1
42 55 1
42 57 1
42 189 1
42 325 1
42 328 1
42 79 1
42 83 1
42 213 1
42 474 1
42 229 1
42 233 1
42 107 1
42 110 1
43 131 1
43 133 1
43 179 1
43 155 1
43 418 1
43 48 1
43 456 1
43 306 1
43 51 1
43 441 1
43 60 1
43 328 1
43 465 1
43 86 1
43 92 1
43 351 1
43 481 1
43 229 1
43 231 1
43 361 1
43 367 1
43 251 1
44 130 1
44 235 1
44 467 1
44 101 1
44 134 1
44 327 1
44 457 1
44 203 1
44 435 1
44 142 1
44 367 1
44 83 1
44 382 1
44 54 1
44 55 1
44 408 1
44 218 1
44 479 1
44 215 1
44 261 1
45 131 1
45 264 1
45 137 1
45 272 1
45 405 1
45 158 1
45 166 1
45 295 1
45 426 1
45 49 1
45 178 1
45 316 1
45 192 1
45 194 1
45 67 1
45 202 1
45 469 1
45 93 1
45 223 1
45 365 1
45 494 1
45 243 1
45 244 1
46 352 1
46 416 1
46 354 1
46 357 1
46 390 1
46 467 1
46 299 1
46 387 1
46 142 1
46 307 1
46 341 1
46 398 1
46 475 1
46 383 1
47 258 1
47 388 1
47 138 1
47 141 1
47 143 1
47 146 1
47 287 1
47 297 1
47 302 1
47 185 1
47 61 1
47 117 1
47 451 1
47 455 1
47 213 1
47 478 1
47 224 1
47 363 1
47 364 1
47 373 1
47 119 1
47 126 1
48 165 1
48 450 1
48 131 1
48 358 1
48 263 1
48 454 1
48 137 1
48 170 1
48 268 1
48 111 1
48 147 1
48 468 1
48 245 1
48 219 1
48 159 1
48 190 1
48 63 1
49 131 1
49 151 1
49 145 1
49 404 1
49 279 1
49 153 1
49 425 1
49 430 1
49 434 1
49 53 1
49 65 1
49 329 1
49 76 1
49 82 1
49 339 1
49 213 1
49 343 1
49 217 1
49 476 1
49 224 1
49 481 1
49 356 1
49 273 1
49 490 1
49 498 1
49 377 1
49 123 1
50 129 1
50 98 1
50 256 1
50 71 1
50 343 1
50 109 1
50 206 1
50 303 1
50 240 1
50 369 1
50 52 1
50 153 1
50 56 1
50 57 1
50 218 1
50 347 1
50 253 1
50 413 1
51 259 1
51 140 1
51 144 1
51 196 1
51 261 1
51 294 1
51 167 1
51 310 1
51 447 1
51 66 1
51 68 1
51 454 1
51 329 1
51 76 1
51 342 1
51 471 1
51 344 1
51 478 1
51 102 1
51 124 1
51 254 1
52 273 1
52 405 1
52 410 1
52 283 1
52 286 1
52 159 1
52 425 1
52 306 1
52 191 1
52 455 1
52 83 1
52 341 1
52 377 1
52 89 1
52 93 1
52 481 1
52 485 1
52 246 1
52 376 1
52 249 1
52 251 1
53 267 1
53 406 1
53 160 1
53 422 1
53 427 1
53 429 1
53 175 1
53 437 1
53 439 1
53 56 1
53 316 1
53 190 1
53 64 1
53 462 1
53 470 1
53 219 1
53 224 1
53 60 1
53 111 1
53 374 1
53 475 1
54 266 1
54 398 1
54 407 1
54 408 1
54 295 1
54 424 1
54 426 1
54 303 1
54 451 1
54 197 1
54 340 1
54 213 1
54 87 1
54 219 1
54 478 1
54 353 1
54 227 1
54 485 1
54 103 1
54 234 1
54 108 1
54 494 1
54 371 1
54 377 1
54 122 1
54 490 1
54 382 1
55 256 1
55 481 1
55 66 1
55 424 1
55 388 1
55 401 1
55 136 1
55 459 1
55 306 1
55 143 1
55 81 1
55 286 1
55 85 1
55 482 1
55 247 1
55 475 1
55 220 1
55 62 1
55 277 1
56 386 1
56 142 1
56 402 1
56 187 1
56 60 1
56 190 1
56 447 1
56 192 1
56 457 1
56 75 1
56 216 1
56 217 1
56 219 1
56 95 1
56 480 1
56 98 1
56 492 1
56 146 1
56 446 1
56 62 1
56 380 1
56 381 1
57 137 1
57 146 1
57 275 1
57 413 1
57 198 1
57 327 1
57 307 1
57 436 1
57 309 1
57 182 1
57 193 1
57 326 1
57 71 1
57 73 1
57 461 1
57 463 1
57 471 1
57 473 1
57 478 1
57 481 1
57 361 1
57 108 1
57 238 1
57 248 1
58 64 1
58 194 1
58 358 1
58 327 1
58 169 1
58 298 1
58 491 1
58 430 1
58 80 1
58 273 1
58 402 1
58 212 1
58 181 1
58 433 1
58 468 1
58 186 1
58 446 1
59 257 1
59 387 1
59 136 1
59 87 1
59 140 1
59 271 1
59 153 1
59 166 1
59 307 1
59 310 1
59 188 1
59 189 1
59 62 1
59 196 1
59 330 1
59 207 1
59 84 1
59 470 1
59 215 1
59 475 1
59 97 1
59 354 1
59 379 1
59 485 1
59 358 1
59 361 1
59 108 1
59 366 1
59 495 1
59 118 1
59 376 1
59 340 1
59 122 1
59 251 1
60 263 1
60 322 1
60 198 1
60 302 1
60 188 1
60 448 1
60 480 1
60 66 1
60 326 1
60 71 1
60 332 1
60 464 1
60 86 1
60 199 1
60 351 1
60 352 1
60 228 1
60 357 1
60 490 1
60 495 1
60 113 1
61 225 1
61 290 1
61 373 1
61 421 1
61 263 1
61 104 1
61 330 1
61 471 1
61 334 1
61 143 1
61 336 1
61 323 1
61 311 1
61 377 1
61 285 1
61 361 1
62 395 1
62 269 1
62 150 1
62 283 1
62 414 1
62 429 1
62 183 1
62 186 1
62 192 1
62 65 1
62 69 1
62 340 1
62 474 1
62 100 1
62 487 1
62 112 1
62 114 1
62 121 1
63 409 1
63 162 1
63 422 1
63 198 1
63 193 1
63 171 1
63 268 1
63 77 1
63 269 1
63 368 1
63 465 1
63 354 1
63 433 1
63 87 1
63 312 1
63 153 1
63 445 1
63 254 1
63 287 1
64 213 1
64 291 1
64 132 1
64 362 1
64 403 1
64 109 1
64 337 1
64 210 1
64 83 1
64 247 1
64 452 1
64 95 1
65 96 1
65 476 1
65 228 1
65 229 1
65 328 1
65 183 1
65 461 1
65 463 1
65 339 1
65 484 1
65 342 1
65 214 1
65 137 1
65 120 1
65 312 1
65 297 1
65 287 1
66 260 1
66 261 1
66 392 1
66 266 1
66 397 1
66 270 1
66 403 1
66 285 1
66 414 1
66 165 1
66 167 1
66 168 1
66 298 1
66 300 1
66 302 1
66 431 1
66 304 1
66 180 1
66 317 1
66 191 1
66 324 1
66 463 1
66 81 1
66 338 1
66 211 1
66 470 1
66 471 1
66 91 1
66 368 1
66 370 1
66 371 1
66 374 1
67 128 1
67 140 1
67 269 1
67 301 1
67 272 1
67 146 1
67 404 1
67 411 1
67 289 1
67 290 1
67 424 1
67 297 1
67 172 1
67 430 1
67 175 1
67 176 1
67 308 1
67 437 1
67 188 1
67 447 1
67 197 1
67 76 1
67 218 1
67 476 1
67 353 1
67 227 1
67 230 1
67 359 1
67 363 1
67 242 1
67 374 1
68 387 1
68 270 1
68 272 1
68 404 1
68 89 1
68 408 1
68 409 1
68 283 1
68 424 1
68 427 1
68 192 1
68 75 1
68 325 1
68 203 1
68 345 1
68 90 1
68 351 1
68 228 1
68 106 1
68 111 1
68 373 1
68 382 1
69 263 1
69 415 1
69 262 1
69 170 1
69 320 1
69 329 1
69 204 1
69 93 1
69 425 1
69 355 1
69 102 1
69 104 1
69 363 1
69 493 1
69 110 1
69 374 1
69 375 1
69 120 1
69 426 1
69 254 1
70 393 1
70 145 1
70 275 1
70 414 1
70 417 1
70 294 1
70 426 1
70 306 1
70 309 1
70 186 1
70 452 1
70 73 1
70 183 1
70 464 1
70 89 1
70 314 1
70 479 1
70 483 1
70 108 1
70 117 1
71 260 1
71 134 1
71 391 1
71 414 1
71 431 1
71 306 1
71 436 1
71 190 1
71 319 1
71 198 1
71 327 1
71 456 1
71 460 1
71 206 1
71 207 1
71 466 1
71 339 1
71 85 1
71 350 1
71 296 1
71 483 1
71 487 1
71 109 1
71 168 1
71 378 1
71 251 1
72 387 1
72 144 1
72 402 1
72 275 1
72 148 1
72 279 1
72 408 1
72 161 1
72 165 1
72 430 1
72 115 1
72 317 1
72 323 1
72 85 1
72 471 1
72 474 1
72 220 1
72 352 1
72 481 1
72 491 1
72 239 1
72 371 1
72 372 1
72 375 1
72 378 1
72 253 1
73 129 1
73 387 1
73 266 1
73 150 1
73 279 1
73 413 1
73 163 1
73 168 1
73 425 1
73 430 1
73 182 1
73 323 1
73 333 1
73 466 1
73 339 1
73 441 1
73 91 1
73 220 1
73 94 1
73 227 1
73 254 1
74 288 1
74 355 1
74 292 1
74 104 1
74 137 1
74 490 1
74 364 1
74 205 1
74 365 1
74 400 1
74 488 1
74 179 1
74 148 1
74 405 1
74 121 1
74 461 1
74 187 1
74 381 1
75 130 1
75 153 1
75 283 1
75 159 1
75 419 1
75 164 1
75 297 1
75 439 1
75 323 1
75 328 1
75 460 1
75 358 1
75 488 1
75 105 1
75 109 1
75 246 1
75 248 1
75 249 1
76 388 1
76 396 1
76 147 1
76 408 1
76 285 1
76 290 1
76 163 1
76 165 1
76 170 1
76 183 1
76 315 1
76 188 1
76 322 1
76 439 1
76 464 1
76 468 1
76 459 1
76 96 1
76 225 1
76 354 1
76 483 1
76 486 1
76 232 1
76 366 1
76 495 1
76 498 1
76 372 1
76 379 1
77 387 1
77 285 1
77 300 1
77 302 1
77 310 1
77 439 1
77 440 1
77 314 1
77 321 1
77 203 1
77 78 1
77 467 1
77 476 1
77 354 1
77 483 1
77 364 1
77 239 1
77 246 1
77 126 1
78 387 1
78 406 1
78 159 1
78 161 1
78 298 1
78 179 1
78 438 1
78 188 1
78 480 1
78 450 1
78 417 1
78 328 1
78 457 1
78 336 1
78 468 1
78 217 1
78 219 1
78 95 1
78 352 1
78 486 1
78 236 1
78 113 1
78 119 1
78 251 1
78 252 1
79 130 1
79 261 1
79 275 1
79 282 1
79 495 1
79 285 1
79 295 1
79 441 1
79 447 1
79 454 1
79 329 1
79 83 1
79 313 1
79 476 1
79 221 1
79 223 1
79 486 1
79 231 1
79 367 1
79 498 1
79 375 1
79 123 1
80 259 1
80 269 1
80 143 1
80 285 1
80 164 1
80 293 1
80 169 1
80 298 1
80 391 1
80 176 1
80 323 1
80 464 1
80 82 1
80 470 1
80 87 1
80 217 1
80 97 1
80 100 1
80 491 1
80 497 1
80 114 1
80 372 1
80 377 1
80 254 1
81 135 1
81 137 1
81 399 1
81 152 1
81 409 1
81 158 1
81 165 1
81 294 1
81 167 1
81 176 1
81 309 1
81 320 1
81 193 1
81 473 1
81 221 1
81 352 1
81 166 1
81 363 1
81 372 1
81 250 1
82 208 1
82 387 1
82 228 1
82 262 1
82 401 1
82 136 1
82 172 1
82 365 1
82 239 1
82 383 1
82 116 1
82 478 1
82 475 1
82 153 1
82 346 1
82 168 1
82 222 1
82 255 1
83 138 1
83 399 1
83 280 1
83 284 1
83 285 1
83 414 1
83 159 1
83 419 1
83 173 1
83 306 1
83 182 1
83 312 1
83 428 1
83 321 1
83 327 1
83 458 1
83 204 1
83 205 1
83 468 1
83 215 1
83 473 1
83 108 1
84 404 1
84 278 1
84 153 1
84 174 1
84 186 1
84 187 1
84 445 1
84 448 1
84 323 1
84 324 1
84 198 1
84 211 1
84 85 1
84 342 1
84 473 1
84 474 1
84 93 1
84 226 1
84 358 1
84 111 1
84 112 1
84 243 1
84 379 1
84 383 1
85 262 1
85 265 1
85 267 1
85 141 1
85 400 1
85 154 1
85 412 1
85 327 1
85 176 1
85 181 1
85 440 1
85 187 1
85 316 1
85 449 1
85 322 1
85 453 1
85 454 1
85 330 1
85 204 1
85 89 1
85 475 1
85 480 1
85 230 1
85 106 1
85 374 1
85 381 1
86 385 1
86 406 1
86 262 1
86 150 1
86 281 1
86 419 1
86 164 1
86 430 1
86 178 1
86 313 1
86 319 1
86 320 1
86 455 1
86 456 1
86 465 1
86 224 1
86 100 1
86 360 1
86 363 1
86 236 1
86 238 1
86 495 1
87 260 1
87 133 1
87 265 1
87 139 1
87 151 1
87 412 1
87 286 1
87 169 1
87 298 1
87 199 1
87 300 1
87 181 1
87 312 1
87 187 1
87 327 1
87 101 1
87 106 1
87 109 1
87 498 1
87 379 1
87 382 1
88 322 1
88 259 1
88 484 1
88 465 1
88 284 1
88 396 1
88 429 1
88 334 1
88 145 1
88 274 1
88 483 1
88 148 1
88 366 1
88 340 1
88 186 1
88 219 1
88 124 1
88 222 1
88 469 1
89 136 1
89 139 1
89 396 1
89 276 1
89 291 1
89 427 1
89 303 1
89 433 1
89 178 1
89 215 1
89 93 1
89 483 1
89 230 1
89 234 1
89 239 1
89 246 1
89 249 1
89 250 1
90 402 1
90 152 1
90 153 1
90 283 1
90 410 1
90 476 1
90 178 1
90 179 1
90 181 1
90 182 1
90 194 1
90 325 1
90 329 1
90 461 1
90 334 1
90 337 1
90 348 1
90 96 1
90 226 1
90 227 1
90 485 1
90 102 1
90 111 1
90 116 1
90 381 1
91 279 1
91 360 1
91 487 1
91 233 1
91 137 1
91 203 1
91 221 1
91 424 1
91 416 1
91 251 1
91 463 1
91 440 1
91 217 1
91 155 1
91 189 1
91 315 1
92 260 1
92 267 1
92 399 1
92 145 1
92 149 1
92 407 1
92 153 1
92 415 1
92 160 1
92 294 1
92 309 1
92 448 1
92 203 1
92 334 1
92 211 1
92 217 1
92 347 1
92 478 1
92 491 1
92 252 1
93 384 1
93 389 1
93 264 1
93 268 1
93 146 1
93 147 1
93 280 1
93 155 1
93 284 1
93 290 1
93 164 1
93 171 1
93 186 1
93 188 1
93 456 1
93 330 1
93 459 1
93 460 1
93 341 1
93 344 1
93 349 1
93 222 1
93 482 1
93 360 1
93 372 1
93 380 1
93 382 1
94 256 1
94 257 1
94 386 1
94 130 1
94 271 1
94 148 1
94 285 1
94 291 1
94 420 1
94 168 1
94 191 1
94 192 1
94 199 1
94 208 1
94 399 1
94 351 1
94 488 1
94 233 1
94 241 1
94 499 1
94 374 1
94 379 1
94 125 1
95 162 1
95 451 1
95 199 1
95 328 1
95 265 1
95 106 1
95 477 1
95 403 1
95 430 1
95 181 1
95 425 1
95 153 1
95 381 1
96 259 1
96 262 1
96 268 1
96 269 1
96 142 1
96 285 1
96 161 1
96 170 1
96 299 1
96 303 1
96 181 1
96 184 1
96 454 1
96 199 1
96 206 1
96 230 1
96 489 1
96 106 1
96 236 1
96 496 1
96 247 1
96 379 1
96 455 1
97 393 1
97 270 1
97 278 1
97 411 1
97 288 1
97 422 1
97 301 1
97 176 1
97 433 1
97 178 1
97 182 1
97 439 1
97 446 1
97 323 1
97 454 1
97 455 1
97 206 1
97 338 1
97 483 1
97 340 1
97 334 1
97 344 1
97 224 1
97 353 1
97 355 1
97 490 1
98 141 1
98 279 1
98 417 1
98 168 1
98 177 1
98 188 1
98 447 1
98 320 1
98 328 1
98 203 1
98 332 1
98 397 1
98 209 1
98 338 1
98 218 1
98 222 1
98 484 1
98 104 1
98 362 1
98 367 1
98 378 1
99 388 1
99 268 1
99 142 1
99 143 1
99 280 1
99 281 1
99 299 1
99 178 1
99 479 1
99 185 1
99 223 1
99 318 1
99 194 1
99 119 1
99 348 1
99 351 1
99 225 1
99 102 1
99 358 1
99 360 1
99 362 1
99 496 1
99 247 1
100 396 1
100 399 1
100 145 1
100 402 1
100 151 1
100 280 1
100 296 1
100 312 1
100 188 1
100 453 1
100 198 1
100 329 1
100 347 1
100 102 1
100 105 1
100 374 1
100 361 1
101 257 1
101 386 1
101 260 1
101 172 1
101 149 1
101 296 1
101 297 1
101 430 1
101 305 1
101 178 1
101 308 1
101 438 1
101 312 1
101 313 1
101 314 1
101 197 1
101 206 1
101 336 1
101 209 1
101 210 1
101 346 1
101 347 1
101 476 1
101 351 1
101 355 1
101 488 1
101 112 1
101 243 1
101 425 1
101 253 1
102 136 1
102 140 1
102 142 1
102 279 1
102 281 1
102 292 1
102 433 1
102 428 1
102 174 1
102 177 1
102 312 1
102 317 1
102 455 1
102 202 1
102 461 1
102 466 1
102 357 1
102 488 1
102 234 1
102 363 1
102 497 1
102 124 1
102 362 1
103 132 1
103 267 1
103 269 1
103 272 1
103 408 1
103 260 1
103 413 1
103 287 1
103 294 1
103 168 1
103 371 1
103 449 1
103 327 1
103 200 1
103 343 1
103 344 1
103 345 1
103 222 1
103 351 1
103 228 1
103 105 1
103 235 1
103 296 1
103 114 1
103 243 1
103 374 1
104 395 1
104 144 1
104 151 1
104 408 1
104 283 1
104 427 1
104 330 1
104 320 1
104 338 1
104 212 1
104 469 1
104 475 1
104 366 1
104 112 1
104 242 1
104 115 1
104 244 1
104 122 1
104 379 1
105 256 1
105 129 1
105 262 1
105 257 1
105 408 1
105 282 1
105 390 1
105 169 1
105 179 1
105 311 1
105 373 1
105 480 1
105 450 1
105 198 1
105 328 1
105 208 1
105 468 1
105 343 1
105 222 1
105 224 1
105 232 1
105 365 1
105 117 1
105 125 1
105 126 1
106 135 1
106 401 1
106 148 1
106 285 1
106 165 1
106 170 1
106 391 1
106 300 1
106 302 1
106 178 1
106 311 1
106 479 1
106 446 1
106 198 1
106 332 1
106 204 1
106 333 1
106 461 1
106 212 1
106 476 1
106 353 1
106 490 1
106 235 1
106 113 1
106 115 1
107 133 1
107 391 1
107 266 1
107 275 1
107 148 1
107 277 1
107 150 1
107 421 1
107 169 1
107 299 1
107 431 1
107 176 1
107 394 1
107 192 1
107 324 1
107 460 1
107 336 1
107 214 1
107 471 1
107 355 1
107 377 1
107 124 1
107 426 1
108 386 1
108 132 1
108 136 1
108 137 1
108 405 1
108 416 1
108 289 1
108 497 1
108 297 1
108 176 1
108 180 1
108 181 1
108 188 1
108 329 1
108 331 1
108 207 1
108 465 1
108 217 1
108 220 1
108 485 1
108 480 1
108 481 1
108 357 1
108 110 1
108 113 1
108 116 1
108 382 1
108 118 1
108 122 1
108 252 1
108 254 1
108 383 1
109 388 1
109 264 1
109 343 1
109 276 1
109 158 1
109 162 1
109 294 1
109 299 1
109 300 1
109 431 1
109 441 1
109 377 1
109 331 1
109 208 1
109 338 1
109 478 1
109 351 1
109 354 1
109 422 1
109 111 1
109 249 1
110 146 1
110 420 1
110 165 1
110 297 1
110 435 1
110 308 1
110 183 1
110 189 1
110 321 1
110 212 1
110 213 1
110 478 1
110 355 1
110 234 1
110 368 1
110 246 1
110 119 1
110 251 1
110 124 1
111 387 1
111 268 1
111 403 1
111 283 1
111 412 1
111 292 1
111 189 1
111 449 1
111 450 1
111 462 1
111 341 1
111 344 1
111 361 1
111 236 1
111 238 1
111 377 1
112 266 1
112 271 1
112 273 1
112 402 1
112 175 1
112 161 1
112 299 1
112 429 1
112 303 1
112 443 1
112 445 1
112 455 1
112 221 1
112 224 1
112 364 1
112 494 1
112 243 1
112 116 1
112 118 1
112 121 1
113 256 1
113 266 1
113 395 1
113 400 1
113 274 1
113 407 1
113 156 1
113 286 1
113 287 1
113 428 1
113 429 1
113 434 1
113 435 1
113 414 1
113 279 1
113 453 1
113 333 1
113 120 1
113 340 1
113 472 1
113 272 1
113 363 1
113 493 1
113 169 1
113 376 1
114 142 1
114 274 1
114 278 1
114 411 1
114 293 1
114 299 1
114 173 1
114 221 1
114 179 1
114 308 1
114 185 1
114 204 1
114 214 1
114 219 1
114 349 1
114 481 1
114 354 1
114 485 1
114 233 1
114 494 1
114 368 1
114 376 1
114 380 1
115 192 1
115 289 1
115 130 1
115 292 1
115 295 1
115 169 1
115 455 1
115 333 1
115 369 1
115 400 1
115 432 1
115 212 1
115 297 1
115 184 1
115 314 1
115 479 1
115 444 1
115 159 1
116 128 1
116 136 1
116 268 1
116 408 1
116 159 1
116 418 1
116 163 1
116 423 1
116 305 1
116 181 1
116 186 1
116 189 1
116 318 1
116 198 1
116 207 1
116 465 1
116 463 1
116 216 1
116 345 1
116 219 1
116 359 1
116 232 1
116 235 1
116 494 1
116 497 1
116 375 1
116 125 1
117 392 1
117 139 1
117 164 1
117 299 1
117 183 1
117 319 1
117 321 1
117 194 1
117 462 1
117 207 1
117 465 1
117 343 1
117 216 1
117 220 1
117 222 1
117 480 1
117 481 1
117 232 1
117 362 1
117 371 1
117 255 1
118 259 1
118 390 1
118 135 1
118 146 1
118 283 1
118 285 1
118 288 1
118 289 1
118 295 1
118 168 1
118 428 1
118 303 1
118 308 1
118 184 1
118 456 1
118 204 1
118 463 1
118 339 1
118 469 1
118 232 1
118 254 1
119 132 1
119 265 1
119 271 1
119 148 1
119 278 1
119 279 1
119 408 1
119 284 1
119 416 1
119 418 1
119 296 1
119 432 1
119 308 1
119 181 1
119 311 1
119 436 1
119 318 1
119 350 1
119 226 1
119 246 1
119 120 1
119 121 1
119 122 1
119 252 1
119 381 1
120 266 1
120 273 1
120 154 1
120 155 1
120 412 1
120 157 1
120 415 1
120 290 1
120 295 1
120 371 1
120 436 1
120 191 1
120 461 1
120 497 1
120 343 1
120 218 1
120 221 1
120 479 1
120 226 1
120 359 1
120 498 1
120 243 1
120 247 1
120 125 1
121 129 1
121 389 1
121 391 1
121 399 1
121 147 1
121 149 1
121 289 1
121 420 1
121 300 1
121 433 1
121 435 1
121 308 1
121 393 1
121 436 1
121 443 1
121 447 1
121 451 1
121 200 1
121 334 1
121 206 1
121 347 1
121 478 1
121 355 1
121 492 1
121 373 1
121 374 1
121 375 1
122 400 1
122 159 1
122 161 1
122 294 1
122 176 1
122 183 1
122 184 1
122 196 1
122 330 1
122 333 1
122 467 1
122 355 1
122 484 1
122 367 1
123 384 1
123 390 1
123 267 1
123 397 1
123 195 1
123 417 1
123 291 1
123 176 1
123 178 1
123 185 1
123 323 1
123 206 1
123 209 1
123 465 1
123 363 1
123 492 1
123 239 1
123 368 1
123 369 1
123 374 1
123 249 1
124 235 1
124 394 1
124 268 1
124 273 1
124 387 1
124 410 1
124 286 1
124 417 1
124 283 1
124 436 1
124 434 1
124 180 1
124 414 1
124 137 1
124 185 1
124 439 1
124 333 1
124 343 1
124 347 1
124 479 1
124 228 1
124 252 1
124 381 1
125 385 1
125 388 1
125 139 1
125 145 1
125 276 1
125 290 1
125 168 1
125 319 1
125 451 1
125 206 1
125 337 1
125 485 1
125 231 1
125 496 1
125 242 1
125 373 1
125 233 1
126 144 1
126 402 1
126 153 1
126 414 1
126 453 1
126 296 1
126 302 1
126 307 1
126 440 1
126 187 1
126 193 1
126 450 1
126 325 1
126 326 1
126 460 1
126 332 1
126 339 1
126 340 1
126 476 1
126 238 1
126 499 1
126 248 1
126 251 1
127 192 1
127 225 1
127 226 1
127 163 1
127 357 1
127 326 1
127 480 1
127 290 1
127 269 1
127 334 1
127 177 1
127 210 1
127 403 1
127 340 1
127 430 1
127 316 1
127 349 1
128 182 1
128 295 1
128 298 1
128 439 1
128 403 1
128 301 1
128 451 1
128 175 1
128 465 1
128 243 1
128 180 1
128 286 1
128 150 1
128 311 1
128 280 1
128 148 1
128 447 1
128 190 1
128 287 1
129 267 1
129 145 1
129 429 1
129 323 1
129 336 1
129 395 1
129 378 1
129 350 1
129 485 1
129 358 1
129 487 1
129 490 1
129 491 1
129 370 1
129 245 1
129 250 1
130 387 1
130 269 1
130 143 1
130 144 1
130 156 1
130 164 1
130 175 1
130 304 1
130 439 1
130 313 1
130 325 1
130 205 1
130 333 1
130 467 1
130 216 1
130 477 1
130 351 1
130 485 1
130 359 1
130 490 1
130 239 1
130 255 1
131 134 1
131 391 1
131 268 1
131 269 1
131 400 1
131 403 1
131 405 1
131 158 1
131 164 1
131 294 1
131 479 1
131 445 1
131 146 1
131 199 1
131 211 1
131 471 1
131 346 1
131 223 1
131 352 1
131 237 1
131 242 1
131 373 1
131 447 1
132 162 1
132 323 1
132 330 1
132 237 1
132 462 1
132 178 1
132 276 1
132 406 1
132 152 1
132 474 1
132 415 1
133 171 1
133 261 1
133 134 1
133 135 1
133 394 1
133 398 1
133 407 1
133 280 1
133 363 1
133 156 1
133 161 1
133 294 1
133 176 1
133 305 1
133 215 1
133 464 1
133 481 1
133 484 1
133 490 1
133 499 1
134 256 1
134 258 1
134 260 1
134 140 1
134 413 1
134 159 1
134 162 1
134 291 1
134 421 1
134 436 1
134 185 1
134 314 1
134 451 1
134 326 1
134 332 1
134 480 1
134 353 1
134 482 1
134 486 1
134 238 1
134 373 1
134 249 1
135 137 1
135 139 1
135 269 1
135 401 1
135 369 1
135 169 1
135 174 1
135 304 1
135 442 1
135 318 1
135 323 1
135 324 1
135 198 1
135 334 1
135 466 1
135 241 1
135 190 1
135 246 1
135 381 1
136 365 1
136 273 1
136 151 1
136 393 1
136 166 1
136 424 1
136 309 1
136 324 1
136 183 1
136 460 1
136 348 1
136 224 1
136 353 1
136 487 1
136 237 1
137 385 1
137 395 1
137 396 1
137 294 1
137 439 1
137 191 1
137 450 1
137 196 1
137 337 1
137 313 1
137 233 1
137 378 1
138 391 1
138 264 1
138 266 1
138 283 1
138 417 1
138 187 1
138 317 1
138 196 1
138 200 1
138 335 1
138 337 1
138 472 1
138 360 1
138 363 1
138 496 1
138 243 1
138 375 1
138 377 1
138 251 1
139 142 1
139 405 1
139 150 1
139 283 1
139 419 1
139 168 1
139 433 1
139 311 1
139 445 1
139 317 1
139 318 1
139 449 1
139 459 1
139 229 1
139 358 1
139 231 1
139 489 1
139 239 1
139 424 1
139 277 1
140 179 1
140 391 1
140 141 1
140 273 1
140 323 1
140 150 1
140 279 1
140 280 1
140 296 1
140 169 1
140 305 1
140 312 1
140 322 1
140 454 1
140 435 1
140 487 1
140 246 1
141 389 1
141 145 1
141 283 1
141 416 1
141 292 1
141 170 1
141 433 1
141 178 1
141 312 1
141 185 1
141 194 1
141 354 1
141 463 1
141 291 1
141 340 1
141 472 1
141 221 1
141 483 1
141 234 1
141 369 1
141 467 1
142 450 1
142 262 1
142 349 1
142 372 1
142 439 1
142 324 1
142 473 1
142 468 1
142 157 1
142 413 1
142 390 1
143 262 1
143 391 1
143 397 1
143 276 1
143 406 1
143 188 1
143 318 1
143 324 1
143 327 1
143 463 1
143 209 1
143 340 1
143 473 1
143 486 1
144 401 1
144 148 1
144 407 1
144 287 1
144 166 1
144 179 1
144 437 1
144 311 1
144 184 1
144 197 1
144 458 1
144 471 1
144 472 1
144 221 1
144 479 1
144 486 1
144 369 1
144 404 1
144 253 1
145 386 1
145 387 1
145 429 1
145 216 1
145 147 1
145 152 1
145 410 1
145 285 1
145 368 1
145 162 1
145 422 1
145 348 1
145 171 1
145 301 1
145 431 1
145 306 1
145 307 1
145 191 1
145 323 1
145 418 1
145 209 1
145 213 1
145 344 1
145 355 1
145 401 1
145 238 1
145 240 1
145 403 1
146 257 1
146 284 1
146 292 1
146 179 1
146 184 1
146 314 1
146 444 1
146 449 1
146 329 1
146 330 1
146 205 1
146 341 1
146 222 1
146 355 1
146 147 1
146 244 1
146 377 1
146 383 1
147 363 1
147 392 1
147 397 1
147 279 1
147 295 1
147 300 1
147 303 1
147 180 1
147 312 1
147 193 1
147 451 1
147 326 1
147 332 1
147 330 1
147 440 1
147 476 1
147 354 1
147 355 1
147 229 1
147 234 1
147 235 1
147 381 1
147 254 1
148 409 1
148 413 1
148 158 1
148 427 1
148 193 1
148 325 1
148 326 1
148 209 1
148 227 1
148 234 1
148 238 1
148 499 1
148 381 1
149 290 1
149 486 1
149 289 1
149 172 1
149 171 1
149 417 1
149 498 1
149 308 1
149 405 1
149 185 1
149 412 1
149 364 1
149 159 1
150 402 1
150 201 1
150 283 1
150 157 1
150 287 1
150 323 1
150 196 1
150 325 1
150 457 1
150 331 1
150 462 1
150 469 1
150 217 1
150 479 1
150 483 1
150 485 1
150 488 1
150 371 1
150 372 1
151 387 1
151 262 1
151 281 1
151 427 1
151 299 1
151 178 1
151 446 1
151 193 1
151 456 1
151 208 1
151 349 1
151 479 1
151 354 1
151 234 1
151 239 1
151 240 1
151 370 1
152 261 1
152 284 1
152 285 1
152 173 1
152 302 1
152 177 1
152 435 1
152 206 1
152 343 1
152 348 1
152 354 1
152 227 1
152 360 1
152 364 1
152 369 1
152 381 1
153 263 1
153 478 1
153 156 1
153 157 1
153 289 1
153 164 1
153 294 1
153 391 1
153 304 1
153 309 1
153 189 1
153 448 1
153 194 1
153 222 1
153 490 1
153 235 1
153 468 1
153 250 1
153 381 1
154 257 1
154 389 1
154 385 1
154 265 1
154 407 1
154 408 1
154 282 1
154 284 1
154 415 1
154 418 1
154 420 1
154 432 1
154 308 1
154 316 1
154 192 1
154 195 1
154 196 1
154 463 1
154 365 1
154 369 1
155 277 1
155 284 1
155 285 1
155 418 1
155 296 1
155 308 1
155 439 1
155 446 1
155 195 1
155 453 1
155 457 1
155 333 1
155 213 1
155 218 1
155 226 1
155 485 1
155 499 1
156 449 1
156 163 1
156 457 1
156 267 1
156 365 1
156 398 1
156 445 1
156 336 1
156 436 1
156 246 1
156 279 1
156 280 1
156 378 1
156 379 1
156 443 1
156 473 1
156 223 1
157 276 1
157 409 1
157 291 1
157 167 1
157 426 1
157 174 1
157 303 1
157 318 1
157 329 1
157 459 1
157 334 1
157 463 1
157 465 1
157 270 1
157 232 1
157 491 1
157 373 1
157 375 1
157 255 1
158 262 1
158 392 1
158 395 1
158 387 1
158 412 1
158 417 1
158 427 1
158 301 1
158 437 1
158 341 1
158 471 1
158 271 1
158 224 1
158 368 1
158 245 1
158 383 1
159 397 1
159 474 1
159 416 1
159 290 1
159 291 1
159 420 1
159 301 1
159 442 1
159 315 1
159 331 1
159 217 1
159 346 1
159 232 1
159 361 1
159 376 1
159 251 1
159 252 1
160 259 1
160 388 1
160 267 1
160 268 1
160 406 1
160 161 1
160 220 1
160 430 1
160 311 1
160 327 1
160 439 1
160 338 1
160 212 1
160 222 1
160 486 1
160 359 1
160 361 1
160 491 1
160 237 1
160 497 1
160 246 1
160 378 1
160 381 1
160 383 1
161 449 1
161 265 1
161 283 1
161 420 1
161 303 1
161 306 1
161 445 1
161 453 1
161 202 1
161 209 1
161 338 1
161 334 1
161 343 1
161 219 1
161 221 1
161 478 1
161 479 1
161 359 1
161 360 1
161 247 1
162 387 1
162 261 1
162 273 1
162 413 1
162 288 1
162 289 1
162 420 1
162 425 1
162 305 1
162 315 1
162 191 1
162 199 1
162 457 1
162 460 1
162 205 1
162 338 1
162 217 1
162 222 1
162 353 1
162 358 1
163 272 1
163 275 1
163 276 1
163 279 1
163 412 1
163 426 1
163 303 1
163 313 1
163 314 1
163 456 1
163 343 1
163 474 1
163 358 1
163 360 1
163 233 1
163 240 1
163 403 1
163 246 1
163 375 1
163 379 1
163 380 1
163 381 1
164 256 1
164 263 1
164 285 1
164 474 1
164 417 1
164 298 1
164 322 1
164 455 1
164 206 1
164 341 1
164 218 1
164 246 1
164 251 1
164 469 1
165 389 1
165 209 1
165 241 1
165 365 1
165 307 1
165 266 1
165 286 1
165 296 1
166 224 1
166 418 1
166 494 1
166 265 1
166 302 1
166 333 1
166 211 1
166 468 1
166 341 1
166 361 1
166 377 1
166 222 1
167 259 1
167 494 1
167 279 1
167 414 1
167 453 1
167 174 1
167 197 1
167 461 1
167 208 1
167 211 1
167 232 1
167 490 1
167 238 1
167 244 1
167 253 1
168 385 1
168 387 1
168 388 1
168 411 1
168 414 1
168 172 1
168 439 1
168 196 1
168 206 1
168 212 1
168 477 1
168 225 1
168 228 1
168 360 1
168 235 1
168 378 1
169 256 1
169 395 1
169 270 1
169 404 1
169 282 1
169 411 1
169 425 1
169 428 1
169 306 1
169 478 1
169 183 1
169 319 1
169 449 1
169 330 1
169 439 1
169 337 1
169 468 1
169 213 1
169 475 1
169 442 1
169 222 1
169 355 1
169 422 1
169 231 1
169 360 1
169 236 1
169 383 1
169 252 1
169 341 1
170 260 1
170 268 1
170 274 1
170 404 1
170 406 1
170 295 1
170 176 1
170 436 1
170 443 1
170 417 1
170 332 1
170 208 1
170 222 1
170 231 1
170 360 1
170 423 1
170 244 1
170 374 1
170 460 1
171 274 1
171 284 1
171 420 1
171 422 1
171 175 1
171 180 1
171 181 1
171 446 1
171 309 1
171 195 1
171 199 1
171 200 1
171 336 1
171 342 1
171 221 1
171 357 1
171 495 1
171 252 1
172 262 1
172 265 1
172 398 1
172 179 1
172 317 1
172 447 1
172 453 1
172 204 1
172 208 1
172 214 1
172 215 1
172 358 1
172 234 1
172 239 1
172 296 1
172 248 1
172 380 1
173 225 1
173 323 1
173 243 1
173 490 1
173 332 1
173 238 1
173 397 1
173 368 1
173 210 1
173 496 1
173 342 1
173 381 1
173 447 1
174 384 1
174 268 1
174 411 1
174 284 1
174 303 1
174 315 1
174 444 1
174 225 1
174 361 1
174 295 1
174 241 1
174 245 1
174 380 1
175 266 1
175 395 1
175 258 1
175 403 1
175 278 1
175 413 1
175 298 1
175 438 1
175 185 1
175 442 1
175 317 1
175 328 1
175 460 1
175 215 1
175 359 1
175 233 1
175 253 1
176 260 1
176 265 1
176 394 1
176 277 1
176 414 1
176 288 1
176 290 1
176 307 1
176 446 1
176 200 1
176 350 1
176 357 1
176 493 1
177 420 1
177 391 1
177 201 1
177 235 1
177 460 1
177 271 1
177 464 1
177 434 1
177 469 1
177 495 1
177 249 1
177 493 1
177 455 1
178 391 1
178 419 1
178 191 1
178 225 1
178 329 1
178 333 1
178 207 1
178 215 1
178 472 1
178 479 1
178 356 1
178 487 1
178 238 1
179 260 1
179 493 1
179 495 1
179 411 1
179 313 1
179 457 1
179 210 1
179 342 1
179 216 1
179 225 1
179 482 1
179 235 1
179 492 1
179 466 1
179 494 1
179 239 1
179 374 1
179 382 1
180 385 1
180 475 1
180 358 1
180 481 1
180 297 1
180 450 1
180 433 1
180 187 1
180 350 1
180 491 1
181 384 1
181 387 1
181 389 1
181 269 1
181 366 1
181 474 1
181 306 1
181 244 1
181 316 1
181 446 1
181 192 1
181 193 1
181 327 1
181 361 1
181 225 1
181 487 1
181 232 1
181 233 1
181 238 1
181 374 1
181 377 1
182 203 1
182 332 1
182 239 1
182 432 1
182 209 1
182 352 1
182 340 1
182 213 1
182 342 1
182 475 1
182 476 1
183 270 1
183 403 1
183 408 1
183 283 1
183 295 1
183 441 1
183 196 1
183 201 1
183 331 1
183 462 1
183 208 1
183 497 1
183 350 1
183 223 1
183 482 1
183 486 1
183 369 1
184 384 1
184 389 1
184 280 1
184 300 1
184 322 1
184 458 1
184 211 1
184 342 1
184 218 1
184 271 1
184 220 1
184 478 1
184 354 1
184 484 1
184 487 1
184 369 1
185 387 1
185 265 1
185 275 1
185 473 1
185 299 1
185 440 1
185 320 1
185 328 1
185 458 1
185 333 1
185 340 1
185 344 1
185 217 1
185 367 1
185 239 1
185 243 1
185 245 1
185 376 1
185 251 1
186 279 1
186 302 1
186 304 1
186 306 1
186 438 1
186 322 1
186 326 1
186 454 1
186 334 1
186 208 1
186 337 1
186 340 1
186 462 1
186 473 1
186 421 1
186 353 1
186 492 1
186 237 1
186 367 1
186 250 1
187 265 1
187 291 1
187 263 1
187 431 1
187 437 1
187 443 1
187 444 1
187 193 1
187 455 1
187 466 1
187 228 1
187 487 1
187 368 1
187 242 1
187 380 1
187 469 1
188 384 1
188 257 1
188 394 1
188 397 1
188 407 1
188 280 1
188 422 1
188 413 1
188 305 1
188 196 1
188 197 1
188 464 1
188 471 1
188 222 1
188 480 1
188 361 1
188 234 1
188 239 1
188 496 1
188 499 1
188 251 1
189 385 1
189 386 1
189 260 1
189 399 1
189 273 1
189 239 1
189 290 1
189 428 1
189 303 1
189 304 1
189 436 1
189 445 1
189 471 1
189 478 1
189 359 1
189 489 1
190 387 1
190 266 1
190 397 1
190 402 1
190 281 1
190 430 1
190 196 1
190 325 1
190 207 1
190 338 1
190 469 1
190 342 1
190 219 1
190 371 1
190 244 1
190 248 1
190 251 1
190 383 1
191 194 1
191 278 1
191 421 1
191 430 1
191 478 1
191 443 1
191 195 1
191 454 1
191 463 1
191 467 1
191 473 1
191 481 1
191 360 1
191 238 1
191 488 1
192 269 1
192 273 1
192 452 1
192 426 1
192 435 1
192 245 1
192 457 1
192 202 1
192 348 1
192 222 1
192 483 1
192 235 1
192 373 1
192 379 1
193 263 1
193 272 1
193 280 1
193 305 1
193 434 1
193 499 1
193 199 1
193 329 1
193 470 1
193 223 1
193 353 1
193 244 1
194 385 1
194 390 1
194 413 1
194 418 1
194 420 1
194 423 1
194 432 1
194 308 1
194 437 1
194 438 1
194 452 1
194 337 1
194 478 1
194 250 1
195 224 1
195 448 1
195 246 1
195 422 1
195 357 1
195 233 1
195 447 1
195 397 1
195 334 1
195 305 1
195 414 1
195 214 1
195 364 1
195 285 1
195 222 1
196 387 1
196 413 1
196 287 1
196 291 1
196 295 1
196 433 1
196 448 1
196 200 1
196 210 1
196 486 1
196 238 1
196 255 1
197 324 1
197 246 1
197 428 1
197 330 1
197 423 1
197 396 1
197 369 1
197 273 1
197 405 1
197 495 1
197 447 1
198 273 1
198 281 1
198 415 1
198 303 1
198 434 1
198 317 1
198 452 1
198 200 1
198 204 1
198 347 1
198 352 1
198 232 1
198 366 1
198 369 1
198 243 1
198 245 1
198 233 1
198 447 1
198 254 1
199 390 1
199 284 1
199 428 1
199 306 1
199 436 1
199 437 1
199 471 1
199 473 1
199 475 1
199 484 1
199 358 1
199 251 1
200 276 1
200 452 1
200 417 1
200 290 1
200 306 1
200 436 1
200 326 1
200 333 1
200 337 1
200 398 1
200 222 1
200 480 1
200 226 1
200 484 1
200 234 1
200 492 1
200 237 1
200 250 1
201 264 1
201 401 1
201 420 1
201 429 1
201 307 1
201 311 1
201 442 1
201 323 1
201 331 1
201 460 1
201 211 1
201 213 1
201 343 1
201 472 1
201 350 1
201 497 1
201 376 1
201 250 1
202 290 1
202 419 1
202 326 1
202 424 1
202 470 1
202 426 1
202 203 1
202 303 1
202 423 1
202 212 1
202 438 1
202 327 1
202 358 1
202 490 1
202 427 1
202 442 1
203 260 1
203 275 1
203 281 1
203 289 1
203 423 1
203 305 1
203 437 1
203 442 1
203 447 1
203 343 1
203 473 1
203 220 1
203 221 1
203 239 1
203 240 1
203 253 1
204 271 1
204 273 1
204 277 1
204 407 1
204 297 1
204 442 1
204 321 1
204 462 1
204 465 1
204 212 1
204 353 1
204 358 1
204 487 1
204 248 1
204 254 1
205 390 1
205 391 1
205 397 1
205 420 1
205 296 1
205 304 1
205 306 1
205 325 1
205 457 1
205 342 1
205 479 1
205 232 1
205 495 1
205 373 1
205 375 1
205 253 1
206 284 1
206 427 1
206 313 1
206 318 1
206 224 1
206 454 1
206 456 1
206 334 1
206 293 1
206 482 1
206 252 1
207 459 1
207 390 1
207 232 1
207 423 1
207 215 1
207 316 1
207 349 1
207 405 1
208 394 1
208 395 1
208 408 1
208 283 1
208 432 1
208 419 1
208 297 1
208 301 1
208 304 1
208 306 1
208 446 1
208 215 1
208 474 1
208 479 1
208 368 1
208 241 1
208 377 1
208 252 1
209 389 1
209 265 1
209 274 1
209 409 1
209 294 1
209 470 1
209 310 1
209 373 1
209 325 1
209 289 1
209 354 1
209 468 1
209 469 1
209 342 1
209 271 1
209 350 1
209 353 1
209 361 1
209 363 1
209 367 1
209 499 1
209 245 1
209 251 1
209 252 1
210 486 1
210 307 1
210 339 1
210 331 1
210 332 1
210 461 1
210 393 1
210 409 1
210 410 1
210 252 1
210 442 1
210 254 1
211 257 1
211 385 1
211 393 1
211 280 1
211 426 1
211 427 1
211 455 1
211 213 1
211 472 1
211 357 1
211 231 1
211 254 1
211 469 1
212 307 1
212 297 1
212 239 1
212 398 1
212 342 1
212 462 1
212 445 1
212 479 1
212 252 1
212 478 1
212 442 1
213 258 1
213 389 1
213 263 1
213 273 1
213 269 1
213 403 1
213 286 1
213 419 1
213 293 1
213 300 1
213 414 1
213 327 1
213 456 1
213 333 1
213 397 1
213 464 1
213 340 1
213 482 1
213 231 1
213 487 1
213 497 1
214 385 1
214 386 1
214 260 1
214 390 1
214 407 1
214 414 1
214 287 1
214 423 1
214 304 1
214 305 1
214 455 1
214 268 1
214 331 1
214 336 1
214 292 1
214 481 1
214 226 1
214 357 1
215 388 1
215 398 1
215 289 1
215 297 1
215 304 1
215 305 1
215 313 1
215 344 1
215 474 1
215 347 1
215 482 1
215 357 1
215 365 1
215 373 1
215 246 1
215 425 1
215 249 1
216 256 1
216 391 1
216 269 1
216 274 1
216 283 1
216 420 1
216 294 1
216 426 1
216 453 1
216 344 1
216 474 1
216 490 1
216 250 1
216 381 1
217 268 1
217 274 1
217 405 1
217 280 1
217 411 1
217 423 1
217 330 1
217 333 1
217 468 1
217 224 1
217 359 1
217 239 1
217 496 1
217 241 1
217 370 1
217 244 1
218 267 1
218 284 1
218 285 1
218 316 1
218 458 1
218 460 1
218 475 1
218 476 1
218 230 1
218 488 1
218 364 1
218 494 1
218 499 1
218 245 1
219 265 1
219 286 1
219 426 1
219 306 1
219 442 1
219 322 1
219 325 1
219 454 1
219 463 1
219 466 1
219 350 1
219 353 1
219 357 1
219 231 1
219 488 1
219 233 1
219 359 1
219 238 1
219 252 1
220 262 1
220 267 1
220 399 1
220 423 1
220 424 1
220 298 1
220 301 1
220 307 1
220 315 1
220 321 1
220 332 1
220 337 1
220 355 1
220 343 1
220 478 1
220 227 1
220 232 1
220 233 1
220 490 1
220 494 1
220 378 1
220 460 1
221 269 1
221 280 1
221 427 1
221 430 1
221 431 1
221 496 1
221 312 1
221 444 1
221 327 1
221 456 1
221 340 1
221 346 1
221 479 1
221 493 1
221 373 1
221 250 1
222 451 1
222 300 1
222 301 1
222 430 1
222 314 1
222 416 1
222 325 1
222 396 1
222 465 1
222 378 1
223 411 1
223 290 1
223 424 1
223 307 1
223 310 1
223 315 1
223 459 1
223 460 1
223 343 1
223 345 1
223 347 1
223 479 1
223 230 1
223 497 1
223 370 1
223 243 1
224 391 1
224 275 1
224 413 1
224 433 1
224 309 1
224 343 1
224 488 1
224 235 1
224 249 1
224 382 1
225 259 1
225 392 1
225 273 1
225 403 1
225 306 1
225 410 1
225 416 1
225 418 1
225 419 1
225 338 1
225 479 1
225 229 1
225 487 1
225 235 1
225 236 1
225 238 1
225 368 1
225 245 1
225 250 1
226 262 1
226 449 1
226 271 1
226 291 1
226 421 1
226 423 1
226 300 1
226 301 1
226 432 1
226 305 1
226 283 1
226 441 1
226 321 1
226 324 1
226 466 1
226 350 1
226 485 1
226 229 1
226 359 1
227 273 1
227 278 1
227 282 1
227 424 1
227 299 1
227 305 1
227 445 1
227 454 1
227 463 1
227 336 1
227 233 1
227 250 1
227 254 1
227 255 1
228 488 1
228 437 1
228 359 1
228 402 1
228 408 1
228 398 1
228 433 1
228 280 1
228 292 1
228 254 1
228 383 1
229 384 1
229 258 1
229 299 1
229 271 1
229 280 1
229 282 1
229 427 1
229 291 1
229 422 1
229 457 1
229 316 1
229 329 1
229 334 1
229 488 1
229 242 1
229 249 1
230 290 1
230 357 1
230 264 1
230 298 1
230 364 1
230 462 1
230 342 1
230 255 1
230 252 1
230 362 1
231 299 1
231 263 1
231 274 1
231 282 1
231 410 1
231 418 1
231 422 1
231 312 1
231 334 1
231 338 1
231 486 1
231 366 1
231 376 1
232 386 1
232 259 1
232 393 1
232 427 1
232 410 1
232 282 1
232 284 1
232 285 1
232 286 1
232 299 1
232 318 1
232 456 1
232 334 1
232 340 1
232 348 1
232 297 1
232 354 1
232 233 1
232 379 1
233 266 1
233 271 1
233 409 1
233 418 1
233 326 1
233 442 1
233 448 1
233 333 1
233 345 1
233 242 1
233 372 1
233 377 1
233 254 1
234 283 1
234 290 1
234 291 1
234 420 1
234 305 1
234 432 1
234 434 1
234 328 1
234 460 1
234 461 1
234 419 1
234 471 1
234 472 1
234 403 1
234 375 1
235 256 1
235 386 1
235 307 1
235 396 1
235 397 1
235 402 1
235 494 1
235 416 1
235 311 1
235 446 1
235 480 1
235 450 1
235 453 1
235 460 1
235 463 1
235 365 1
235 366 1
236 420 1
236 374 1
236 482 1
236 336 1
236 366 1
236 247 1
236 313 1
236 345 1
237 449 1
237 483 1
237 461 1
237 424 1
237 432 1
237 308 1
237 341 1
237 470 1
237 372 1
237 379 1
237 497 1
238 397 1
238 275 1
238 413 1
238 287 1
238 478 1
238 482 1
238 361 1
238 245 1
238 381 1
239 388 1
239 268 1
239 281 1
239 421 1
239 302 1
239 440 1
239 321 1
239 457 1
239 462 1
239 476 1
239 351 1
239 362 1
239 242 1
239 247 1
239 490 1
240 390 1
240 275 1
240 289 1
240 443 1
240 444 1
240 318 1
240 348 1
240 353 1
240 356 1
240 485 1
240 361 1
240 490 1
240 491 1
240 380 1
240 383 1
241 393 1
241 269 1
241 280 1
241 408 1
241 287 1
241 294 1
241 429 1
241 439 1
241 442 1
241 443 1
241 449 1
241 322 1
241 337 1
241 341 1
241 347 1
241 486 1
241 492 1
241 248 1
241 379 1
242 272 1
242 409 1
242 422 1
242 308 1
242 319 1
242 331 1
242 467 1
242 340 1
242 472 1
242 350 1
242 487 1
242 493 1
242 251 1
243 288 1
243 297 1
243 437 1
243 440 1
243 441 1
243 487 1
243 494 1
243 370 1
244 386 1
244 321 1
244 301 1
244 272 1
244 278 1
244 285 1
244 391 1
244 434 1
244 309 1
244 460 1
244 464 1
244 354 1
244 486 1
244 358 1
244 367 1
244 488 1
244 298 1
245 397 1
245 494 1
245 413 1
245 445 1
245 327 1
245 463 1
245 464 1
245 472 1
245 479 1
245 486 1
245 371 1
245 250 1
245 380 1
245 254 1
246 394 1
246 402 1
246 404 1
246 325 1
246 305 1
246 499 1
246 310 1
246 316 1
246 317 1
246 319 1
246 330 1
246 469 1
246 475 1
246 493 1
246 371 1
247 257 1
247 259 1
247 364 1
247 280 1
247 412 1
247 290 1
247 306 1
247 443 1
247 452 1
247 470 1
247 420 1
247 490 1
247 494 1
247 248 1
247 315 1
248 259 1
248 365 1
248 375 1
248 309 1
249 266 1
249 273 1
249 390 1
249 297 1
249 298 1
249 299 1
249 431 1
249 438 1
249 443 1
249 449 1
249 327 1
249 329 1
249 458 1
249 476 1
249 356 1
249 359 1
249 489 1
249 371 1
249 373 1
249 375 1
249 253 1
250 344 1
250 445 1
250 370 1
250 307 1
250 400 1
250 383 1
251 386 1
251 268 1
251 280 1
251 419 1
251 443 1
251 498 1
251 475 1
251 329 1
251 469 1
251 482 1
251 355 1
251 357 1
251 465 1
251 368 1
251 446 1
251 374 1
251 252 1
251 253 1
252 256 1
252 427 1
252 272 1
252 274 1
252 405 1
252 406 1
252 416 1
252 296 1
252 306 1
252 435 1
252 442 1
252 470 1
252 345 1
252 464 1
252 379 1
252 356 1
252 486 1
253 258 1
253 276 1
253 427 1
253 302 1
253 328 1
253 313 1
253 316 1
253 336 1
253 465 1
253 344 1
253 355 1
253 358 1
253 493 1
253 374 1
253 380 1
253 383 1
254 396 1
254 400 1
254 282 1
254 412 1
254 413 1
254 303 1
254 432 1
254 310 1
254 457 1
254 315 1
254 475 1
254 351 1
254 363 1
254 443 1
255 257 1
255 387 1
255 269 1
255 398 1
255 409 1
255 416 1
255 440 1
255 442 1
255 316 1
255 326 1
255 460 1
255 334 1
255 344 1
256 274 1
256 278 1
256 284 1
256 351 1
256 323 1
256 330 1
256 463 1
256 337 1
256 471 1
256 346 1
256 293 1
256 356 1
256 485 1
256 496 1
256 297 1
256 382 1
257 402 1
257 387 1
257 404 1
257 412 1
257 419 1
257 423 1
257 300 1
257 312 1
257 442 1
257 437 1
257 325 1
257 456 1
257 334 1
257 462 1
257 350 1
257 370 1
258 262 1
258 347 1
258 422 1
258 327 1
258 489 1
258 363 1
258 271 1
258 497 1
258 404 1
258 463 1
258 473 1
258 474 1
258 444 1
258 357 1
259 280 1
259 297 1
259 480 1
259 301 1
259 442 1
259 449 1
259 325 1
259 337 1
259 469 1
259 353 1
259 354 1
259 487 1
259 498 1
260 386 1
260 266 1
260 272 1
260 275 1
260 415 1
260 438 1
260 442 1
260 333 1
260 339 1
260 474 1
260 351 1
260 403 1
260 378 1
261 480 1
261 355 1
261 292 1
261 356 1
261 339 1
261 482 1
261 276 1
261 471 1
261 324 1
261 282 1
262 390 1
262 391 1
262 265 1
262 386 1
262 420 1
262 299 1
262 432 1
262 308 1
262 398 1
262 480 1
262 328 1
262 335 1
262 472 1
262 345 1
262 338 1
262 494 1
262 368 1
262 499 1
263 386 1
263 402 1
263 407 1
263 409 1
263 430 1
263 452 1
263 332 1
263 335 1
263 472 1
263 292 1
263 274 1
263 494 1
264 453 1
264 395 1
264 368 1
264 465 1
264 362 1
264 308 1
264 301 1
264 414 1
265 391 1
265 475 1
265 300 1
265 442 1
265 452 1
265 336 1
266 395 1
266 272 1
266 431 1
266 368 1
266 426 1
266 437 1
266 311 1
266 441 1
266 316 1
266 318 1
266 327 1
266 352 1
266 359 1
266 488 1
267 392 1
267 269 1
267 398 1
267 289 1
267 419 1
267 423 1
267 302 1
267 434 1
267 328 1
267 330 1
267 484 1
267 358 1
267 491 1
267 378 1
268 277 1
268 410 1
268 477 1
268 304 1
268 444 1
268 319 1
268 346 1
268 370 1
268 372 1
268 375 1
268 383 1
269 469 1
269 406 1
269 279 1
269 412 1
269 290 1
269 296 1
269 298 1
269 442 1
269 315 1
269 317 1
269 399 1
269 336 1
269 492 1
269 496 1
269 426 1
270 389 1
270 295 1
270 382 1
270 366 1
270 394 1
270 341 1
270 378 1
270 412 1
270 329 1
271 406 1
271 281 1
271 416 1
271 444 1
271 455 1
271 456 1
271 348 1
271 352 1
271 379 1
272 399 1
272 275 1
272 406 1
272 288 1
272 290 1
272 420 1
272 425 1
272 318 1
272 327 1
272 419 1
272 477 1
272 361 1
272 467 1
272 375 1
272 381 1
273 439 1
273 386 1
273 304 1
273 311 1
273 332 1
273 331 1
273 382 1
274 387 1
274 394 1
274 408 1
274 290 1
274 294 1
274 498 1
274 447 1
274 454 1
274 458 1
274 464 1
274 467 1
274 479 1
274 485 1
274 366 1
275 389 1
275 392 1
275 394 1
275 276 1
275 388 1
275 427 1
275 432 1
275 442 1
275 313 1
275 475 1
275 348 1
275 400 1
275 485 1
275 487 1
275 490 1
276 390 1
276 407 1
276 420 1
276 496 1
276 319 1
276 324 1
276 331 1
276 332 1
276 340 1
276 341 1
276 471 1
276 349 1
276 354 1
276 368 1
276 469 1
277 416 1
277 368 1
277 322 1
277 422 1
277 334 1
277 402 1
277 340 1
277 309 1
277 479 1
277 442 1
277 381 1
277 319 1
278 406 1
278 287 1
278 298 1
278 304 1
278 312 1
278 317 1
278 440 1
278 349 1
278 360 1
278 374 1
279 391 1
279 401 1
279 297 1
279 298 1
279 309 1
279 438 1
279 352 1
279 381 1
280 405 1
280 408 1
280 282 1
280 325 1
280 436 1
280 310 1
280 326 1
280 469 1
280 480 1
280 366 1
280 372 1
280 374 1
280 382 1
281 288 1
281 361 1
281 382 1
281 364 1
281 436 1
281 309 1
281 315 1
281 413 1
281 485 1
282 295 1
282 494 1
282 328 1
282 377 1
282 431 1
282 412 1
282 474 1
283 404 1
283 367 1
283 421 1
283 422 1
283 303 1
283 437 1
283 449 1
283 450 1
283 331 1
283 455 1
283 335 1
283 469 1
283 336 1
283 376 1
284 404 1
284 409 1
284 285 1
284 421 1
284 296 1
284 477 1
284 446 1
284 319 1
284 329 1
284 335 1
284 337 1
284 352 1
284 356 1
284 357 1
284 363 1
285 388 1
285 390 1
285 402 1
285 405 1
285 407 1
285 413 1
285 288 1
285 431 1
285 309 1
285 466 1
285 349 1
285 489 1
285 363 1
285 378 1
286 352 1
286 395 1
286 496 1
286 302 1
286 495 1
286 464 1
286 451 1
286 441 1
286 317 1
286 475 1
286 293 1
287 384 1
287 398 1
287 415 1
287 417 1
287 437 1
287 310 1
287 420 1
287 360 1
287 496 1
288 363 1
288 482 1
288 436 1
288 469 1
288 411 1
288 330 1
289 386 1
289 295 1
289 426 1
289 299 1
289 311 1
289 449 1
289 332 1
289 475 1
289 485 1
289 369 1
290 412 1
290 304 1
290 445 1
290 394 1
290 319 1
290 448 1
290 460 1
290 397 1
290 472 1
290 473 1
290 463 1
290 355 1
290 484 1
291 448 1
291 392 1
291 387 1
291 336 1
291 323 1
291 382 1
291 346 1
291 444 1
292 424 1
292 426 1
292 309 1
292 310 1
292 446 1
292 321 1
292 322 1
292 463 1
292 348 1
292 481 1
292 361 1
292 362 1
292 374 1
292 378 1
292 380 1
292 382 1
293 320 1
293 387 1
293 470 1
293 391 1
293 365 1
293 401 1
293 368 1
293 371 1
293 350 1
293 398 1
293 440 1
293 493 1
293 309 1
294 385 1
294 408 1
294 412 1
294 413 1
294 348 1
294 428 1
294 323 1
294 328 1
294 372 1
295 384 1
295 452 1
295 406 1
295 431 1
295 312 1
295 315 1
295 324 1
295 458 1
295 483 1
295 355 1
295 369 1
295 379 1
295 382 1
296 384 1
296 424 1
296 306 1
296 319 1
296 325 1
296 332 1
296 339 1
296 473 1
297 386 1
297 405 1
297 330 1
297 463 1
297 466 1
297 470 1
297 345 1
297 459 1
297 353 1
297 491 1
298 403 1
298 427 1
298 304 1
298 443 1
298 445 1
298 320 1
298 397 1
298 338 1
299 384 1
299 408 1
299 416 1
299 419 1
299 422 1
299 355 1
299 436 1
299 315 1
299 444 1
299 457 1
299 461 1
299 465 1
299 377 1
299 476 1
299 485 1
299 479 1
299 367 1
300 312 1
300 466 1
300 399 1
300 343 1
300 475 1
300 351 1
300 374 1
301 323 1
301 320 1
301 325 1
301 336 1
301 487 1
301 497 1
301 371 1
301 382 1
302 490 1
302 453 1
302 418 1
302 420 1
302 426 1
302 304 1
302 434 1
302 320 1
302 325 1
302 471 1
302 346 1
302 483 1
302 376 1
303 390 1
303 392 1
303 394 1
303 397 1
303 408 1
303 311 1
303 446 1
303 374 1
303 481 1
304 418 1
304 402 1
304 451 1
304 346 1
304 362 1
304 365 1
304 381 1
305 384 1
305 449 1
305 494 1
305 414 1
305 419 1
305 424 1
305 307 1
305 320 1
305 466 1
305 341 1
305 479 1
305 358 1
305 360 1
305 444 1
305 366 1
305 498 1
306 399 1
306 481 1
306 325 1
306 328 1
306 342 1
306 473 1
306 339 1
307 397 1
307 433 1
307 425 1
307 312 1
307 449 1
307 322 1
307 324 1
307 339 1
307 474 1
307 475 1
307 498 1
307 499 1
307 372 1
308 395 1
308 403 1
308 424 1
308 430 1
308 309 1
308 317 1
308 319 1
308 335 1
308 467 1
308 340 1
308 344 1
308 468 1
308 383 1
309 387 1
309 388 1
309 348 1
309 326 1
309 333 1
309 340 1
309 342 1
309 475 1
309 489 1
309 492 1
310 323 1
310 422 1
310 329 1
310 440 1
310 318 1
310 343 1
310 388 1
310 461 1
310 444 1
311 441 1
311 394 1
311 339 1
311 468 1
311 344 1
311 351 1
311 357 1
312 424 1
312 437 1
312 326 1
312 459 1
312 341 1
312 344 1
312 476 1
312 359 1
312 378 1
313 428 1
313 434 1
313 450 1
313 349 1
314 318 1
314 321 1
314 420 1
314 396 1
314 399 1
314 475 1
314 491 1
314 427 1
315 389 1
315 398 1
315 416 1
315 334 1
315 397 1
315 472 1
315 352 1
315 483 1
315 487 1
315 360 1
315 494 1
315 369 1
316 397 1
316 429 1
316 405 1
316 409 1
316 412 1
316 426 1
316 499 1
316 394 1
316 449 1
316 331 1
316 461 1
316 356 1
316 371 1
317 391 1
317 425 1
317 438 1
317 440 1
317 323 1
317 395 1
318 406 1
318 426 1
318 413 1
318 446 1
318 450 1
318 451 1
318 333 1
318 466 1
318 354 1
318 360 1
319 439 1
319 445 1
319 320 1
319 469 1
319 472 1
319 481 1
319 482 1
319 355 1
319 367 1
319 499 1
320 425 1
320 347 1
320 393 1
320 493 1
320 494 1
320 375 1
320 444 1
321 388 1
321 394 1
321 402 1
321 409 1
321 372 1
321 451 1
321 325 1
321 478 1
321 352 1
321 362 1
321 493 1
321 379 1
322 394 1
322 398 1
322 439 1
322 454 1
322 475 1
323 393 1
323 427 1
323 475 1
323 349 1
323 352 1
323 396 1
324 426 1
324 452 1
324 418 1
324 465 1
324 469 1
324 367 1
324 374 1
325 385 1
325 403 1
325 407 1
325 420 1
325 422 1
325 332 1
325 366 1
325 426 1
326 388 1
326 415 1
326 333 1
326 339 1
326 398 1
326 345 1
326 353 1
326 486 1
326 499 1
326 375 1
326 376 1
327 440 1
327 330 1
327 451 1
327 457 1
327 472 1
327 480 1
327 484 1
327 361 1
327 376 1
328 479 1
328 332 1
328 469 1
328 351 1
328 493 1
328 366 1
329 404 1
329 433 1
329 466 1
329 341 1
329 351 1
329 489 1
329 495 1
329 375 1
330 396 1
330 404 1
330 409 1
330 415 1
330 419 1
330 431 1
330 432 1
330 448 1
330 451 1
330 452 1
330 334 1
330 463 1
330 468 1
330 353 1
330 443 1
330 402 1
330 366 1
330 341 1
331 391 1
331 392 1
331 416 1
331 419 1
331 466 1
331 445 1
331 461 1
331 340 1
331 474 1
331 356 1
332 398 1
332 416 1
332 342 1
332 369 1
332 370 1
332 403 1
333 434 1
333 421 1
333 360 1
333 446 1
333 383 1
334 384 1
334 386 1
334 393 1
334 401 1
334 427 1
334 457 1
334 461 1
334 336 1
334 465 1
334 470 1
334 355 1
334 486 1
334 488 1
334 381 1
335 356 1
335 468 1
335 396 1
335 462 1
335 445 1
335 417 1
335 338 1
335 433 1
335 345 1
335 426 1
336 391 1
336 403 1
336 447 1
336 338 1
336 347 1
336 477 1
336 479 1
336 354 1
336 375 1
336 380 1
336 341 1
337 484 1
337 494 1
337 349 1
337 499 1
337 344 1
338 464 1
338 373 1
338 377 1
339 423 1
339 424 1
339 448 1
339 461 1
339 474 1
339 482 1
339 492 1
339 381 1
340 392 1
340 405 1
340 358 1
340 438 1
340 499 1
340 372 1
341 427 1
341 469 1
341 350 1
341 351 1
341 364 1
342 446 1
342 471 1
342 353 1
342 489 1
343 408 1
343 458 1
343 466 1
343 344 1
343 347 1
343 367 1
343 375 1
344 402 1
344 381 1
344 444 1
344 448 1
344 462 1
344 482 1
344 490 1
344 487 1
344 374 1
344 382 1
345 418 1
345 360 1
345 488 1
345 348 1
345 452 1
345 378 1
345 444 1
345 445 1
346 397 1
346 413 1
346 419 1
346 425 1
346 447 1
346 464 1
346 472 1
346 486 1
346 493 1
347 390 1
347 404 1
347 456 1
347 481 1
347 358 1
347 491 1
347 373 1
347 381 1
348 449 1
348 488 1
348 476 1
348 414 1
348 373 1
349 393 1
349 405 1
349 435 1
349 450 1
349 454 1
349 456 1
349 370 1
349 372 1
349 375 1
350 396 1
350 398 1
350 430 1
350 459 1
350 475 1
350 477 1
350 481 1
350 493 1
350 371 1
350 379 1
351 400 1
351 408 1
351 411 1
351 419 1
351 394 1
351 465 1
351 377 1
352 449 1
352 400 1
352 411 1
352 421 1
352 474 1
352 380 1
353 444 1
353 448 1
353 476 1
353 497 1
353 375 1
354 422 1
354 436 1
354 355 1
354 366 1
354 377 1
355 387 1
355 395 1
355 430 1
355 470 1
355 475 1
355 480 1
356 434 1
356 450 1
356 464 1
356 470 1
356 463 1
356 483 1
356 362 1
357 454 1
357 498 1
357 371 1
358 451 1
358 404 1
358 408 1
358 445 1
358 453 1
358 459 1
358 482 1
358 487 1
358 369 1
358 373 1
359 405 1
359 407 1
359 422 1
359 438 1
359 459 1
359 480 1
359 485 1
359 364 1
359 373 1
359 382 1
360 428 1
360 437 1
360 481 1
361 397 1
361 466 1
361 477 1
361 371 1
361 380 1
361 383 1
362 433 1
362 490 1
362 424 1
362 434 1
362 497 1
362 473 1
362 410 1
363 395 1
363 394 1
363 457 1
363 463 1
363 413 1
364 388 1
364 391 1
364 398 1
364 415 1
364 424 1
364 477 1
364 489 1
364 490 1
364 376 1
365 405 1
365 440 1
365 444 1
365 445 1
365 446 1
365 451 1
365 465 1
365 474 1
365 481 1
365 488 1
365 497 1
366 400 1
366 409 1
366 419 1
366 439 1
366 448 1
366 459 1
366 471 1
366 479 1
366 443 1
367 449 1
367 493 1
367 462 1
367 468 1
367 414 1
367 436 1
368 398 1
368 417 1
368 433 1
368 441 1
368 454 1
368 456 1
368 476 1
368 464 1
369 392 1
369 396 1
369 420 1
369 425 1
369 426 1
369 499 1
369 441 1
369 417 1
369 467 1
369 479 1
369 481 1
370 455 1
370 430 1
370 466 1
370 411 1
371 417 1
371 431 1
371 486 1
371 490 1
372 403 1
372 407 1
372 437 1
372 441 1
372 444 1
372 459 1
372 398 1
372 374 1
373 412 1
373 447 1
374 387 1
374 472 1
374 409 1
374 419 1
374 423 1
374 427 1
374 474 1
374 477 1
374 486 1
374 489 1
375 384 1
375 448 1
375 413 1
375 443 1
375 459 1
375 473 1
375 488 1
376 388 1
376 394 1
376 418 1
376 424 1
376 429 1
376 498 1
376 471 1
376 496 1
376 381 1
377 388 1
377 406 1
377 393 1
377 452 1
377 470 1
378 387 1
378 404 1
378 418 1
378 476 1
378 462 1
378 469 1
378 470 1
378 488 1
378 381 1
379 403 1
379 426 1
379 428 1
379 477 1
379 478 1
380 455 1
380 442 1
381 398 1
381 433 1
381 436 1
381 479 1
381 448 1
381 453 1
381 461 1
381 471 1
381 400 1
381 404 1
382 434 1
382 499 1
382 405 1
383 425 1
383 436 1
384 428 1
384 461 1
384 486 1
384 424 1
385 392 1
385 450 1
385 418 1
385 426 1
385 393 1
385 479 1
386 470 1
386 394 1
386 418 1
386 478 1
387 418 1
387 430 1
387 406 1
387 445 1
387 448 1
387 465 1
387 484 1
387 437 1
388 392 1
388 495 1
388 417 1
388 453 1
389 480 1
389 411 1
389 497 1
389 464 1
389 415 1
389 475 1
390 475 1
390 434 1
390 449 1
390 454 1
390 469 1
390 490 1
390 493 1
390 499 1
390 405 1
391 401 1
391 415 1
391 429 1
391 449 1
391 497 1
392 398 1
392 449 1
392 430 1
392 443 1
393 420 1
393 462 1
393 491 1
393 499 1
394 449 1
394 450 1
394 445 1
394 465 1
394 481 1
394 493 1
395 424 1
395 428 1
396 491 1
396 406 1
396 413 1
396 417 1
396 449 1
396 452 1
396 456 1
397 440 1
397 461 1
397 470 1
397 475 1
397 495 1
398 407 1
398 414 1
398 423 1
398 426 1
398 451 1
398 494 1
399 476 1
399 491 1
399 420 1
399 425 1
399 447 1
400 405 1
400 404 1
400 470 1
400 431 1
401 490 1
401 467 1
401 472 1
401 452 1
401 445 1
402 408 1
402 438 1
402 448 1
402 459 1
403 431 1
403 411 1
403 414 1
403 420 1
403 423 1
403 477 1
403 498 1
404 405 1
404 427 1
404 430 1
404 434 1
404 435 1
404 440 1
404 476 1
405 428 1
405 449 1
405 454 1
405 469 1
405 425 1
406 424 1
406 457 1
406 466 1
406 483 1
406 486 1
406 499 1
407 415 1
407 416 1
407 420 1
407 432 1
407 456 1
408 443 1
409 425 1
409 428 1
409 461 1
409 463 1
409 491 1
410 455 1
410 439 1
410 447 1
411 423 1
411 432 1
412 450 1
412 466 1
413 438 1
413 447 1
413 451 1
414 495 1
414 419 1
414 425 1
414 427 1
414 428 1
414 458 1
414 468 1
414 479 1
415 475 1
415 492 1
415 430 1
415 424 1
415 465 1
415 467 1
416 417 1
416 438 1
417 458 1
417 480 1
418 445 1
418 466 1
418 483 1
419 471 1
420 434 1
420 468 1
420 426 1
421 430 1
422 436 1
422 448 1
422 456 1
423 452 1
423 424 1
423 467 1
425 439 1
425 481 1
425 492 1
427 446 1
427 474 1
428 449 1
428 435 1
428 437 1
429 434 1
429 464 1
429 491 1
429 495 1
430 433 1
430 441 1
430 468 1
430 475 1
430 496 1
430 489 1
431 459 1
431 490 1
432 435 1
432 447 1
432 486 1
432 496 1
433 443 1
433 451 1
434 490 1
434 456 1
434 466 1
434 495 1
435 464 1
435 444 1
436 444 1
436 452 1
436 482 1
437 452 1
437 460 1
437 461 1
437 440 1
437 466 1
438 488 1
438 484 1
438 478 1
439 451 1
439 452 1
439 477 1
439 491 1
440 495 1
440 442 1
440 454 1
440 471 1
441 459 1
441 484 1
441 443 1
441 479 1
442 447 1
442 452 1
442 460 1
442 494 1
443 477 1
443 484 1
443 495 1
444 467 1
444 489 1
445 493 1
445 453 1
445 490 1
445 468 1
446 455 1
446 459 1
446 472 1
446 488 1
446 495 1
447 452 1
447 456 1
447 463 1
447 476 1
447 499 1
448 495 1
449 483 1
450 453 1
450 461 1
450 483 1
450 487 1
450 498 1
450 489 1
451 463 1
451 485 1
452 453 1
452 463 1
452 466 1
453 491 1
453 457 1
453 460 1
453 463 1
453 464 1
454 480 1
455 460 1
455 492 1
456 475 1
456 460 1
456 464 1
456 497 1
457 460 1
457 487 1
458 487 1
458 488 1
458 490 1
458 466 1
459 478 1
460 476 1
460 465 1
461 463 1
461 489 1
463 470 1
464 468 1
464 484 1
464 466 1
465 493 1
465 477 1
466 482 1
466 470 1
468 491 1
469 473 1
469 470 1
469 479 1
469 489 1
471 475 1
471 497 1
472 490 1
473 479 1
473 480 1
474 492 1
476 490 1
477 499 1
477 498 1
478 499 1
479 497 1
482 483 1
482 484 1
483 497 1
485 488 1
486 489 1
490 499 1
492 499 1
493 498 1
494 497 1
