0 129 1
0 387 1
0 5 1
0 391 1
0 264 1
0 9 1
0 410 1
0 415 1
0 34 1
0 427 1
0 429 1
0 265 1
0 352 1
0 327 1
0 77 1
0 334 1
0 84 1
0 219 1
0 350 1
0 224 1
0 100 1
0 124 1
0 492 1
0 238 1
0 242 1
0 596 1
0 123 1
0 380 1
1 385 1
1 130 1
1 266 1
1 268 1
1 531 1
1 148 1
1 405 1
1 408 1
1 153 1
1 29 1
1 160 1
1 290 1
1 293 1
1 298 1
1 558 1
1 570 1
1 189 1
1 320 1
1 577 1
1 69 1
1 140 1
1 75 1
1 82 1
1 472 1
1 359 1
1 367 1
1 496 1
1 121 1
1 123 1
2 258 1
2 516 1
2 470 1
2 134 1
2 519 1
2 520 1
2 393 1
2 141 1
2 270 1
2 580 1
2 403 1
2 533 1
2 152 1
2 537 1
2 157 1
2 287 1
2 262 1
2 294 1
2 46 1
2 175 1
2 561 1
2 54 1
2 316 1
2 190 1
2 196 1
2 438 1
2 198 1
2 76 1
2 465 1
2 214 1
2 343 1
2 90 1
2 347 1
2 354 1
2 485 1
2 581 1
2 243 1
2 246 1
2 506 1
2 510 1
2 383 1
3 132 1
3 392 1
3 407 1
3 268 1
3 143 1
3 401 1
3 403 1
3 148 1
3 278 1
3 89 1
3 408 1
3 537 1
3 154 1
3 554 1
3 555 1
3 556 1
3 173 1
3 306 1
3 310 1
3 570 1
3 571 1
3 189 1
3 65 1
3 322 1
3 199 1
3 140 1
3 217 1
3 224 1
3 484 1
3 485 1
3 487 1
3 583 1
3 239 1
3 240 1
3 371 1
3 245 1
3 125 1
3 383 1
4 133 1
4 526 1
4 399 1
4 400 1
4 276 1
4 407 1
4 413 1
4 414 1
4 288 1
4 291 1
4 170 1
4 564 1
4 53 1
4 311 1
4 440 1
4 116 1
4 192 1
4 462 1
4 223 1
4 483 1
4 487 1
4 109 1
4 495 1
4 372 1
4 117 1
4 508 1
4 509 1
5 390 1
5 280 1
5 28 1
5 414 1
5 417 1
5 562 1
5 434 1
5 222 1
5 439 1
5 584 1
5 204 1
5 81 1
5 346 1
5 349 1
5 478 1
5 351 1
5 96 1
5 482 1
5 483 1
5 364 1
5 114 1
5 116 1
5 246 1
5 120 1
5 381 1
6 560 1
6 354 1
6 515 1
6 228 1
6 101 1
6 582 1
6 10 1
6 557 1
6 558 1
6 336 1
6 178 1
6 594 1
6 254 1
6 215 1
6 216 1
6 441 1
6 58 1
6 187 1
6 92 1
6 30 1
6 373 1
7 98 1
7 67 1
7 36 1
7 558 1
7 557 1
7 41 1
7 565 1
7 290 1
7 174 1
7 111 1
7 157 1
7 369 1
7 378 1
7 149 1
7 553 1
7 472 1
7 569 1
7 314 1
7 493 1
7 125 1
7 507 1
8 129 1
8 518 1
8 385 1
8 392 1
8 24 1
8 538 1
8 541 1
8 291 1
8 420 1
8 41 1
8 430 1
8 305 1
8 52 1
8 317 1
8 576 1
8 195 1
8 325 1
8 585 1
8 588 1
8 590 1
8 351 1
8 353 1
8 226 1
8 230 1
8 109 1
8 372 1
8 248 1
8 249 1
8 251 1
9 516 1
9 264 1
9 166 1
9 48 1
9 329 1
9 440 1
9 321 1
9 578 1
9 451 1
9 583 1
9 201 1
9 590 1
9 79 1
9 211 1
9 212 1
9 477 1
9 95 1
9 99 1
9 108 1
9 119 1
9 340 1
9 122 1
9 124 1
9 509 1
9 383 1
10 513 1
10 525 1
10 274 1
10 534 1
10 152 1
10 409 1
10 27 1
10 541 1
10 34 1
10 551 1
10 44 1
10 430 1
10 371 1
10 311 1
10 185 1
10 445 1
10 574 1
10 192 1
10 582 1
10 583 1
10 206 1
10 79 1
10 597 1
10 343 1
10 88 1
10 349 1
10 97 1
10 485 1
10 18 1
10 110 1
10 243 1
10 117 1
10 119 1
10 508 1
10 253 1
11 258 1
11 266 1
11 269 1
11 539 1
11 28 1
11 32 1
11 290 1
11 293 1
11 424 1
11 425 1
11 558 1
11 49 1
11 50 1
11 179 1
11 566 1
11 439 1
11 56 1
11 63 1
11 453 1
11 199 1
11 311 1
11 335 1
11 338 1
11 481 1
11 358 1
11 230 1
11 373 1
12 132 1
12 517 1
12 519 1
12 138 1
12 395 1
12 280 1
12 541 1
12 543 1
12 290 1
12 299 1
12 176 1
12 573 1
12 56 1
12 57 1
12 189 1
12 575 1
12 449 1
12 452 1
12 453 1
12 198 1
12 584 1
12 334 1
12 211 1
12 84 1
12 462 1
12 351 1
12 103 1
12 491 1
12 495 1
12 371 1
12 381 1
13 555 1
13 265 1
13 141 1
13 529 1
13 494 1
13 163 1
13 550 1
13 423 1
13 169 1
13 427 1
13 428 1
13 558 1
13 561 1
13 563 1
13 198 1
13 455 1
13 590 1
13 269 1
13 466 1
13 35 1
13 92 1
13 338 1
13 366 1
13 239 1
13 498 1
13 500 1
13 504 1
13 378 1
13 507 1
13 126 1
14 96 1
14 66 1
14 452 1
14 357 1
14 200 1
14 489 1
14 139 1
14 525 1
14 334 1
14 253 1
14 16 1
14 49 1
14 501 1
14 281 1
14 312 1
14 57 1
14 314 1
14 377 1
14 29 1
14 445 1
14 287 1
15 396 1
15 144 1
15 18 1
15 154 1
15 411 1
15 33 1
15 45 1
15 430 1
15 559 1
15 308 1
15 438 1
15 569 1
15 195 1
15 74 1
15 462 1
15 86 1
15 481 1
15 482 1
15 493 1
15 368 1
15 370 1
15 244 1
16 257 1
16 515 1
16 264 1
16 522 1
16 402 1
16 148 1
16 535 1
16 287 1
16 290 1
16 168 1
16 430 1
16 433 1
16 159 1
16 189 1
16 583 1
16 585 1
16 465 1
16 338 1
16 215 1
16 351 1
16 355 1
16 228 1
16 486 1
16 359 1
16 370 1
16 244 1
16 247 1
16 251 1
16 255 1
17 388 1
17 518 1
17 136 1
17 516 1
17 323 1
17 533 1
17 260 1
17 539 1
17 547 1
17 37 1
17 297 1
17 555 1
17 183 1
17 185 1
17 446 1
17 192 1
17 67 1
17 70 1
17 583 1
17 72 1
17 73 1
17 594 1
17 595 1
17 473 1
17 96 1
17 100 1
17 487 1
17 110 1
17 502 1
17 553 1
17 510 1
17 511 1
18 386 1
18 520 1
18 144 1
18 19 1
18 149 1
18 27 1
18 156 1
18 285 1
18 546 1
18 291 1
18 299 1
18 303 1
18 562 1
18 563 1
18 181 1
18 439 1
18 314 1
18 479 1
18 411 1
18 522 1
18 446 1
18 64 1
18 65 1
18 214 1
18 219 1
18 95 1
18 96 1
18 528 1
18 226 1
18 355 1
18 362 1
18 29 1
18 111 1
18 503 1
18 252 1
18 382 1
19 576 1
19 129 1
19 130 1
19 451 1
19 292 1
19 358 1
19 38 1
19 391 1
19 72 1
19 226 1
19 279 1
19 114 1
19 145 1
19 497 1
19 438 1
19 151 1
19 250 1
19 156 1
19 285 1
19 485 1
20 518 1
20 265 1
20 400 1
20 563 1
20 407 1
20 536 1
20 28 1
20 287 1
20 561 1
20 430 1
20 175 1
20 49 1
20 179 1
20 182 1
20 31 1
20 579 1
20 74 1
20 333 1
20 590 1
20 591 1
20 470 1
20 345 1
20 230 1
20 231 1
20 363 1
20 501 1
20 89 1
20 125 1
21 137 1
21 526 1
21 272 1
21 410 1
21 161 1
21 165 1
21 298 1
21 307 1
21 311 1
21 575 1
21 64 1
21 578 1
21 451 1
21 330 1
21 205 1
21 334 1
21 214 1
21 222 1
21 359 1
21 364 1
21 367 1
21 117 1
21 118 1
21 503 1
22 384 1
22 137 1
22 523 1
22 525 1
22 142 1
22 527 1
22 147 1
22 150 1
22 157 1
22 298 1
22 172 1
22 176 1
22 438 1
22 311 1
22 440 1
22 428 1
22 329 1
22 213 1
22 215 1
22 89 1
22 360 1
22 111 1
22 240 1
22 499 1
22 374 1
22 248 1
22 505 1
22 254 1
23 384 1
23 523 1
23 140 1
23 274 1
23 151 1
23 285 1
23 166 1
23 44 1
23 59 1
23 317 1
23 447 1
23 197 1
23 586 1
23 463 1
23 592 1
23 466 1
23 214 1
23 87 1
23 105 1
23 234 1
23 366 1
23 112 1
23 116 1
23 245 1
23 361 1
23 376 1
24 515 1
24 394 1
24 271 1
24 537 1
24 413 1
24 292 1
24 44 1
24 47 1
24 304 1
24 53 1
24 310 1
24 567 1
24 565 1
24 320 1
24 449 1
24 588 1
24 207 1
24 468 1
24 469 1
24 215 1
24 527 1
24 355 1
24 235 1
24 492 1
24 493 1
24 243 1
24 252 1
25 130 1
25 515 1
25 399 1
25 272 1
25 532 1
25 26 1
25 156 1
25 413 1
25 161 1
25 547 1
25 421 1
25 40 1
25 45 1
25 560 1
25 443 1
25 318 1
25 578 1
25 69 1
25 198 1
25 203 1
25 80 1
25 595 1
25 470 1
25 87 1
25 90 1
25 219 1
25 478 1
25 483 1
25 359 1
25 360 1
25 107 1
25 424 1
25 372 1
25 507 1
25 127 1
26 521 1
26 395 1
26 140 1
26 400 1
26 401 1
26 151 1
26 29 1
26 169 1
26 413 1
26 561 1
26 182 1
26 55 1
26 312 1
26 570 1
26 187 1
26 60 1
26 575 1
26 459 1
26 198 1
26 458 1
26 439 1
26 78 1
26 208 1
26 347 1
26 349 1
26 353 1
26 99 1
26 101 1
26 490 1
26 381 1
26 127 1
27 384 1
27 391 1
27 172 1
27 266 1
27 269 1
27 529 1
27 535 1
27 152 1
27 154 1
27 412 1
27 416 1
27 290 1
27 419 1
27 135 1
27 44 1
27 429 1
27 432 1
27 313 1
27 441 1
27 453 1
27 468 1
27 185 1
27 472 1
27 354 1
27 490 1
27 108 1
27 189 1
27 126 1
28 491 1
28 132 1
28 393 1
28 268 1
28 527 1
28 155 1
28 33 1
28 171 1
28 300 1
28 137 1
28 428 1
28 447 1
28 197 1
28 327 1
28 587 1
28 333 1
28 207 1
28 336 1
28 596 1
28 89 1
28 351 1
28 234 1
28 235 1
28 109 1
28 110 1
28 497 1
29 388 1
29 257 1
29 395 1
29 277 1
29 535 1
29 31 1
29 32 1
29 290 1
29 292 1
29 41 1
29 304 1
29 328 1
29 178 1
29 52 1
29 308 1
29 65 1
29 66 1
29 195 1
29 197 1
29 70 1
29 71 1
29 72 1
29 599 1
29 331 1
29 470 1
29 544 1
29 420 1
29 236 1
29 371 1
29 500 1
29 297 1
29 122 1
29 449 1
29 533 1
30 384 1
30 514 1
30 135 1
30 266 1
30 536 1
30 547 1
30 40 1
30 42 1
30 558 1
30 559 1
30 565 1
30 312 1
30 189 1
30 63 1
30 576 1
30 199 1
30 592 1
30 337 1
30 210 1
30 340 1
30 89 1
30 480 1
30 357 1
30 487 1
30 594 1
30 239 1
30 373 1
30 376 1
30 377 1
30 509 1
31 514 1
31 503 1
31 521 1
31 141 1
31 411 1
31 156 1
31 290 1
31 164 1
31 167 1
31 540 1
31 560 1
31 442 1
31 444 1
31 201 1
31 330 1
31 75 1
31 461 1
31 462 1
31 208 1
31 292 1
31 90 1
31 91 1
31 93 1
31 486 1
31 509 1
31 375 1
31 120 1
31 253 1
31 510 1
32 519 1
32 530 1
32 150 1
32 548 1
32 295 1
32 301 1
32 434 1
32 594 1
32 437 1
32 441 1
32 446 1
32 63 1
32 585 1
32 334 1
32 79 1
32 82 1
32 468 1
32 89 1
32 222 1
32 353 1
32 492 1
32 365 1
32 244 1
32 247 1
33 537 1
33 262 1
33 392 1
33 277 1
33 473 1
33 153 1
33 290 1
33 163 1
33 294 1
33 296 1
33 171 1
33 172 1
33 173 1
33 307 1
33 53 1
33 446 1
33 447 1
33 580 1
33 204 1
33 207 1
33 336 1
33 82 1
33 217 1
33 474 1
33 350 1
33 80 1
33 422 1
33 105 1
33 107 1
33 364 1
33 370 1
33 380 1
33 381 1
34 128 1
34 264 1
34 530 1
34 147 1
34 410 1
34 453 1
34 545 1
34 548 1
34 165 1
34 427 1
34 176 1
34 433 1
34 567 1
34 315 1
34 193 1
34 69 1
34 582 1
34 71 1
34 462 1
34 79 1
34 83 1
34 344 1
34 103 1
34 501 1
34 502 1
35 260 1
35 142 1
35 410 1
35 541 1
35 160 1
35 547 1
35 293 1
35 556 1
35 50 1
35 49 1
35 434 1
35 437 1
35 566 1
35 63 1
35 66 1
35 67 1
35 458 1
35 217 1
35 218 1
35 484 1
35 485 1
35 105 1
35 502 1
35 124 1
35 254 1
36 129 1
36 259 1
36 263 1
36 139 1
36 525 1
36 400 1
36 405 1
36 407 1
36 154 1
36 156 1
36 542 1
36 49 1
36 183 1
36 440 1
36 58 1
36 320 1
36 65 1
36 204 1
36 593 1
36 470 1
36 599 1
36 344 1
36 349 1
36 222 1
36 99 1
36 489 1
36 236 1
36 116 1
36 120 1
36 124 1
37 130 1
37 265 1
37 514 1
37 406 1
37 287 1
37 293 1
37 294 1
37 428 1
37 45 1
37 560 1
37 445 1
37 576 1
37 452 1
37 453 1
37 70 1
37 585 1
37 587 1
37 589 1
37 78 1
37 209 1
37 334 1
37 471 1
37 92 1
37 349 1
37 101 1
37 357 1
37 498 1
37 243 1
37 254 1
37 85 1
38 521 1
38 270 1
38 400 1
38 408 1
38 410 1
38 293 1
38 425 1
38 42 1
38 49 1
38 436 1
38 181 1
38 444 1
38 65 1
38 322 1
38 451 1
38 324 1
38 330 1
38 79 1
38 465 1
38 595 1
38 222 1
38 528 1
38 484 1
38 230 1
38 111 1
39 128 1
39 389 1
39 556 1
39 526 1
39 144 1
39 149 1
39 279 1
39 409 1
39 540 1
39 420 1
39 295 1
39 300 1
39 557 1
39 304 1
39 499 1
39 479 1
39 223 1
39 320 1
39 452 1
39 586 1
39 204 1
39 334 1
39 81 1
39 338 1
39 212 1
39 86 1
39 91 1
39 351 1
39 355 1
39 233 1
39 362 1
39 238 1
39 371 1
39 118 1
39 254 1
40 387 1
40 278 1
40 281 1
40 157 1
40 547 1
40 425 1
40 50 1
40 434 1
40 313 1
40 580 1
40 326 1
40 328 1
40 461 1
40 92 1
40 210 1
40 569 1
40 348 1
40 221 1
40 352 1
40 485 1
40 108 1
40 237 1
40 502 1
40 377 1
40 252 1
41 387 1
41 516 1
41 528 1
41 147 1
41 532 1
41 151 1
41 155 1
41 417 1
41 421 1
41 422 1
41 424 1
41 46 1
41 306 1
41 435 1
41 181 1
41 184 1
41 573 1
41 71 1
41 460 1
41 595 1
41 214 1
41 92 1
41 232 1
41 501 1
41 502 1
41 381 1
42 130 1
42 387 1
42 388 1
42 519 1
42 152 1
42 409 1
42 159 1
42 418 1
42 164 1
42 553 1
42 177 1
42 564 1
42 53 1
42 189 1
42 580 1
42 201 1
42 204 1
42 82 1
42 341 1
42 216 1
42 345 1
42 475 1
42 476 1
42 350 1
42 97 1
42 123 1
42 101 1
42 105 1
42 362 1
42 363 1
42 495 1
42 241 1
42 244 1
42 373 1
42 502 1
42 332 1
42 251 1
42 490 1
43 128 1
43 256 1
43 454 1
43 230 1
43 456 1
43 361 1
43 268 1
43 302 1
43 111 1
43 48 1
43 561 1
43 119 1
43 280 1
43 90 1
43 463 1
43 348 1
43 253 1
44 257 1
44 518 1
44 526 1
44 529 1
44 146 1
44 147 1
44 279 1
44 550 1
44 423 1
44 424 1
44 307 1
44 266 1
44 62 1
44 193 1
44 535 1
44 79 1
44 468 1
44 86 1
44 223 1
44 99 1
44 356 1
44 486 1
44 358 1
44 361 1
44 498 1
44 243 1
45 128 1
45 132 1
45 136 1
45 147 1
45 411 1
45 414 1
45 548 1
45 551 1
45 348 1
45 429 1
45 174 1
45 303 1
45 178 1
45 309 1
45 60 1
45 448 1
45 197 1
45 73 1
45 330 1
45 461 1
45 80 1
45 504 1
45 210 1
45 470 1
45 220 1
45 94 1
45 102 1
45 107 1
45 365 1
45 118 1
45 120 1
45 251 1
45 508 1
45 509 1
46 128 1
46 524 1
46 270 1
46 400 1
46 536 1
46 411 1
46 548 1
46 422 1
46 557 1
46 564 1
46 310 1
46 569 1
46 323 1
46 453 1
46 72 1
46 589 1
46 463 1
46 338 1
46 340 1
46 89 1
46 104 1
46 107 1
46 111 1
46 375 1
46 248 1
46 249 1
46 122 1
47 128 1
47 133 1
47 270 1
47 527 1
47 146 1
47 389 1
47 160 1
47 289 1
47 291 1
47 550 1
47 310 1
47 442 1
47 587 1
47 335 1
47 338 1
47 89 1
47 378 1
47 102 1
47 244 1
47 117 1
47 374 1
47 250 1
48 129 1
48 130 1
48 395 1
48 398 1
48 557 1
48 275 1
48 148 1
48 277 1
48 152 1
48 158 1
48 291 1
48 166 1
48 425 1
48 429 1
48 302 1
48 175 1
48 51 1
48 442 1
48 575 1
48 321 1
48 326 1
48 200 1
48 463 1
48 233 1
48 367 1
48 369 1
49 519 1
49 404 1
49 536 1
49 558 1
49 180 1
49 187 1
49 191 1
49 578 1
49 523 1
49 324 1
49 454 1
49 71 1
49 586 1
49 332 1
49 333 1
49 210 1
49 468 1
49 217 1
49 348 1
49 550 1
49 497 1
49 372 1
49 379 1
49 380 1
49 510 1
50 130 1
50 260 1
50 392 1
50 393 1
50 268 1
50 532 1
50 409 1
50 410 1
50 415 1
50 431 1
50 305 1
50 478 1
50 58 1
50 187 1
50 317 1
50 575 1
50 323 1
50 583 1
50 593 1
50 597 1
50 343 1
50 88 1
50 346 1
50 222 1
50 358 1
50 362 1
50 235 1
50 497 1
50 376 1
50 511 1
51 515 1
51 388 1
51 519 1
51 365 1
51 528 1
51 401 1
51 532 1
51 291 1
51 165 1
51 424 1
51 427 1
51 303 1
51 178 1
51 307 1
51 318 1
51 450 1
51 70 1
51 459 1
51 341 1
51 343 1
51 473 1
51 475 1
51 100 1
51 237 1
51 240 1
51 372 1
51 469 1
52 427 1
52 134 1
52 395 1
52 530 1
52 283 1
52 540 1
52 543 1
52 546 1
52 553 1
52 171 1
52 392 1
52 188 1
52 205 1
52 594 1
52 595 1
52 212 1
52 486 1
52 105 1
52 234 1
52 500 1
52 245 1
53 133 1
53 265 1
53 407 1
53 396 1
53 273 1
53 149 1
53 278 1
53 279 1
53 411 1
53 287 1
53 290 1
53 422 1
53 551 1
53 296 1
53 431 1
53 445 1
53 63 1
53 69 1
53 326 1
53 586 1
53 204 1
53 354 1
53 334 1
53 81 1
53 466 1
53 340 1
53 345 1
53 351 1
53 98 1
53 550 1
53 117 1
53 118 1
53 511 1
53 378 1
53 383 1
53 255 1
54 394 1
54 142 1
54 143 1
54 151 1
54 346 1
54 293 1
54 428 1
54 303 1
54 304 1
54 434 1
54 315 1
54 582 1
54 199 1
54 328 1
54 77 1
54 82 1
54 211 1
54 213 1
54 473 1
54 218 1
54 399 1
54 349 1
54 351 1
54 481 1
54 485 1
54 244 1
54 505 1
54 379 1
54 125 1
55 262 1
55 391 1
55 393 1
55 525 1
55 404 1
55 151 1
55 153 1
55 413 1
55 263 1
55 558 1
55 564 1
55 438 1
55 443 1
55 325 1
55 582 1
55 75 1
55 208 1
55 339 1
55 213 1
55 343 1
55 216 1
55 490 1
55 110 1
55 239 1
55 496 1
55 500 1
55 503 1
55 249 1
56 577 1
56 275 1
56 535 1
56 537 1
56 283 1
56 540 1
56 413 1
56 419 1
56 164 1
56 421 1
56 550 1
56 298 1
56 432 1
56 433 1
56 178 1
56 180 1
56 445 1
56 192 1
56 352 1
56 580 1
56 72 1
56 589 1
56 78 1
56 79 1
56 338 1
56 339 1
56 350 1
56 223 1
56 96 1
56 355 1
56 364 1
56 494 1
56 531 1
56 245 1
57 435 1
57 99 1
57 390 1
57 104 1
57 457 1
57 404 1
57 599 1
57 242 1
57 495 1
57 450 1
57 146 1
57 259 1
57 148 1
57 494 1
57 521 1
57 249 1
57 186 1
57 315 1
57 254 1
58 388 1
58 153 1
58 285 1
58 161 1
58 134 1
58 167 1
58 556 1
58 175 1
58 178 1
58 447 1
58 321 1
58 390 1
58 202 1
58 459 1
58 548 1
58 345 1
58 346 1
58 479 1
58 356 1
58 229 1
58 575 1
58 381 1
59 512 1
59 130 1
59 131 1
59 264 1
59 404 1
59 533 1
59 408 1
59 416 1
59 291 1
59 553 1
59 429 1
59 310 1
59 192 1
59 449 1
59 456 1
59 586 1
59 337 1
59 466 1
59 341 1
59 90 1
59 232 1
59 594 1
59 494 1
60 136 1
60 138 1
60 354 1
60 173 1
60 482 1
60 148 1
60 279 1
60 154 1
60 284 1
60 286 1
60 91 1
60 412 1
60 394 1
60 193 1
60 67 1
60 581 1
60 70 1
60 199 1
60 74 1
60 332 1
60 226 1
60 589 1
60 210 1
60 339 1
60 271 1
60 98 1
60 231 1
60 361 1
60 114 1
60 116 1
60 127 1
60 255 1
61 389 1
61 390 1
61 522 1
61 396 1
61 279 1
61 408 1
61 153 1
61 154 1
61 559 1
61 545 1
61 290 1
61 548 1
61 293 1
61 167 1
61 173 1
61 174 1
61 303 1
61 562 1
61 185 1
61 187 1
61 449 1
61 69 1
61 200 1
61 457 1
61 75 1
61 207 1
61 210 1
61 480 1
61 352 1
61 354 1
61 571 1
61 105 1
61 338 1
61 239 1
61 499 1
61 381 1
61 524 1
62 513 1
62 390 1
62 394 1
62 268 1
62 271 1
62 273 1
62 276 1
62 405 1
62 153 1
62 155 1
62 167 1
62 583 1
62 173 1
62 432 1
62 568 1
62 63 1
62 449 1
62 455 1
62 332 1
62 333 1
62 80 1
62 83 1
62 212 1
62 470 1
62 100 1
62 492 1
62 494 1
62 115 1
62 373 1
62 120 1
63 388 1
63 132 1
63 262 1
63 365 1
63 533 1
63 281 1
63 156 1
63 158 1
63 287 1
63 424 1
63 298 1
63 179 1
63 183 1
63 443 1
63 74 1
63 460 1
63 82 1
63 213 1
63 218 1
63 93 1
63 95 1
63 355 1
63 101 1
63 488 1
63 237 1
63 366 1
63 114 1
63 375 1
63 125 1
64 512 1
64 515 1
64 132 1
64 134 1
64 391 1
64 393 1
64 394 1
64 395 1
64 268 1
64 526 1
64 406 1
64 282 1
64 156 1
64 165 1
64 299 1
64 371 1
64 205 1
64 461 1
64 337 1
64 84 1
64 115 1
64 117 1
64 249 1
64 506 1
64 251 1
64 382 1
65 517 1
65 267 1
65 142 1
65 279 1
65 280 1
65 155 1
65 544 1
65 161 1
65 169 1
65 298 1
65 306 1
65 448 1
65 336 1
65 357 1
65 101 1
65 104 1
65 490 1
65 492 1
65 237 1
65 366 1
65 244 1
65 373 1
65 503 1
65 120 1
65 377 1
65 122 1
65 253 1
66 138 1
66 400 1
66 278 1
66 155 1
66 564 1
66 183 1
66 411 1
66 317 1
66 450 1
66 587 1
66 203 1
66 80 1
66 526 1
66 347 1
66 349 1
66 226 1
66 484 1
66 488 1
66 110 1
66 495 1
66 370 1
66 377 1
67 132 1
67 133 1
67 263 1
67 365 1
67 406 1
67 410 1
67 155 1
67 289 1
67 166 1
67 170 1
67 449 1
67 590 1
67 80 1
67 354 1
67 237 1
67 113 1
67 375 1
67 250 1
67 426 1
67 255 1
68 386 1
68 388 1
68 157 1
68 545 1
68 294 1
68 541 1
68 176 1
68 328 1
68 94 1
68 569 1
68 318 1
68 437 1
68 197 1
68 200 1
68 82 1
68 343 1
68 89 1
68 475 1
68 92 1
68 222 1
68 485 1
68 234 1
68 594 1
68 239 1
68 368 1
68 125 1
69 263 1
69 138 1
69 270 1
69 528 1
69 147 1
69 282 1
69 419 1
69 165 1
69 294 1
69 553 1
69 301 1
69 349 1
69 513 1
69 439 1
69 440 1
69 444 1
69 318 1
69 565 1
69 576 1
69 322 1
69 585 1
69 466 1
69 221 1
69 95 1
69 227 1
69 103 1
69 237 1
69 112 1
69 497 1
69 114 1
69 117 1
69 246 1
69 503 1
69 248 1
70 512 1
70 388 1
70 389 1
70 524 1
70 271 1
70 280 1
70 542 1
70 288 1
70 418 1
70 164 1
70 172 1
70 180 1
70 182 1
70 574 1
70 338 1
70 340 1
70 476 1
70 165 1
70 359 1
70 234 1
70 82 1
70 498 1
70 247 1
71 386 1
71 260 1
71 267 1
71 533 1
71 279 1
71 281 1
71 155 1
71 157 1
71 539 1
71 294 1
71 437 1
71 314 1
71 319 1
71 579 1
71 580 1
71 327 1
71 465 1
71 214 1
71 599 1
71 344 1
71 348 1
71 354 1
71 99 1
71 550 1
71 107 1
71 496 1
71 244 1
71 297 1
71 541 1
71 509 1
71 383 1
72 260 1
72 142 1
72 145 1
72 275 1
72 539 1
72 286 1
72 159 1
72 552 1
72 428 1
72 173 1
72 303 1
72 542 1
72 314 1
72 444 1
72 193 1
72 74 1
72 334 1
72 335 1
72 340 1
72 99 1
72 104 1
72 112 1
73 385 1
73 400 1
73 558 1
73 549 1
73 169 1
73 172 1
73 174 1
73 176 1
73 308 1
73 317 1
73 194 1
73 579 1
73 452 1
73 328 1
73 204 1
73 77 1
73 334 1
73 339 1
73 96 1
73 100 1
73 116 1
73 502 1
73 126 1
74 134 1
74 392 1
74 428 1
74 400 1
74 406 1
74 290 1
74 423 1
74 552 1
74 553 1
74 338 1
74 242 1
74 177 1
74 435 1
74 309 1
74 327 1
74 457 1
74 589 1
74 334 1
74 464 1
74 337 1
74 210 1
74 472 1
74 226 1
74 361 1
74 556 1
74 236 1
74 82 1
74 114 1
74 371 1
74 372 1
74 505 1
74 506 1
75 514 1
75 137 1
75 525 1
75 528 1
75 530 1
75 277 1
75 152 1
75 156 1
75 290 1
75 165 1
75 298 1
75 308 1
75 309 1
75 180 1
75 319 1
75 321 1
75 198 1
75 352 1
75 97 1
75 230 1
75 233 1
75 367 1
75 116 1
75 120 1
76 139 1
76 527 1
76 148 1
76 537 1
76 154 1
76 420 1
76 293 1
76 423 1
76 309 1
76 311 1
76 312 1
76 449 1
76 450 1
76 454 1
76 356 1
76 91 1
76 220 1
76 349 1
76 94 1
76 481 1
76 99 1
76 100 1
76 490 1
76 236 1
76 493 1
76 499 1
76 119 1
77 386 1
77 199 1
77 427 1
77 365 1
77 399 1
77 400 1
77 514 1
77 118 1
77 151 1
77 553 1
77 92 1
77 286 1
78 256 1
78 519 1
78 393 1
78 141 1
78 526 1
78 272 1
78 273 1
78 534 1
78 408 1
78 437 1
78 439 1
78 447 1
78 583 1
78 329 1
78 330 1
78 205 1
78 590 1
78 80 1
78 595 1
78 84 1
78 238 1
78 495 1
78 112 1
78 372 1
78 254 1
79 321 1
79 268 1
79 529 1
79 423 1
79 180 1
79 372 1
79 443 1
79 576 1
79 193 1
79 375 1
79 290 1
79 461 1
79 209 1
79 595 1
79 441 1
79 346 1
79 219 1
79 351 1
79 97 1
79 482 1
79 227 1
79 100 1
79 550 1
79 230 1
79 487 1
79 366 1
79 116 1
79 245 1
79 247 1
80 393 1
80 394 1
80 139 1
80 272 1
80 154 1
80 538 1
80 544 1
80 422 1
80 168 1
80 559 1
80 306 1
80 198 1
80 289 1
80 588 1
80 337 1
80 594 1
80 339 1
80 472 1
80 473 1
80 479 1
80 490 1
80 368 1
80 417 1
80 115 1
80 250 1
81 131 1
81 516 1
81 394 1
81 271 1
81 405 1
81 346 1
81 288 1
81 546 1
81 552 1
81 169 1
81 555 1
81 157 1
81 569 1
81 522 1
81 575 1
81 328 1
81 467 1
81 90 1
81 227 1
81 109 1
81 573 1
81 114 1
81 500 1
81 246 1
81 381 1
81 510 1
82 386 1
82 515 1
82 135 1
82 269 1
82 472 1
82 543 1
82 292 1
82 549 1
82 171 1
82 172 1
82 562 1
82 175 1
82 306 1
82 288 1
82 194 1
82 584 1
82 585 1
82 334 1
82 336 1
82 544 1
82 216 1
82 484 1
82 349 1
82 226 1
82 483 1
82 356 1
82 509 1
82 372 1
82 121 1
82 507 1
82 426 1
83 385 1
83 263 1
83 520 1
83 400 1
83 563 1
83 275 1
83 406 1
83 409 1
83 559 1
83 417 1
83 175 1
83 435 1
83 180 1
83 310 1
83 95 1
83 320 1
83 449 1
83 201 1
83 340 1
83 476 1
83 351 1
83 354 1
83 356 1
83 231 1
83 234 1
83 363 1
83 110 1
83 506 1
83 379 1
83 381 1
83 126 1
84 320 1
84 398 1
84 144 1
84 282 1
84 289 1
84 558 1
84 435 1
84 188 1
84 573 1
84 575 1
84 193 1
84 587 1
84 205 1
84 335 1
84 593 1
84 206 1
84 216 1
84 483 1
84 484 1
84 485 1
84 359 1
84 493 1
84 499 1
84 246 1
84 122 1
84 381 1
84 510 1
85 192 1
85 288 1
85 322 1
85 91 1
85 196 1
85 102 1
85 487 1
85 360 1
85 170 1
85 140 1
85 366 1
85 529 1
85 243 1
85 480 1
85 247 1
85 248 1
85 569 1
85 123 1
85 586 1
86 261 1
86 390 1
86 265 1
86 142 1
86 402 1
86 545 1
86 293 1
86 169 1
86 303 1
86 304 1
86 307 1
86 567 1
86 312 1
86 571 1
86 445 1
86 446 1
86 329 1
86 587 1
86 588 1
86 340 1
86 471 1
86 221 1
86 479 1
86 232 1
86 366 1
86 240 1
86 498 1
86 249 1
86 477 1
87 260 1
87 139 1
87 288 1
87 548 1
87 553 1
87 433 1
87 183 1
87 320 1
87 193 1
87 196 1
87 197 1
87 459 1
87 204 1
87 333 1
87 334 1
87 461 1
87 466 1
87 211 1
87 478 1
87 224 1
87 239 1
87 114 1
87 246 1
87 126 1
88 130 1
88 516 1
88 391 1
88 136 1
88 402 1
88 533 1
88 412 1
88 293 1
88 171 1
88 429 1
88 175 1
88 435 1
88 182 1
88 572 1
88 578 1
88 196 1
88 457 1
88 119 1
88 206 1
88 208 1
88 340 1
88 469 1
88 219 1
88 483 1
88 104 1
88 234 1
88 494 1
88 496 1
88 242 1
88 499 1
88 375 1
88 248 1
88 383 1
89 513 1
89 388 1
89 390 1
89 139 1
89 144 1
89 529 1
89 366 1
89 152 1
89 161 1
89 163 1
89 550 1
89 557 1
89 305 1
89 574 1
89 192 1
89 456 1
89 210 1
89 339 1
89 598 1
89 96 1
89 98 1
89 99 1
89 357 1
89 486 1
89 110 1
89 113 1
89 506 1
89 380 1
89 127 1
90 131 1
90 516 1
90 270 1
90 403 1
90 410 1
90 174 1
90 179 1
90 183 1
90 320 1
90 194 1
90 439 1
90 333 1
90 462 1
90 467 1
90 212 1
90 597 1
90 474 1
90 348 1
90 93 1
90 222 1
90 96 1
90 241 1
90 247 1
90 123 1
91 273 1
91 411 1
91 164 1
91 305 1
91 434 1
91 566 1
91 543 1
91 325 1
91 476 1
91 478 1
91 479 1
91 481 1
91 228 1
91 358 1
91 492 1
91 369 1
91 254 1
91 119 1
91 382 1
92 517 1
92 405 1
92 286 1
92 415 1
92 294 1
92 317 1
92 320 1
92 193 1
92 323 1
92 203 1
92 465 1
92 215 1
92 352 1
92 481 1
92 234 1
92 491 1
92 364 1
92 110 1
92 494 1
92 251 1
92 252 1
93 490 1
93 179 1
93 307 1
93 267 1
93 292 1
93 421 1
93 299 1
93 428 1
93 173 1
93 174 1
93 584 1
93 435 1
93 311 1
93 445 1
93 581 1
93 328 1
93 459 1
93 335 1
93 208 1
93 473 1
93 480 1
93 592 1
93 101 1
93 106 1
93 368 1
93 370 1
93 575 1
93 507 1
93 253 1
94 390 1
94 519 1
94 392 1
94 521 1
94 402 1
94 414 1
94 176 1
94 424 1
94 299 1
94 428 1
94 559 1
94 304 1
94 306 1
94 179 1
94 316 1
94 556 1
94 200 1
94 202 1
94 591 1
94 337 1
94 468 1
94 345 1
94 487 1
94 363 1
94 146 1
94 243 1
94 509 1
94 383 1
95 388 1
95 267 1
95 529 1
95 151 1
95 284 1
95 424 1
95 439 1
95 139 1
95 452 1
95 201 1
95 334 1
95 214 1
95 474 1
95 395 1
95 487 1
95 104 1
95 493 1
95 360 1
95 467 1
95 116 1
95 375 1
95 120 1
95 250 1
95 252 1
96 384 1
96 262 1
96 136 1
96 146 1
96 407 1
96 168 1
96 426 1
96 175 1
96 307 1
96 317 1
96 580 1
96 326 1
96 209 1
96 213 1
96 221 1
96 364 1
96 370 1
96 120 1
96 254 1
97 388 1
97 179 1
97 264 1
97 172 1
97 532 1
97 533 1
97 407 1
97 410 1
97 422 1
97 555 1
97 300 1
97 177 1
97 307 1
97 440 1
97 571 1
97 522 1
97 447 1
97 332 1
97 209 1
97 342 1
97 100 1
97 485 1
97 486 1
97 359 1
97 249 1
97 252 1
97 253 1
97 382 1
98 386 1
98 131 1
98 260 1
98 393 1
98 270 1
98 563 1
98 146 1
98 539 1
98 413 1
98 419 1
98 166 1
98 426 1
98 171 1
98 433 1
98 562 1
98 435 1
98 446 1
98 448 1
98 581 1
98 326 1
98 204 1
98 337 1
98 341 1
98 345 1
98 489 1
98 234 1
98 530 1
98 366 1
98 496 1
98 120 1
98 507 1
98 509 1
99 130 1
99 515 1
99 132 1
99 522 1
99 599 1
99 514 1
99 274 1
99 406 1
99 547 1
99 296 1
99 455 1
99 308 1
99 137 1
99 186 1
99 574 1
99 451 1
99 594 1
99 313 1
99 351 1
99 357 1
99 102 1
99 362 1
99 365 1
99 371 1
99 510 1
100 577 1
100 269 1
100 153 1
100 282 1
100 160 1
100 547 1
100 487 1
100 557 1
100 177 1
100 306 1
100 570 1
100 571 1
100 188 1
100 193 1
100 225 1
100 589 1
100 218 1
100 228 1
100 357 1
100 273 1
100 359 1
100 240 1
100 505 1
100 508 1
101 193 1
101 394 1
101 525 1
101 400 1
101 406 1
101 541 1
101 289 1
101 433 1
101 177 1
101 180 1
101 440 1
101 564 1
101 317 1
101 210 1
101 339 1
101 491 1
101 108 1
101 113 1
101 244 1
101 575 1
101 124 1
101 253 1
102 194 1
102 165 1
102 550 1
102 295 1
102 488 1
102 284 1
102 522 1
102 139 1
102 433 1
102 310 1
102 119 1
102 457 1
102 303 1
102 188 1
102 501 1
103 259 1
103 389 1
103 146 1
103 275 1
103 149 1
103 281 1
103 517 1
103 168 1
103 298 1
103 428 1
103 310 1
103 184 1
103 569 1
103 186 1
103 451 1
103 455 1
103 524 1
103 212 1
103 471 1
103 219 1
103 476 1
103 353 1
103 365 1
103 296 1
103 147 1
103 120 1
103 122 1
103 252 1
104 391 1
104 138 1
104 395 1
104 276 1
104 281 1
104 541 1
104 417 1
104 549 1
104 166 1
104 297 1
104 428 1
104 429 1
104 432 1
104 563 1
104 180 1
104 309 1
104 312 1
104 314 1
104 565 1
104 453 1
104 202 1
104 334 1
104 186 1
104 344 1
104 349 1
104 351 1
104 365 1
104 599 1
104 404 1
104 122 1
105 265 1
105 400 1
105 404 1
105 411 1
105 160 1
105 420 1
105 296 1
105 553 1
105 559 1
105 432 1
105 434 1
105 566 1
105 245 1
105 424 1
105 324 1
105 327 1
105 472 1
105 221 1
105 481 1
105 230 1
105 417 1
105 116 1
105 117 1
105 254 1
106 448 1
106 512 1
106 546 1
106 259 1
106 228 1
106 198 1
106 327 1
106 200 1
106 233 1
106 445 1
106 336 1
106 243 1
106 500 1
106 277 1
106 214 1
106 279 1
106 152 1
106 537 1
106 219 1
107 588 1
107 491 1
107 525 1
107 173 1
107 401 1
107 535 1
107 284 1
107 415 1
107 418 1
107 548 1
107 167 1
107 553 1
107 555 1
107 556 1
107 181 1
107 500 1
107 325 1
107 201 1
107 458 1
107 332 1
107 205 1
107 206 1
107 596 1
107 217 1
107 271 1
107 230 1
107 235 1
107 493 1
107 244 1
107 506 1
108 129 1
108 515 1
108 143 1
108 528 1
108 405 1
108 535 1
108 289 1
108 176 1
108 432 1
108 179 1
108 443 1
108 324 1
108 582 1
108 201 1
108 461 1
108 336 1
108 470 1
108 215 1
108 365 1
108 111 1
108 245 1
108 118 1
108 124 1
109 514 1
109 521 1
109 398 1
109 400 1
109 162 1
109 167 1
109 424 1
109 427 1
109 558 1
109 179 1
109 180 1
109 570 1
109 187 1
109 188 1
109 448 1
109 579 1
109 585 1
109 586 1
109 459 1
109 349 1
109 480 1
109 230 1
109 552 1
109 498 1
109 373 1
109 505 1
110 135 1
110 567 1
110 161 1
110 547 1
110 476 1
110 435 1
110 308 1
110 564 1
110 187 1
110 417 1
110 203 1
110 337 1
110 466 1
110 596 1
110 216 1
110 221 1
110 223 1
110 480 1
110 481 1
110 484 1
110 493 1
110 379 1
110 510 1
111 131 1
111 132 1
111 261 1
111 390 1
111 535 1
111 541 1
111 286 1
111 548 1
111 552 1
111 567 1
111 440 1
111 317 1
111 452 1
111 584 1
111 336 1
111 349 1
111 354 1
111 358 1
111 490 1
111 497 1
111 114 1
111 371 1
111 509 1
112 512 1
112 506 1
112 386 1
112 198 1
112 138 1
112 567 1
112 556 1
112 392 1
112 562 1
112 309 1
112 216 1
112 378 1
112 558 1
112 330 1
112 286 1
112 325 1
113 129 1
113 388 1
113 385 1
113 266 1
113 451 1
113 152 1
113 286 1
113 428 1
113 173 1
113 434 1
113 309 1
113 184 1
113 316 1
113 446 1
113 577 1
113 331 1
113 207 1
113 464 1
113 599 1
113 474 1
113 463 1
113 220 1
113 484 1
113 572 1
113 492 1
113 369 1
113 121 1
113 123 1
114 135 1
114 471 1
114 151 1
114 154 1
114 158 1
114 433 1
114 313 1
114 444 1
114 324 1
114 590 1
114 207 1
114 595 1
114 474 1
114 591 1
114 489 1
114 490 1
114 366 1
114 368 1
114 599 1
114 118 1
114 375 1
115 128 1
115 386 1
115 259 1
115 272 1
115 145 1
115 274 1
115 406 1
115 281 1
115 282 1
115 413 1
115 159 1
115 548 1
115 293 1
115 554 1
115 427 1
115 557 1
115 180 1
115 324 1
115 326 1
115 200 1
115 484 1
115 334 1
115 580 1
115 210 1
115 345 1
115 222 1
115 528 1
115 355 1
115 228 1
115 508 1
115 490 1
115 364 1
115 237 1
115 238 1
115 505 1
115 383 1
115 252 1
115 125 1
115 255 1
116 375 1
116 534 1
116 346 1
116 261 1
116 288 1
116 301 1
116 174 1
116 177 1
116 187 1
116 331 1
116 337 1
116 210 1
116 218 1
116 487 1
116 233 1
116 235 1
116 364 1
116 366 1
116 240 1
116 510 1
116 502 1
116 376 1
116 121 1
116 122 1
116 252 1
116 382 1
117 533 1
117 272 1
117 534 1
117 559 1
117 325 1
117 293 1
117 425 1
117 177 1
117 180 1
117 181 1
117 580 1
117 332 1
117 204 1
117 590 1
117 208 1
117 211 1
117 346 1
117 225 1
117 499 1
117 361 1
117 376 1
117 252 1
117 511 1
118 387 1
118 392 1
118 364 1
118 530 1
118 283 1
118 416 1
118 290 1
118 492 1
118 179 1
118 189 1
118 190 1
118 576 1
118 198 1
118 459 1
118 205 1
118 120 1
118 466 1
118 343 1
118 472 1
118 227 1
118 233 1
118 362 1
118 245 1
118 248 1
118 122 1
118 253 1
118 511 1
119 386 1
119 260 1
119 142 1
119 527 1
119 144 1
119 531 1
119 151 1
119 537 1
119 156 1
119 285 1
119 286 1
119 291 1
119 454 1
119 431 1
119 306 1
119 435 1
119 137 1
119 575 1
119 198 1
119 338 1
119 340 1
119 488 1
119 582 1
119 504 1
119 123 1
119 253 1
120 385 1
120 130 1
120 259 1
120 260 1
120 449 1
120 267 1
120 577 1
120 146 1
120 403 1
120 152 1
120 282 1
120 163 1
120 297 1
120 559 1
120 566 1
120 567 1
120 450 1
120 579 1
120 326 1
120 583 1
120 335 1
120 464 1
120 339 1
120 475 1
120 221 1
120 353 1
120 356 1
120 488 1
120 587 1
120 243 1
120 373 1
120 122 1
121 259 1
121 516 1
121 134 1
121 142 1
121 531 1
121 410 1
121 546 1
121 582 1
121 424 1
121 297 1
121 428 1
121 557 1
121 179 1
121 182 1
121 312 1
121 569 1
121 320 1
121 196 1
121 326 1
121 200 1
121 589 1
121 357 1
121 248 1
122 128 1
122 130 1
122 387 1
122 261 1
122 523 1
122 272 1
122 409 1
122 153 1
122 421 1
122 166 1
122 423 1
122 170 1
122 303 1
122 177 1
122 438 1
122 442 1
122 323 1
122 213 1
122 470 1
122 474 1
122 220 1
122 350 1
122 528 1
122 227 1
122 356 1
122 492 1
122 497 1
122 247 1
122 377 1
122 127 1
123 390 1
123 521 1
123 524 1
123 287 1
123 425 1
123 301 1
123 176 1
123 434 1
123 182 1
123 188 1
123 194 1
123 329 1
123 205 1
123 470 1
123 553 1
123 241 1
124 515 1
124 141 1
124 398 1
124 535 1
124 536 1
124 409 1
124 545 1
124 437 1
124 567 1
124 442 1
124 352 1
124 327 1
124 202 1
124 331 1
124 333 1
124 397 1
124 468 1
124 215 1
124 224 1
124 242 1
124 505 1
125 129 1
125 598 1
125 392 1
125 393 1
125 405 1
125 413 1
125 287 1
125 553 1
125 299 1
125 175 1
125 456 1
125 181 1
125 568 1
125 187 1
125 319 1
125 328 1
125 329 1
125 591 1
125 208 1
125 596 1
125 470 1
125 471 1
125 473 1
125 232 1
125 491 1
125 498 1
125 500 1
126 388 1
126 133 1
126 524 1
126 402 1
126 535 1
126 516 1
126 290 1
126 547 1
126 293 1
126 172 1
126 559 1
126 196 1
126 337 1
126 339 1
126 345 1
126 484 1
126 241 1
127 521 1
127 140 1
127 537 1
127 286 1
127 416 1
127 546 1
127 550 1
127 552 1
127 556 1
127 173 1
127 305 1
127 184 1
127 313 1
127 442 1
127 197 1
127 346 1
127 186 1
127 351 1
127 508 1
128 518 1
128 521 1
128 269 1
128 270 1
128 272 1
128 425 1
128 301 1
128 178 1
128 576 1
128 194 1
128 336 1
128 469 1
128 342 1
128 344 1
128 143 1
128 528 1
128 367 1
128 502 1
128 380 1
129 224 1
129 546 1
129 227 1
129 520 1
129 467 1
129 291 1
129 522 1
129 267 1
129 365 1
129 142 1
129 178 1
129 551 1
129 598 1
130 529 1
130 408 1
130 411 1
130 545 1
130 418 1
130 292 1
130 166 1
130 428 1
130 311 1
130 441 1
130 446 1
130 583 1
130 330 1
130 227 1
130 214 1
130 354 1
130 228 1
130 492 1
130 251 1
130 380 1
131 532 1
131 495 1
131 152 1
131 367 1
131 543 1
131 160 1
131 545 1
131 293 1
131 301 1
131 444 1
131 590 1
131 598 1
131 476 1
131 225 1
131 489 1
131 234 1
131 369 1
131 500 1
131 502 1
132 390 1
132 264 1
132 394 1
132 267 1
132 533 1
132 241 1
132 303 1
132 305 1
132 562 1
132 570 1
132 571 1
132 582 1
132 583 1
132 333 1
132 593 1
132 477 1
132 351 1
132 233 1
132 497 1
132 373 1
133 384 1
133 391 1
133 264 1
133 401 1
133 147 1
133 404 1
133 538 1
133 415 1
133 160 1
133 162 1
133 163 1
133 298 1
133 557 1
133 306 1
133 572 1
133 446 1
133 587 1
133 205 1
133 208 1
133 212 1
133 235 1
133 247 1
133 254 1
134 483 1
134 438 1
134 358 1
134 424 1
134 329 1
134 500 1
134 285 1
134 497 1
134 515 1
134 574 1
134 246 1
134 153 1
134 138 1
134 185 1
134 351 1
135 141 1
135 149 1
135 153 1
135 409 1
135 154 1
135 159 1
135 294 1
135 300 1
135 558 1
135 304 1
135 180 1
135 310 1
135 568 1
135 543 1
135 191 1
135 451 1
135 583 1
135 503 1
135 460 1
135 593 1
135 467 1
135 345 1
135 474 1
135 475 1
135 349 1
135 228 1
135 422 1
135 486 1
135 247 1
135 255 1
136 389 1
136 266 1
136 408 1
136 537 1
136 411 1
136 549 1
136 551 1
136 554 1
136 304 1
136 177 1
136 562 1
136 317 1
136 321 1
136 582 1
136 586 1
136 331 1
136 212 1
136 152 1
136 489 1
136 371 1
137 387 1
137 143 1
137 407 1
137 296 1
137 297 1
137 299 1
137 563 1
137 565 1
137 441 1
137 571 1
137 328 1
137 202 1
137 597 1
137 490 1
137 367 1
137 499 1
137 500 1
137 509 1
137 511 1
138 519 1
138 522 1
138 140 1
138 399 1
138 532 1
138 413 1
138 437 1
138 439 1
138 318 1
138 360 1
138 324 1
138 211 1
138 342 1
138 478 1
138 226 1
138 358 1
138 495 1
138 369 1
138 574 1
138 377 1
139 259 1
139 401 1
139 417 1
139 426 1
139 562 1
139 435 1
139 319 1
139 192 1
139 209 1
139 211 1
139 352 1
139 228 1
139 593 1
139 494 1
139 244 1
139 380 1
139 510 1
140 392 1
140 141 1
140 259 1
140 278 1
140 580 1
140 413 1
140 158 1
140 416 1
140 289 1
140 293 1
140 551 1
140 178 1
140 324 1
140 417 1
140 595 1
140 549 1
140 227 1
140 365 1
140 494 1
140 502 1
140 379 1
141 257 1
141 523 1
141 538 1
141 286 1
141 162 1
141 163 1
141 293 1
141 295 1
141 559 1
141 179 1
141 436 1
141 542 1
141 322 1
141 580 1
141 581 1
141 200 1
141 202 1
141 211 1
141 469 1
141 214 1
141 477 1
141 353 1
141 354 1
141 423 1
141 499 1
141 244 1
141 503 1
141 254 1
142 534 1
142 145 1
142 274 1
142 580 1
142 283 1
142 164 1
142 165 1
142 424 1
142 427 1
142 200 1
142 329 1
142 314 1
142 194 1
142 451 1
142 324 1
142 201 1
142 210 1
142 216 1
142 217 1
142 218 1
142 358 1
142 488 1
142 504 1
142 253 1
143 516 1
143 389 1
143 397 1
143 259 1
143 540 1
143 161 1
143 422 1
143 298 1
143 171 1
143 563 1
143 564 1
143 186 1
143 188 1
143 325 1
143 584 1
143 207 1
143 343 1
143 345 1
143 314 1
143 480 1
143 482 1
143 484 1
143 550 1
144 525 1
144 276 1
144 534 1
144 407 1
144 174 1
144 304 1
144 181 1
144 452 1
144 582 1
144 455 1
144 593 1
144 220 1
144 221 1
144 355 1
144 484 1
144 229 1
144 490 1
144 495 1
144 502 1
144 503 1
144 506 1
145 386 1
145 515 1
145 516 1
145 261 1
145 519 1
145 158 1
145 517 1
145 454 1
145 297 1
145 175 1
145 542 1
145 444 1
145 573 1
145 326 1
145 588 1
145 334 1
145 338 1
145 595 1
145 344 1
145 345 1
145 490 1
145 491 1
146 400 1
146 402 1
146 405 1
146 495 1
146 286 1
146 415 1
146 165 1
146 422 1
146 423 1
146 542 1
146 329 1
146 196 1
146 325 1
146 455 1
146 201 1
146 459 1
146 335 1
146 468 1
146 441 1
146 349 1
146 353 1
146 362 1
146 239 1
146 371 1
146 246 1
146 505 1
146 379 1
146 509 1
147 446 1
147 524 1
147 399 1
147 531 1
147 282 1
147 559 1
147 157 1
147 287 1
147 161 1
147 547 1
147 164 1
147 406 1
147 551 1
147 583 1
147 558 1
147 303 1
147 436 1
147 184 1
147 564 1
147 190 1
147 448 1
147 289 1
147 584 1
147 202 1
147 331 1
147 208 1
147 466 1
147 214 1
147 343 1
147 478 1
147 352 1
147 354 1
147 541 1
147 243 1
147 373 1
147 246 1
147 377 1
147 508 1
148 384 1
148 435 1
148 533 1
148 150 1
148 539 1
148 286 1
148 289 1
148 548 1
148 169 1
148 307 1
148 309 1
148 325 1
148 338 1
148 596 1
148 478 1
148 480 1
148 360 1
148 239 1
148 368 1
148 248 1
148 251 1
148 380 1
149 524 1
149 579 1
149 277 1
149 406 1
149 443 1
149 573 1
149 192 1
149 323 1
149 324 1
149 206 1
149 342 1
149 343 1
149 216 1
149 474 1
149 349 1
149 368 1
149 375 1
149 250 1
150 513 1
150 395 1
150 559 1
150 303 1
150 412 1
150 293 1
150 167 1
150 299 1
150 431 1
150 176 1
150 253 1
150 438 1
150 571 1
150 318 1
150 288 1
150 203 1
150 463 1
150 486 1
150 362 1
150 492 1
150 239 1
150 381 1
151 385 1
151 393 1
151 275 1
151 411 1
151 284 1
151 414 1
151 417 1
151 426 1
151 583 1
151 498 1
151 434 1
151 566 1
151 455 1
151 201 1
151 461 1
151 353 1
151 354 1
151 367 1
151 505 1
152 263 1
152 395 1
152 386 1
152 275 1
152 278 1
152 495 1
152 549 1
152 497 1
152 424 1
152 303 1
152 439 1
152 568 1
152 457 1
152 339 1
152 348 1
152 237 1
152 239 1
152 242 1
152 380 1
152 490 1
152 254 1
153 384 1
153 387 1
153 517 1
153 523 1
153 294 1
153 295 1
153 172 1
153 557 1
153 568 1
153 315 1
153 217 1
153 477 1
153 223 1
153 480 1
153 353 1
153 362 1
153 573 1
153 511 1
154 396 1
154 526 1
154 401 1
154 412 1
154 543 1
154 368 1
154 170 1
154 498 1
154 306 1
154 185 1
154 316 1
154 190 1
154 324 1
154 203 1
154 337 1
154 339 1
154 342 1
154 472 1
154 220 1
154 479 1
154 228 1
154 234 1
154 236 1
154 493 1
154 240 1
154 574 1
154 246 1
154 378 1
154 362 1
155 258 1
155 392 1
155 267 1
155 322 1
155 405 1
155 534 1
155 157 1
155 287 1
155 418 1
155 550 1
155 168 1
155 426 1
155 557 1
155 175 1
155 177 1
155 197 1
155 397 1
155 212 1
155 599 1
155 219 1
155 485 1
155 224 1
155 229 1
155 366 1
155 241 1
155 243 1
156 515 1
156 388 1
156 403 1
156 408 1
156 157 1
156 438 1
156 567 1
156 440 1
156 445 1
156 206 1
156 336 1
156 338 1
156 477 1
156 229 1
156 487 1
156 252 1
157 384 1
157 262 1
157 386 1
157 276 1
157 535 1
157 544 1
157 418 1
157 291 1
157 548 1
157 167 1
157 175 1
157 565 1
157 188 1
157 577 1
157 584 1
157 469 1
157 350 1
157 223 1
157 480 1
157 359 1
157 242 1
157 252 1
157 510 1
158 555 1
158 388 1
158 266 1
158 286 1
158 560 1
158 290 1
158 547 1
158 292 1
158 427 1
158 177 1
158 315 1
158 576 1
158 194 1
158 208 1
158 210 1
158 219 1
158 476 1
158 221 1
158 222 1
158 507 1
158 232 1
158 362 1
158 499 1
158 504 1
158 377 1
158 383 1
158 255 1
159 387 1
159 266 1
159 267 1
159 397 1
159 472 1
159 276 1
159 406 1
159 541 1
159 163 1
159 420 1
159 497 1
159 573 1
159 563 1
159 308 1
159 232 1
159 454 1
159 587 1
159 338 1
159 344 1
159 548 1
159 220 1
159 479 1
159 360 1
159 445 1
159 369 1
159 247 1
160 518 1
160 513 1
160 392 1
160 401 1
160 404 1
160 535 1
160 414 1
160 289 1
160 556 1
160 184 1
160 444 1
160 201 1
160 586 1
160 469 1
160 349 1
160 225 1
160 357 1
160 486 1
160 368 1
160 369 1
160 499 1
160 505 1
161 259 1
161 285 1
161 417 1
161 293 1
161 296 1
161 556 1
161 558 1
161 177 1
161 179 1
161 437 1
161 439 1
161 568 1
161 316 1
161 447 1
161 324 1
161 326 1
161 455 1
161 206 1
161 350 1
161 362 1
161 240 1
161 424 1
161 246 1
161 511 1
161 277 1
162 258 1
162 387 1
162 263 1
162 264 1
162 531 1
162 406 1
162 485 1
162 537 1
162 293 1
162 301 1
162 432 1
162 561 1
162 436 1
162 566 1
162 183 1
162 572 1
162 318 1
162 199 1
162 456 1
162 204 1
162 205 1
162 206 1
162 340 1
162 341 1
162 479 1
162 229 1
162 230 1
162 363 1
162 366 1
162 509 1
162 379 1
162 381 1
163 428 1
163 268 1
163 430 1
163 525 1
163 294 1
163 172 1
163 302 1
163 560 1
163 182 1
163 445 1
163 192 1
163 449 1
163 578 1
163 323 1
163 545 1
163 585 1
163 341 1
163 215 1
163 501 1
163 250 1
164 469 1
164 525 1
164 274 1
164 413 1
164 166 1
164 423 1
164 433 1
164 562 1
164 453 1
164 460 1
164 464 1
164 270 1
164 214 1
164 219 1
164 231 1
164 243 1
164 252 1
164 213 1
165 514 1
165 520 1
165 269 1
165 274 1
165 420 1
165 295 1
165 296 1
165 569 1
165 574 1
165 191 1
165 321 1
165 322 1
165 195 1
165 583 1
165 208 1
165 212 1
165 598 1
165 506 1
165 355 1
165 228 1
165 230 1
165 237 1
165 238 1
165 378 1
165 508 1
165 381 1
165 383 1
166 179 1
166 407 1
166 402 1
166 532 1
166 304 1
166 300 1
166 305 1
166 307 1
166 310 1
166 441 1
166 556 1
166 191 1
166 198 1
166 589 1
166 592 1
166 210 1
166 357 1
166 493 1
166 239 1
166 240 1
166 232 1
166 371 1
166 252 1
167 385 1
167 265 1
167 272 1
167 538 1
167 411 1
167 540 1
167 546 1
167 421 1
167 169 1
167 299 1
167 563 1
167 310 1
167 183 1
167 326 1
167 205 1
167 461 1
167 597 1
167 356 1
167 235 1
167 366 1
167 368 1
167 499 1
167 510 1
168 256 1
168 399 1
168 534 1
168 295 1
168 557 1
168 431 1
168 444 1
168 452 1
168 325 1
168 198 1
168 583 1
168 484 1
168 353 1
168 228 1
168 492 1
168 238 1
168 239 1
168 382 1
169 571 1
169 401 1
169 404 1
169 283 1
169 412 1
169 282 1
169 418 1
169 539 1
169 284 1
169 177 1
169 179 1
169 443 1
169 435 1
169 580 1
169 202 1
169 590 1
169 209 1
169 220 1
169 481 1
169 355 1
169 488 1
169 506 1
169 380 1
170 448 1
170 480 1
170 502 1
170 358 1
170 414 1
170 419 1
170 317 1
170 461 1
170 533 1
170 403 1
170 182 1
170 446 1
170 344 1
170 254 1
170 405 1
171 258 1
171 517 1
171 403 1
171 409 1
171 581 1
171 547 1
171 549 1
171 551 1
171 172 1
171 576 1
171 579 1
171 325 1
171 198 1
171 201 1
171 215 1
171 353 1
171 486 1
171 495 1
171 244 1
172 560 1
172 533 1
172 431 1
172 304 1
172 311 1
172 184 1
172 570 1
172 575 1
172 452 1
172 326 1
172 460 1
172 207 1
172 492 1
172 374 1
172 383 1
173 516 1
173 522 1
173 269 1
173 273 1
173 531 1
173 411 1
173 540 1
173 294 1
173 497 1
173 553 1
173 300 1
173 302 1
173 434 1
173 565 1
173 568 1
173 197 1
173 328 1
173 457 1
173 461 1
173 211 1
173 344 1
173 352 1
173 239 1
174 265 1
174 395 1
174 406 1
174 408 1
174 413 1
174 288 1
174 549 1
174 477 1
174 304 1
174 305 1
174 183 1
174 440 1
174 571 1
174 580 1
174 328 1
174 586 1
174 338 1
174 467 1
174 213 1
174 479 1
174 354 1
174 242 1
174 595 1
174 374 1
174 378 1
175 256 1
175 262 1
175 527 1
175 272 1
175 530 1
175 292 1
175 425 1
175 541 1
175 584 1
175 186 1
175 576 1
175 480 1
175 452 1
175 456 1
175 592 1
175 209 1
175 211 1
175 470 1
175 476 1
175 223 1
175 337 1
175 489 1
175 594 1
175 404 1
176 263 1
176 397 1
176 272 1
176 539 1
176 415 1
176 547 1
176 426 1
176 556 1
176 304 1
176 307 1
176 567 1
176 440 1
176 192 1
176 325 1
176 456 1
176 592 1
176 534 1
176 470 1
176 221 1
176 485 1
176 361 1
176 237 1
176 501 1
176 250 1
177 386 1
177 274 1
177 277 1
177 546 1
177 430 1
177 431 1
177 436 1
177 440 1
177 442 1
177 446 1
177 193 1
177 195 1
177 225 1
177 587 1
177 465 1
177 595 1
177 468 1
177 346 1
177 476 1
177 231 1
177 232 1
177 489 1
177 363 1
177 533 1
178 259 1
178 273 1
178 404 1
178 537 1
178 296 1
178 300 1
178 448 1
178 587 1
178 334 1
178 212 1
178 216 1
178 219 1
178 570 1
178 483 1
178 369 1
178 370 1
178 375 1
178 382 1
179 387 1
179 269 1
179 531 1
179 345 1
179 295 1
179 561 1
179 571 1
179 316 1
179 576 1
179 203 1
179 460 1
179 340 1
179 469 1
179 217 1
179 596 1
179 253 1
179 382 1
180 262 1
180 397 1
180 279 1
180 497 1
180 423 1
180 316 1
180 440 1
180 468 1
180 343 1
180 474 1
180 227 1
180 465 1
180 361 1
180 363 1
180 232 1
180 506 1
181 277 1
181 540 1
181 541 1
181 414 1
181 417 1
181 428 1
181 562 1
181 193 1
181 198 1
181 588 1
181 462 1
181 336 1
181 348 1
181 490 1
181 363 1
182 256 1
182 384 1
182 272 1
182 536 1
182 560 1
182 568 1
182 193 1
182 322 1
182 455 1
182 584 1
182 205 1
182 500 1
182 509 1
182 382 1
182 511 1
183 512 1
183 266 1
183 267 1
183 268 1
183 398 1
183 271 1
183 285 1
183 295 1
183 553 1
183 311 1
183 441 1
183 186 1
183 189 1
183 446 1
183 329 1
183 599 1
183 331 1
183 590 1
183 210 1
183 339 1
183 340 1
183 420 1
183 225 1
183 486 1
183 370 1
183 248 1
183 379 1
183 383 1
184 524 1
184 406 1
184 452 1
184 411 1
184 414 1
184 539 1
184 421 1
184 298 1
184 309 1
184 441 1
184 587 1
184 324 1
184 197 1
184 203 1
184 210 1
184 339 1
184 216 1
184 353 1
184 227 1
184 234 1
184 487 1
184 553 1
184 506 1
185 447 1
185 509 1
185 232 1
185 284 1
185 555 1
185 206 1
185 431 1
185 240 1
185 371 1
185 270 1
185 598 1
185 495 1
185 188 1
185 351 1
186 262 1
186 266 1
186 403 1
186 283 1
186 413 1
186 417 1
186 411 1
186 297 1
186 433 1
186 312 1
186 522 1
186 197 1
186 203 1
186 205 1
186 464 1
186 218 1
186 347 1
186 479 1
186 486 1
186 361 1
186 365 1
186 239 1
186 507 1
187 256 1
187 514 1
187 387 1
187 394 1
187 405 1
187 534 1
187 285 1
187 557 1
187 436 1
187 569 1
187 446 1
187 447 1
187 581 1
187 211 1
187 475 1
187 479 1
187 224 1
187 254 1
188 256 1
188 389 1
188 401 1
188 406 1
188 279 1
188 280 1
188 415 1
188 546 1
188 295 1
188 299 1
188 300 1
188 557 1
188 559 1
188 190 1
188 455 1
188 458 1
188 334 1
188 342 1
188 362 1
188 238 1
188 495 1
188 499 1
189 512 1
189 270 1
189 277 1
189 278 1
189 289 1
189 539 1
189 585 1
189 300 1
189 434 1
189 435 1
189 442 1
189 317 1
189 582 1
189 524 1
189 206 1
189 464 1
189 526 1
189 214 1
189 215 1
189 528 1
189 366 1
189 377 1
189 254 1
190 491 1
190 271 1
190 288 1
190 419 1
190 429 1
190 440 1
190 447 1
190 192 1
190 193 1
190 204 1
190 213 1
190 349 1
190 352 1
190 482 1
190 232 1
190 363 1
190 504 1
190 255 1
191 263 1
191 264 1
191 396 1
191 275 1
191 281 1
191 419 1
191 304 1
191 433 1
191 567 1
191 447 1
191 323 1
191 580 1
191 457 1
191 458 1
191 460 1
191 210 1
191 351 1
191 359 1
191 494 1
191 524 1
192 264 1
192 411 1
192 548 1
192 298 1
192 299 1
192 498 1
192 586 1
192 461 1
192 335 1
192 466 1
192 339 1
192 346 1
192 591 1
192 480 1
192 234 1
192 364 1
192 370 1
192 211 1
192 505 1
192 510 1
193 262 1
193 406 1
193 536 1
193 291 1
193 420 1
193 296 1
193 427 1
193 316 1
193 452 1
193 581 1
193 330 1
193 459 1
193 418 1
193 339 1
193 231 1
193 359 1
193 368 1
193 467 1
193 505 1
194 385 1
194 270 1
194 399 1
194 400 1
194 580 1
194 292 1
194 296 1
194 302 1
194 432 1
194 308 1
194 565 1
194 566 1
194 569 1
194 578 1
194 323 1
194 324 1
194 454 1
194 334 1
194 505 1
194 471 1
194 477 1
194 222 1
194 354 1
194 484 1
194 486 1
194 232 1
194 233 1
194 239 1
194 248 1
194 249 1
194 509 1
194 383 1
195 265 1
195 402 1
195 531 1
195 549 1
195 300 1
195 462 1
195 479 1
195 196 1
195 327 1
195 334 1
195 210 1
195 341 1
195 227 1
195 492 1
195 368 1
195 253 1
195 510 1
196 491 1
196 408 1
196 417 1
196 547 1
196 551 1
196 553 1
196 567 1
196 570 1
196 201 1
196 462 1
196 337 1
196 216 1
196 219 1
196 477 1
196 363 1
196 497 1
196 243 1
196 501 1
196 378 1
196 597 1
197 258 1
197 279 1
197 284 1
197 561 1
197 440 1
197 463 1
197 228 1
197 220 1
197 227 1
197 356 1
197 486 1
197 490 1
197 499 1
197 248 1
197 252 1
198 523 1
198 399 1
198 281 1
198 540 1
198 419 1
198 292 1
198 302 1
198 563 1
198 324 1
198 327 1
198 329 1
198 333 1
198 213 1
198 527 1
198 349 1
198 480 1
198 225 1
198 248 1
199 273 1
199 411 1
199 285 1
199 417 1
199 420 1
199 562 1
199 569 1
199 447 1
199 267 1
199 581 1
199 459 1
199 418 1
199 591 1
199 207 1
199 487 1
199 508 1
199 493 1
199 497 1
199 370 1
199 244 1
199 252 1
200 213 1
200 391 1
200 531 1
200 281 1
200 544 1
200 427 1
200 311 1
200 444 1
200 446 1
200 576 1
200 450 1
200 454 1
200 214 1
200 215 1
200 352 1
200 229 1
200 359 1
200 368 1
200 574 1
200 248 1
200 383 1
201 387 1
201 390 1
201 547 1
201 307 1
201 568 1
201 570 1
201 479 1
201 327 1
201 585 1
201 592 1
201 345 1
201 219 1
201 481 1
201 227 1
201 402 1
201 495 1
201 242 1
201 254 1
202 399 1
202 529 1
202 276 1
202 282 1
202 417 1
202 554 1
202 299 1
202 559 1
202 318 1
202 450 1
202 581 1
202 457 1
202 207 1
202 464 1
202 476 1
202 336 1
202 241 1
203 534 1
203 264 1
203 265 1
203 395 1
203 268 1
203 397 1
203 402 1
203 281 1
203 543 1
203 305 1
203 311 1
203 448 1
203 407 1
203 457 1
203 331 1
203 205 1
203 472 1
203 219 1
203 353 1
203 364 1
203 497 1
204 396 1
204 429 1
204 482 1
204 530 1
204 278 1
204 543 1
204 552 1
204 428 1
204 301 1
204 306 1
204 564 1
204 582 1
204 205 1
204 476 1
204 360 1
204 498 1
204 372 1
204 554 1
205 386 1
205 394 1
205 535 1
205 281 1
205 284 1
205 415 1
205 419 1
205 412 1
205 330 1
205 546 1
205 591 1
205 208 1
205 467 1
205 217 1
205 478 1
205 484 1
205 489 1
205 504 1
205 383 1
206 257 1
206 392 1
206 395 1
206 413 1
206 547 1
206 548 1
206 296 1
206 302 1
206 520 1
206 309 1
206 312 1
206 462 1
206 207 1
206 340 1
206 214 1
206 251 1
206 253 1
207 512 1
207 390 1
207 556 1
207 269 1
207 273 1
207 543 1
207 419 1
207 309 1
207 324 1
207 331 1
207 592 1
207 211 1
207 462 1
207 481 1
207 367 1
207 242 1
207 501 1
207 377 1
207 252 1
207 254 1
208 525 1
208 413 1
208 416 1
208 546 1
208 442 1
208 571 1
208 446 1
208 487 1
208 495 1
208 243 1
208 508 1
209 257 1
209 396 1
209 399 1
209 296 1
209 565 1
209 311 1
209 319 1
209 524 1
209 338 1
209 214 1
209 343 1
209 216 1
209 350 1
209 358 1
209 237 1
209 424 1
210 391 1
210 400 1
210 530 1
210 409 1
210 542 1
210 500 1
210 314 1
210 552 1
210 328 1
210 329 1
210 342 1
210 354 1
210 227 1
210 234 1
210 369 1
210 374 1
210 575 1
211 399 1
211 404 1
211 537 1
211 411 1
211 292 1
211 554 1
211 430 1
211 308 1
211 215 1
211 322 1
211 268 1
211 343 1
211 595 1
211 578 1
211 214 1
211 344 1
211 510 1
211 480 1
211 382 1
212 396 1
212 273 1
212 530 1
212 403 1
212 279 1
212 409 1
212 474 1
212 290 1
212 295 1
212 486 1
212 563 1
212 571 1
212 328 1
212 593 1
212 338 1
212 470 1
212 357 1
212 230 1
212 234 1
212 495 1
212 244 1
212 510 1
212 382 1
213 260 1
213 534 1
213 390 1
213 265 1
213 524 1
213 526 1
213 273 1
213 283 1
213 297 1
213 598 1
213 432 1
213 577 1
213 339 1
213 342 1
213 220 1
213 250 1
213 226 1
213 230 1
213 239 1
213 374 1
213 425 1
214 260 1
214 524 1
214 275 1
214 287 1
214 289 1
214 583 1
214 557 1
214 302 1
214 303 1
214 305 1
214 436 1
214 415 1
214 454 1
214 343 1
214 345 1
214 220 1
214 229 1
214 360 1
214 375 1
214 504 1
214 507 1
215 395 1
215 408 1
215 404 1
215 411 1
215 548 1
215 296 1
215 425 1
215 554 1
215 301 1
215 558 1
215 559 1
215 434 1
215 564 1
215 311 1
215 321 1
215 567 1
215 216 1
215 217 1
215 349 1
215 419 1
215 489 1
215 493 1
215 368 1
215 499 1
215 502 1
215 249 1
215 251 1
216 257 1
216 265 1
216 275 1
216 282 1
216 419 1
216 293 1
216 301 1
216 433 1
216 309 1
216 315 1
216 311 1
216 461 1
216 590 1
216 341 1
216 220 1
216 360 1
216 246 1
216 247 1
216 494 1
216 255 1
217 448 1
217 514 1
217 397 1
217 535 1
217 536 1
217 298 1
217 316 1
217 320 1
217 323 1
217 327 1
217 587 1
217 332 1
217 335 1
217 398 1
217 486 1
217 492 1
217 493 1
217 501 1
217 376 1
217 506 1
217 251 1
217 253 1
217 510 1
218 492 1
218 395 1
218 271 1
218 537 1
218 542 1
218 294 1
218 310 1
218 244 1
218 315 1
218 318 1
218 448 1
218 322 1
218 454 1
218 584 1
218 597 1
218 236 1
218 367 1
218 240 1
218 377 1
218 380 1
218 509 1
218 254 1
218 383 1
219 385 1
219 261 1
219 521 1
219 284 1
219 551 1
219 301 1
219 542 1
219 568 1
219 458 1
219 589 1
219 594 1
219 420 1
219 346 1
219 482 1
219 402 1
219 240 1
219 242 1
219 503 1
219 249 1
219 380 1
220 259 1
220 520 1
220 526 1
220 399 1
220 531 1
220 550 1
220 295 1
220 424 1
220 303 1
220 433 1
220 434 1
220 309 1
220 310 1
220 588 1
220 336 1
220 429 1
220 481 1
220 482 1
220 235 1
220 243 1
220 244 1
220 381 1
221 512 1
221 513 1
221 387 1
221 268 1
221 280 1
221 287 1
221 557 1
221 558 1
221 437 1
221 439 1
221 454 1
221 457 1
221 330 1
221 459 1
221 595 1
221 351 1
221 528 1
221 355 1
221 489 1
221 552 1
221 247 1
221 507 1
222 390 1
222 519 1
222 275 1
222 412 1
222 554 1
222 427 1
222 308 1
222 442 1
222 576 1
222 456 1
222 457 1
222 331 1
222 588 1
222 461 1
222 589 1
222 465 1
222 467 1
222 340 1
222 355 1
222 487 1
222 495 1
222 496 1
222 372 1
222 501 1
222 374 1
222 251 1
223 535 1
223 527 1
223 528 1
223 534 1
223 279 1
223 408 1
223 283 1
223 560 1
223 296 1
223 427 1
223 430 1
223 432 1
223 566 1
223 315 1
223 577 1
223 335 1
223 466 1
223 598 1
223 225 1
223 354 1
223 504 1
223 382 1
224 386 1
224 388 1
224 513 1
224 520 1
224 403 1
224 278 1
224 541 1
224 416 1
224 296 1
224 307 1
224 565 1
224 577 1
224 442 1
224 449 1
224 587 1
224 590 1
224 340 1
224 347 1
224 239 1
224 552 1
224 244 1
224 502 1
224 504 1
224 250 1
225 384 1
225 262 1
225 263 1
225 523 1
225 387 1
225 552 1
225 555 1
225 563 1
225 322 1
225 453 1
225 455 1
225 596 1
225 350 1
225 487 1
225 251 1
225 255 1
226 257 1
226 263 1
226 402 1
226 407 1
226 413 1
226 414 1
226 422 1
226 298 1
226 300 1
226 562 1
226 564 1
226 442 1
226 586 1
226 452 1
226 328 1
226 596 1
226 487 1
226 376 1
226 249 1
226 597 1
227 512 1
227 514 1
227 528 1
227 279 1
227 540 1
227 325 1
227 295 1
227 297 1
227 554 1
227 571 1
227 321 1
227 471 1
227 477 1
227 479 1
227 465 1
227 488 1
227 364 1
227 366 1
227 241 1
227 381 1
227 511 1
228 393 1
228 417 1
228 551 1
228 302 1
228 304 1
228 521 1
228 570 1
228 457 1
228 591 1
228 464 1
228 465 1
228 340 1
228 347 1
228 353 1
228 296 1
228 370 1
228 504 1
228 362 1
229 514 1
229 259 1
229 265 1
229 401 1
229 531 1
229 436 1
229 567 1
229 325 1
229 599 1
229 473 1
229 479 1
229 232 1
229 237 1
229 242 1
229 245 1
230 491 1
230 556 1
230 522 1
230 272 1
230 401 1
230 402 1
230 535 1
230 280 1
230 300 1
230 431 1
230 520 1
230 267 1
230 456 1
230 599 1
230 351 1
230 484 1
230 362 1
230 503 1
230 507 1
231 384 1
231 514 1
231 577 1
231 264 1
231 527 1
231 530 1
231 494 1
231 536 1
231 416 1
231 549 1
231 555 1
231 585 1
231 442 1
231 443 1
231 324 1
231 582 1
231 457 1
231 330 1
231 350 1
231 483 1
231 238 1
231 497 1
231 500 1
231 245 1
231 502 1
231 505 1
231 510 1
232 388 1
232 393 1
232 266 1
232 269 1
232 271 1
232 558 1
232 562 1
232 565 1
232 317 1
232 329 1
232 593 1
232 339 1
232 468 1
232 527 1
232 477 1
232 356 1
232 380 1
232 239 1
232 498 1
232 446 1
232 503 1
232 505 1
232 252 1
232 383 1
233 517 1
233 273 1
233 536 1
233 414 1
233 496 1
233 290 1
233 292 1
233 301 1
233 318 1
233 545 1
233 460 1
233 482 1
233 337 1
233 548 1
233 354 1
233 368 1
233 497 1
233 501 1
233 380 1
234 262 1
234 269 1
234 273 1
234 282 1
234 286 1
234 289 1
234 304 1
234 571 1
234 444 1
234 573 1
234 339 1
234 328 1
234 330 1
234 589 1
234 462 1
234 465 1
234 598 1
234 355 1
234 492 1
234 243 1
234 379 1
234 254 1
235 393 1
235 353 1
235 515 1
235 590 1
235 272 1
235 408 1
235 497 1
235 469 1
235 284 1
235 279 1
235 372 1
235 349 1
235 549 1
236 261 1
236 392 1
236 521 1
236 395 1
236 399 1
236 403 1
236 407 1
236 389 1
236 429 1
236 438 1
236 443 1
236 326 1
236 455 1
236 328 1
236 471 1
236 373 1
236 503 1
236 249 1
237 384 1
237 563 1
237 530 1
237 581 1
237 295 1
237 297 1
237 300 1
237 557 1
237 558 1
237 438 1
237 324 1
237 584 1
237 594 1
237 342 1
237 346 1
237 357 1
237 493 1
238 512 1
238 588 1
238 263 1
238 532 1
238 533 1
238 279 1
238 519 1
238 301 1
238 562 1
238 499 1
238 308 1
238 571 1
238 322 1
238 585 1
238 587 1
238 332 1
238 463 1
238 337 1
238 483 1
238 365 1
238 376 1
238 379 1
238 507 1
239 512 1
239 389 1
239 262 1
239 409 1
239 324 1
239 371 1
239 444 1
239 451 1
239 582 1
239 458 1
239 339 1
239 348 1
239 490 1
239 498 1
239 243 1
239 372 1
239 375 1
239 379 1
240 390 1
240 391 1
240 525 1
240 402 1
240 536 1
240 286 1
240 299 1
240 431 1
240 308 1
240 313 1
240 462 1
240 597 1
240 489 1
240 492 1
240 274 1
240 494 1
240 498 1
241 469 1
241 522 1
241 294 1
241 298 1
241 363 1
241 552 1
241 434 1
241 468 1
241 254 1
241 563 1
241 473 1
241 252 1
241 437 1
242 387 1
242 404 1
242 298 1
242 318 1
242 579 1
242 352 1
242 489 1
242 365 1
242 369 1
242 371 1
242 574 1
242 255 1
243 516 1
243 272 1
243 280 1
243 580 1
243 290 1
243 539 1
243 296 1
243 348 1
243 350 1
243 438 1
243 320 1
243 577 1
243 450 1
243 325 1
243 330 1
243 331 1
243 335 1
243 343 1
243 408 1
243 360 1
243 371 1
243 373 1
243 469 1
244 396 1
244 277 1
244 478 1
244 301 1
244 309 1
244 311 1
244 313 1
244 319 1
244 453 1
244 457 1
244 471 1
244 477 1
244 361 1
244 366 1
244 375 1
244 379 1
244 381 1
244 254 1
245 513 1
245 267 1
245 529 1
245 387 1
245 405 1
245 580 1
245 413 1
245 288 1
245 442 1
245 318 1
245 323 1
245 452 1
245 587 1
245 471 1
245 356 1
245 360 1
245 505 1
246 266 1
246 405 1
246 534 1
246 542 1
246 292 1
246 559 1
246 305 1
246 442 1
246 317 1
246 468 1
246 352 1
246 488 1
246 372 1
246 383 1
247 392 1
247 393 1
247 469 1
247 267 1
247 401 1
247 274 1
247 534 1
247 346 1
247 389 1
247 419 1
247 426 1
247 517 1
247 310 1
247 444 1
247 322 1
247 329 1
247 459 1
247 588 1
247 347 1
247 355 1
247 486 1
247 493 1
247 505 1
247 507 1
247 383 1
248 516 1
248 450 1
248 412 1
248 296 1
248 431 1
248 432 1
248 573 1
248 319 1
248 461 1
248 338 1
248 578 1
248 475 1
248 362 1
248 500 1
248 504 1
249 427 1
249 599 1
249 275 1
249 288 1
249 296 1
249 299 1
249 571 1
249 575 1
249 577 1
249 583 1
249 457 1
249 335 1
249 337 1
249 477 1
249 480 1
249 358 1
249 363 1
249 493 1
249 498 1
250 386 1
250 534 1
250 559 1
250 286 1
250 427 1
250 562 1
250 309 1
250 444 1
250 580 1
250 326 1
250 583 1
250 462 1
250 291 1
250 345 1
250 572 1
250 370 1
250 372 1
250 380 1
251 541 1
251 431 1
251 264 1
251 562 1
251 563 1
251 571 1
251 446 1
251 575 1
251 472 1
251 373 1
251 298 1
251 426 1
252 391 1
252 269 1
252 401 1
252 286 1
252 423 1
252 455 1
252 559 1
252 432 1
252 561 1
252 311 1
252 372 1
252 332 1
252 597 1
252 569 1
252 485 1
252 375 1
253 534 1
253 271 1
253 530 1
253 408 1
253 547 1
253 552 1
253 301 1
253 477 1
253 440 1
253 590 1
253 446 1
253 584 1
253 333 1
253 557 1
253 474 1
253 347 1
253 485 1
253 492 1
254 522 1
254 527 1
254 407 1
254 410 1
254 389 1
254 417 1
254 432 1
254 465 1
254 481 1
254 496 1
255 386 1
255 271 1
255 405 1
255 544 1
255 422 1
255 423 1
255 298 1
255 301 1
255 569 1
255 320 1
255 454 1
255 457 1
255 458 1
255 464 1
255 340 1
255 368 1
255 497 1
255 505 1
255 507 1
256 403 1
256 407 1
256 409 1
256 541 1
256 546 1
256 558 1
256 574 1
256 327 1
256 290 1
256 589 1
256 596 1
256 477 1
256 356 1
256 487 1
256 374 1
256 504 1
256 281 1
257 268 1
257 289 1
257 292 1
257 302 1
257 456 1
257 439 1
257 318 1
257 321 1
257 324 1
257 545 1
257 328 1
257 585 1
257 460 1
257 471 1
257 420 1
257 347 1
257 372 1
257 505 1
258 516 1
258 263 1
258 525 1
258 273 1
258 530 1
258 277 1
258 551 1
258 296 1
258 560 1
258 434 1
258 437 1
258 311 1
258 443 1
258 573 1
258 319 1
258 320 1
258 578 1
258 579 1
258 582 1
258 588 1
258 350 1
258 575 1
258 509 1
259 385 1
259 520 1
259 551 1
259 296 1
259 553 1
259 438 1
259 570 1
259 454 1
259 584 1
259 332 1
259 465 1
259 339 1
259 598 1
259 353 1
259 368 1
260 598 1
260 264 1
260 469 1
260 523 1
260 278 1
260 540 1
260 550 1
260 298 1
260 556 1
260 558 1
260 569 1
260 445 1
260 447 1
260 320 1
260 328 1
260 354 1
260 419 1
260 356 1
260 358 1
260 501 1
260 506 1
260 381 1
260 426 1
261 263 1
261 265 1
261 397 1
261 277 1
261 283 1
261 296 1
261 561 1
261 563 1
261 318 1
261 320 1
261 580 1
261 585 1
261 462 1
261 463 1
261 465 1
261 596 1
261 476 1
261 479 1
261 356 1
261 593 1
261 360 1
261 496 1
261 503 1
261 377 1
262 517 1
262 392 1
262 492 1
262 270 1
262 271 1
262 431 1
262 297 1
262 569 1
262 586 1
262 466 1
262 475 1
262 358 1
262 489 1
262 364 1
262 493 1
263 520 1
263 270 1
263 530 1
263 579 1
263 284 1
263 431 1
263 561 1
263 438 1
263 572 1
263 573 1
263 322 1
263 584 1
263 347 1
263 492 1
263 493 1
263 369 1
264 268 1
264 527 1
264 272 1
264 409 1
264 411 1
264 547 1
264 568 1
264 570 1
264 581 1
264 332 1
264 352 1
264 482 1
264 360 1
264 362 1
264 375 1
265 385 1
265 400 1
265 402 1
265 323 1
265 280 1
265 283 1
265 546 1
265 547 1
265 548 1
265 299 1
265 315 1
265 450 1
265 581 1
265 330 1
265 591 1
265 476 1
265 587 1
265 483 1
265 492 1
265 504 1
265 381 1
266 272 1
266 275 1
266 408 1
266 409 1
266 285 1
266 421 1
266 296 1
266 300 1
266 520 1
266 306 1
266 438 1
266 574 1
266 451 1
266 439 1
266 334 1
266 349 1
266 480 1
267 528 1
267 558 1
267 432 1
267 562 1
267 479 1
267 457 1
267 334 1
267 590 1
267 352 1
267 353 1
267 497 1
267 370 1
267 371 1
267 500 1
267 374 1
267 379 1
268 536 1
268 414 1
268 544 1
268 292 1
268 385 1
268 547 1
268 436 1
268 440 1
268 442 1
268 579 1
268 452 1
268 590 1
268 357 1
268 487 1
268 361 1
268 364 1
268 366 1
269 429 1
269 424 1
269 554 1
269 560 1
269 561 1
269 585 1
269 314 1
269 446 1
269 457 1
269 459 1
269 557 1
269 351 1
269 492 1
270 571 1
270 388 1
270 393 1
270 401 1
270 516 1
270 549 1
270 306 1
270 312 1
270 443 1
270 580 1
270 585 1
270 587 1
270 593 1
270 340 1
270 469 1
270 471 1
270 347 1
270 355 1
270 498 1
270 503 1
270 510 1
271 387 1
271 516 1
271 389 1
271 392 1
271 280 1
271 286 1
271 544 1
271 290 1
271 291 1
271 421 1
271 294 1
271 298 1
271 557 1
271 303 1
271 443 1
271 447 1
271 576 1
271 328 1
271 458 1
271 333 1
271 591 1
271 352 1
271 507 1
272 514 1
272 409 1
272 283 1
272 284 1
272 423 1
272 562 1
272 436 1
272 564 1
272 590 1
272 447 1
272 462 1
272 464 1
272 359 1
273 427 1
273 518 1
273 403 1
273 536 1
273 433 1
273 299 1
273 556 1
273 305 1
273 308 1
273 312 1
273 572 1
273 318 1
273 458 1
273 593 1
273 340 1
273 343 1
273 478 1
273 355 1
273 515 1
273 562 1
274 513 1
274 576 1
274 414 1
274 419 1
274 298 1
274 556 1
274 305 1
274 310 1
274 570 1
274 446 1
274 320 1
274 324 1
274 326 1
274 456 1
274 346 1
274 352 1
275 386 1
275 526 1
275 281 1
275 411 1
275 539 1
275 549 1
275 424 1
275 305 1
275 435 1
275 438 1
275 571 1
275 322 1
275 566 1
275 582 1
275 348 1
275 350 1
275 483 1
275 367 1
276 416 1
276 496 1
276 470 1
276 463 1
276 529 1
276 498 1
276 435 1
276 560 1
276 310 1
276 279 1
276 564 1
276 283 1
277 384 1
277 516 1
277 529 1
277 534 1
277 291 1
277 563 1
277 446 1
277 319 1
277 578 1
277 460 1
277 462 1
277 598 1
277 356 1
277 289 1
278 289 1
278 517 1
278 588 1
278 568 1
278 298 1
278 559 1
278 563 1
278 534 1
278 340 1
278 342 1
278 471 1
279 513 1
279 363 1
279 535 1
279 543 1
279 422 1
279 559 1
279 566 1
279 311 1
279 436 1
279 320 1
279 331 1
279 460 1
279 369 1
279 370 1
279 374 1
279 532 1
279 490 1
280 513 1
280 398 1
280 534 1
280 541 1
280 302 1
280 303 1
280 562 1
280 435 1
280 569 1
280 578 1
280 453 1
280 341 1
280 344 1
280 481 1
280 372 1
281 448 1
281 525 1
281 287 1
281 555 1
281 442 1
281 320 1
281 321 1
281 331 1
281 326 1
281 333 1
281 593 1
281 477 1
281 494 1
281 500 1
282 395 1
282 527 1
282 405 1
282 407 1
282 284 1
282 285 1
282 419 1
282 429 1
282 306 1
282 309 1
282 440 1
282 447 1
282 593 1
282 466 1
282 343 1
282 354 1
283 524 1
283 401 1
283 406 1
283 410 1
283 285 1
283 287 1
283 422 1
283 296 1
283 428 1
283 573 1
283 556 1
283 448 1
283 580 1
283 344 1
283 570 1
283 528 1
283 552 1
283 501 1
283 297 1
283 504 1
284 513 1
284 399 1
284 581 1
284 545 1
284 424 1
284 298 1
284 519 1
284 433 1
284 437 1
284 456 1
284 338 1
284 341 1
284 313 1
284 345 1
284 489 1
284 500 1
285 401 1
285 534 1
285 559 1
285 412 1
285 296 1
285 431 1
285 438 1
285 461 1
285 474 1
285 479 1
285 358 1
285 496 1
285 510 1
286 328 1
286 512 1
286 518 1
286 531 1
286 431 1
286 415 1
286 548 1
286 583 1
286 303 1
286 304 1
286 305 1
286 435 1
286 417 1
286 443 1
286 449 1
286 327 1
286 586 1
286 345 1
286 479 1
286 354 1
286 360 1
287 390 1
287 525 1
287 541 1
287 424 1
287 431 1
287 509 1
287 325 1
287 565 1
287 592 1
287 467 1
287 599 1
287 486 1
287 492 1
287 367 1
288 389 1
288 519 1
288 399 1
288 407 1
288 412 1
288 413 1
288 415 1
288 294 1
288 553 1
288 426 1
288 561 1
288 562 1
288 311 1
288 440 1
288 316 1
288 586 1
288 333 1
288 470 1
288 344 1
288 527 1
288 348 1
288 490 1
288 371 1
288 502 1
288 503 1
289 406 1
289 523 1
289 400 1
289 552 1
289 302 1
289 306 1
289 438 1
289 351 1
289 329 1
289 331 1
289 357 1
289 587 1
289 483 1
289 493 1
289 499 1
289 511 1
289 383 1
290 394 1
290 401 1
290 594 1
290 310 1
290 443 1
290 330 1
290 309 1
290 374 1
290 332 1
290 466 1
290 377 1
290 474 1
290 349 1
290 493 1
290 445 1
290 340 1
291 514 1
291 407 1
291 542 1
291 560 1
291 428 1
291 302 1
291 437 1
291 327 1
291 330 1
291 333 1
291 463 1
291 464 1
291 598 1
291 487 1
291 369 1
291 589 1
292 395 1
292 402 1
292 535 1
292 582 1
292 429 1
292 307 1
292 415 1
292 447 1
292 464 1
292 465 1
292 347 1
292 479 1
292 359 1
292 530 1
292 367 1
292 497 1
292 541 1
293 514 1
293 470 1
293 520 1
293 521 1
293 528 1
293 517 1
293 416 1
293 420 1
293 297 1
293 440 1
293 316 1
293 577 1
293 452 1
293 417 1
293 585 1
293 546 1
293 335 1
293 345 1
293 350 1
293 529 1
293 502 1
294 512 1
294 513 1
294 346 1
294 423 1
294 297 1
294 327 1
294 316 1
294 318 1
294 597 1
294 351 1
294 371 1
294 574 1
294 502 1
295 529 1
295 476 1
295 298 1
295 299 1
295 430 1
295 573 1
295 447 1
295 451 1
295 327 1
295 590 1
295 474 1
295 347 1
295 492 1
295 371 1
295 372 1
295 501 1
295 506 1
296 396 1
296 560 1
296 304 1
296 308 1
296 393 1
296 574 1
296 447 1
296 325 1
296 582 1
296 332 1
296 480 1
296 484 1
296 510 1
296 383 1
297 522 1
297 529 1
297 341 1
297 574 1
297 335 1
297 339 1
297 505 1
297 361 1
297 490 1
297 487 1
297 492 1
297 367 1
297 499 1
297 383 1
298 401 1
298 414 1
298 421 1
298 432 1
298 319 1
298 462 1
298 464 1
298 549 1
298 357 1
298 492 1
298 494 1
299 512 1
299 387 1
299 389 1
299 528 1
299 533 1
299 535 1
299 415 1
299 423 1
299 534 1
299 304 1
299 562 1
299 563 1
299 446 1
299 439 1
299 554 1
299 596 1
299 598 1
299 485 1
299 486 1
299 529 1
299 503 1
300 486 1
300 527 1
300 413 1
300 307 1
300 521 1
300 445 1
300 574 1
300 353 1
300 328 1
300 593 1
300 466 1
300 478 1
300 357 1
300 489 1
300 423 1
300 573 1
301 514 1
301 394 1
301 533 1
301 494 1
301 545 1
301 423 1
301 551 1
301 304 1
301 435 1
301 560 1
301 570 1
301 509 1
301 466 1
301 345 1
301 507 1
301 484 1
301 491 1
301 367 1
301 383 1
302 322 1
302 527 1
302 535 1
302 549 1
302 431 1
302 305 1
302 308 1
302 573 1
302 371 1
302 501 1
302 547 1
302 505 1
302 383 1
303 414 1
303 434 1
303 452 1
303 335 1
303 465 1
303 466 1
303 463 1
303 479 1
303 480 1
303 484 1
303 497 1
303 370 1
303 562 1
304 513 1
304 388 1
304 397 1
304 404 1
304 415 1
304 547 1
304 553 1
304 311 1
304 578 1
304 454 1
304 589 1
304 341 1
304 472 1
304 361 1
304 423 1
304 370 1
304 506 1
304 383 1
305 517 1
305 536 1
305 541 1
305 544 1
305 545 1
305 563 1
305 435 1
305 313 1
305 323 1
305 326 1
305 456 1
305 465 1
305 466 1
305 346 1
305 350 1
305 488 1
305 558 1
306 395 1
306 402 1
306 404 1
306 409 1
306 424 1
306 438 1
306 312 1
306 320 1
306 566 1
306 582 1
306 330 1
306 340 1
306 597 1
306 356 1
306 347 1
306 486 1
306 373 1
306 379 1
307 387 1
307 470 1
307 391 1
307 408 1
307 436 1
307 570 1
307 331 1
307 339 1
307 340 1
307 494 1
307 467 1
307 373 1
307 503 1
307 596 1
307 506 1
307 507 1
308 396 1
308 531 1
308 405 1
308 406 1
308 537 1
308 419 1
308 425 1
308 555 1
308 311 1
308 445 1
308 486 1
309 387 1
309 419 1
309 426 1
309 560 1
309 564 1
309 438 1
309 586 1
309 333 1
309 350 1
309 354 1
309 358 1
309 491 1
309 374 1
309 503 1
309 507 1
309 510 1
310 517 1
310 390 1
310 538 1
310 543 1
310 419 1
310 311 1
310 316 1
310 317 1
310 323 1
310 580 1
310 582 1
310 330 1
310 546 1
310 465 1
310 469 1
310 369 1
310 511 1
311 385 1
311 567 1
311 400 1
311 414 1
311 415 1
311 557 1
311 562 1
311 437 1
311 440 1
311 565 1
311 578 1
311 395 1
311 585 1
311 334 1
311 347 1
311 479 1
311 380 1
311 369 1
312 391 1
312 530 1
312 407 1
312 443 1
312 319 1
312 331 1
312 461 1
312 344 1
312 349 1
312 353 1
312 354 1
312 315 1
312 484 1
312 489 1
312 503 1
312 509 1
313 391 1
313 523 1
313 530 1
313 316 1
313 336 1
313 594 1
313 469 1
313 470 1
313 346 1
313 347 1
313 487 1
313 366 1
313 510 1
314 418 1
314 390 1
314 553 1
314 561 1
314 588 1
314 450 1
314 534 1
314 570 1
315 391 1
315 532 1
315 536 1
315 413 1
315 542 1
315 316 1
315 587 1
315 594 1
315 597 1
315 599 1
315 489 1
315 499 1
315 500 1
315 376 1
315 404 1
316 395 1
316 540 1
316 432 1
316 433 1
316 335 1
316 338 1
316 470 1
316 351 1
316 362 1
316 500 1
316 506 1
317 514 1
317 516 1
317 561 1
317 430 1
317 446 1
317 452 1
317 458 1
317 593 1
317 475 1
317 373 1
317 502 1
318 403 1
318 583 1
318 560 1
318 436 1
318 575 1
318 454 1
318 327 1
318 589 1
318 339 1
318 599 1
318 493 1
318 505 1
319 513 1
319 554 1
319 406 1
319 535 1
319 410 1
319 414 1
319 583 1
319 428 1
319 559 1
319 564 1
319 567 1
319 582 1
319 328 1
319 462 1
319 466 1
319 341 1
319 344 1
319 364 1
319 594 1
320 371 1
320 563 1
320 537 1
320 549 1
320 557 1
320 561 1
320 442 1
320 587 1
320 339 1
320 485 1
320 358 1
320 374 1
320 383 1
321 514 1
321 404 1
321 411 1
321 415 1
321 429 1
321 434 1
321 567 1
321 587 1
321 478 1
321 484 1
321 501 1
321 377 1
322 516 1
322 393 1
322 395 1
322 556 1
322 560 1
322 437 1
322 323 1
322 584 1
322 457 1
322 463 1
322 340 1
322 343 1
322 591 1
322 487 1
322 495 1
322 370 1
322 507 1
323 391 1
323 394 1
323 395 1
323 398 1
323 406 1
323 411 1
323 412 1
323 420 1
323 592 1
323 547 1
323 352 1
323 367 1
323 504 1
323 558 1
324 407 1
324 411 1
324 543 1
324 419 1
324 433 1
324 556 1
324 594 1
324 569 1
324 444 1
324 585 1
324 459 1
324 466 1
324 348 1
324 351 1
324 369 1
324 376 1
325 427 1
325 524 1
325 538 1
325 414 1
325 545 1
325 546 1
325 448 1
325 459 1
325 329 1
325 331 1
325 463 1
325 592 1
325 350 1
325 480 1
325 359 1
325 369 1
325 404 1
325 575 1
326 387 1
326 516 1
326 394 1
326 542 1
326 547 1
326 586 1
326 330 1
326 587 1
326 464 1
326 476 1
326 336 1
326 552 1
326 503 1
327 525 1
327 512 1
327 572 1
327 557 1
327 435 1
327 444 1
327 330 1
327 463 1
327 593 1
327 594 1
327 483 1
327 359 1
327 374 1
327 361 1
327 505 1
328 559 1
328 413 1
328 434 1
328 563 1
328 584 1
328 461 1
328 334 1
328 591 1
328 370 1
328 511 1
329 581 1
329 393 1
329 560 1
329 441 1
329 442 1
329 455 1
329 593 1
329 467 1
329 479 1
329 480 1
329 484 1
329 357 1
329 487 1
329 491 1
329 360 1
330 406 1
330 560 1
330 569 1
330 543 1
330 445 1
330 574 1
330 576 1
330 579 1
330 587 1
330 377 1
330 381 1
331 402 1
331 411 1
331 577 1
331 579 1
331 336 1
331 568 1
331 335 1
331 362 1
331 530 1
331 501 1
332 384 1
332 389 1
332 390 1
332 577 1
332 525 1
332 401 1
332 579 1
332 425 1
332 443 1
332 449 1
332 451 1
332 337 1
332 466 1
332 472 1
332 475 1
332 358 1
332 380 1
332 499 1
332 372 1
332 426 1
333 524 1
333 401 1
333 388 1
333 556 1
333 429 1
333 544 1
333 590 1
333 337 1
333 469 1
333 476 1
333 511 1
334 520 1
334 399 1
334 537 1
334 409 1
334 550 1
334 371 1
334 455 1
334 587 1
334 588 1
334 340 1
334 398 1
334 354 1
334 529 1
334 494 1
334 369 1
334 372 1
334 503 1
334 376 1
334 510 1
335 535 1
335 546 1
335 422 1
335 552 1
335 565 1
335 446 1
335 395 1
335 585 1
335 586 1
335 461 1
335 487 1
335 364 1
335 501 1
336 520 1
336 402 1
336 416 1
336 429 1
336 558 1
336 572 1
336 458 1
336 345 1
336 540 1
336 482 1
336 363 1
336 369 1
337 384 1
337 513 1
337 397 1
337 398 1
337 543 1
337 551 1
337 556 1
337 574 1
337 584 1
337 470 1
337 344 1
337 479 1
337 365 1
337 499 1
337 378 1
337 509 1
338 519 1
338 531 1
338 534 1
338 538 1
338 419 1
338 564 1
338 442 1
338 451 1
338 586 1
338 503 1
338 344 1
338 400 1
338 529 1
338 486 1
338 465 1
338 367 1
338 528 1
338 506 1
338 382 1
338 383 1
339 386 1
339 471 1
339 403 1
339 430 1
339 559 1
339 434 1
339 578 1
339 586 1
339 594 1
339 343 1
339 349 1
339 483 1
340 517 1
340 408 1
340 424 1
340 425 1
340 426 1
340 432 1
340 526 1
340 451 1
340 496 1
340 381 1
341 526 1
341 472 1
341 537 1
341 410 1
341 555 1
341 584 1
341 590 1
341 466 1
341 471 1
341 344 1
341 352 1
341 425 1
341 493 1
341 503 1
342 516 1
342 397 1
342 526 1
342 534 1
342 539 1
342 544 1
342 432 1
342 455 1
342 398 1
342 347 1
342 348 1
342 363 1
342 495 1
342 378 1
343 387 1
343 523 1
343 398 1
343 410 1
343 553 1
343 442 1
343 522 1
343 446 1
343 567 1
343 527 1
343 348 1
343 487 1
343 491 1
343 369 1
343 373 1
344 515 1
344 519 1
344 399 1
344 538 1
344 413 1
344 562 1
344 438 1
344 570 1
344 445 1
344 448 1
344 459 1
344 371 1
345 513 1
345 514 1
345 387 1
345 522 1
345 523 1
345 542 1
345 406 1
345 538 1
345 447 1
345 583 1
345 588 1
345 506 1
345 377 1
345 426 1
346 577 1
346 549 1
346 562 1
346 436 1
346 449 1
346 455 1
346 503 1
346 461 1
346 594 1
346 470 1
346 471 1
346 481 1
346 354 1
347 525 1
347 544 1
347 557 1
347 567 1
347 465 1
347 597 1
347 353 1
347 368 1
347 499 1
347 502 1
347 380 1
348 387 1
348 400 1
348 405 1
348 412 1
348 550 1
348 430 1
348 434 1
348 544 1
348 459 1
348 465 1
348 466 1
348 350 1
348 490 1
348 492 1
348 552 1
349 386 1
349 520 1
349 396 1
349 525 1
349 398 1
349 399 1
349 535 1
349 555 1
349 430 1
349 587 1
349 522 1
349 526 1
349 420 1
349 527 1
349 358 1
349 494 1
349 496 1
349 374 1
349 597 1
350 396 1
350 527 1
350 542 1
350 446 1
350 448 1
350 449 1
350 579 1
350 460 1
350 590 1
350 597 1
350 358 1
350 489 1
350 379 1
351 515 1
351 522 1
351 402 1
351 535 1
351 558 1
351 520 1
351 435 1
351 439 1
351 589 1
351 597 1
351 569 1
351 478 1
351 354 1
351 595 1
351 500 1
351 506 1
352 521 1
352 411 1
352 546 1
352 423 1
352 431 1
352 441 1
352 452 1
352 552 1
352 465 1
352 598 1
352 483 1
352 487 1
352 424 1
352 501 1
353 512 1
353 487 1
353 560 1
353 567 1
353 573 1
353 449 1
353 407 1
353 457 1
353 366 1
353 505 1
353 378 1
354 400 1
354 404 1
354 411 1
354 390 1
354 550 1
354 551 1
354 567 1
354 445 1
354 446 1
354 577 1
354 598 1
354 443 1
354 549 1
354 381 1
355 389 1
355 391 1
355 404 1
355 534 1
355 548 1
355 554 1
355 433 1
355 586 1
355 458 1
355 472 1
355 491 1
355 375 1
356 389 1
356 523 1
356 402 1
356 403 1
356 410 1
356 412 1
356 550 1
356 424 1
356 555 1
356 430 1
356 559 1
356 438 1
356 456 1
356 459 1
356 597 1
356 598 1
357 518 1
357 541 1
357 427 1
357 562 1
357 564 1
357 568 1
357 576 1
357 453 1
357 598 1
357 482 1
357 502 1
358 428 1
358 417 1
358 552 1
358 553 1
358 573 1
358 578 1
358 523 1
358 453 1
358 590 1
358 473 1
358 549 1
358 484 1
358 465 1
358 360 1
358 579 1
358 508 1
359 387 1
359 522 1
359 523 1
359 533 1
359 525 1
359 398 1
359 405 1
359 408 1
359 551 1
359 434 1
359 566 1
359 459 1
359 588 1
359 471 1
359 370 1
359 468 1
360 528 1
360 549 1
360 430 1
360 567 1
360 576 1
360 450 1
360 453 1
360 584 1
360 465 1
360 500 1
360 380 1
360 381 1
361 393 1
361 395 1
361 399 1
361 532 1
361 539 1
361 412 1
361 544 1
361 550 1
361 582 1
361 465 1
361 594 1
361 474 1
361 479 1
361 487 1
361 366 1
361 372 1
361 375 1
361 381 1
362 395 1
362 552 1
362 558 1
362 566 1
362 440 1
362 502 1
362 457 1
362 464 1
362 484 1
362 494 1
362 498 1
363 392 1
363 393 1
363 525 1
363 398 1
363 412 1
363 424 1
363 560 1
363 583 1
363 462 1
363 599 1
363 476 1
363 370 1
364 531 1
364 405 1
364 411 1
364 541 1
364 547 1
364 582 1
364 551 1
364 555 1
364 557 1
364 443 1
364 577 1
364 587 1
364 374 1
364 454 1
364 545 1
364 483 1
364 482 1
364 485 1
364 504 1
364 377 1
364 383 1
365 387 1
365 389 1
365 518 1
365 405 1
365 411 1
365 540 1
365 432 1
365 443 1
365 476 1
365 478 1
365 498 1
365 377 1
365 575 1
366 512 1
366 576 1
366 491 1
366 391 1
366 404 1
366 542 1
366 548 1
366 424 1
366 427 1
366 429 1
366 483 1
366 436 1
366 448 1
366 467 1
366 479 1
366 423 1
367 399 1
367 512 1
367 436 1
367 472 1
367 376 1
368 390 1
368 405 1
368 580 1
368 412 1
368 419 1
368 581 1
368 587 1
368 598 1
368 478 1
368 501 1
368 376 1
368 383 1
369 384 1
369 526 1
369 402 1
369 414 1
369 578 1
369 582 1
369 457 1
369 494 1
369 381 1
370 410 1
370 429 1
370 523 1
370 462 1
370 557 1
370 468 1
370 479 1
370 562 1
370 509 1
371 512 1
371 516 1
371 430 1
371 535 1
371 546 1
371 420 1
371 555 1
371 559 1
371 568 1
371 583 1
371 590 1
371 497 1
372 385 1
372 397 1
372 527 1
372 400 1
372 405 1
372 539 1
372 541 1
372 542 1
372 557 1
372 569 1
372 455 1
372 584 1
372 377 1
373 449 1
373 407 1
373 536 1
373 410 1
373 422 1
373 556 1
373 542 1
373 572 1
373 580 1
373 586 1
373 592 1
373 594 1
373 595 1
373 574 1
374 532 1
374 411 1
374 415 1
374 433 1
374 438 1
374 449 1
374 523 1
374 463 1
374 595 1
374 484 1
374 510 1
375 571 1
375 516 1
375 401 1
375 547 1
375 549 1
375 551 1
375 425 1
375 439 1
375 568 1
375 543 1
375 581 1
375 455 1
375 506 1
376 528 1
376 452 1
376 411 1
376 431 1
376 432 1
376 439 1
376 501 1
376 480 1
376 443 1
377 384 1
377 492 1
377 404 1
377 473 1
377 417 1
377 548 1
377 423 1
377 429 1
377 443 1
377 591 1
377 383 1
378 525 1
378 561 1
378 487 1
378 433 1
378 508 1
378 415 1
379 395 1
379 531 1
379 407 1
379 541 1
379 421 1
379 561 1
379 557 1
379 592 1
379 497 1
379 381 1
380 514 1
380 530 1
380 488 1
380 465 1
380 474 1
380 477 1
380 425 1
381 531 1
381 558 1
381 539 1
381 430 1
381 443 1
381 575 1
381 510 1
382 385 1
382 515 1
382 519 1
382 396 1
382 408 1
382 537 1
382 435 1
382 572 1
382 452 1
382 466 1
383 524 1
383 416 1
383 455 1
383 487 1
383 494 1
384 388 1
384 394 1
384 559 1
384 560 1
384 563 1
384 571 1
384 480 1
384 578 1
384 452 1
384 455 1
384 458 1
384 472 1
384 483 1
385 397 1
385 527 1
385 406 1
385 416 1
385 422 1
385 436 1
385 437 1
385 577 1
385 584 1
385 470 1
385 486 1
385 491 1
386 387 1
386 518 1
386 398 1
386 410 1
386 545 1
386 552 1
386 413 1
386 562 1
386 563 1
386 565 1
386 568 1
386 442 1
386 443 1
386 479 1
386 408 1
386 494 1
387 397 1
387 529 1
387 409 1
387 539 1
387 557 1
387 567 1
387 577 1
387 465 1
387 399 1
387 496 1
387 552 1
388 584 1
388 406 1
388 545 1
388 548 1
388 433 1
388 414 1
388 448 1
388 456 1
388 585 1
388 590 1
388 465 1
388 489 1
388 492 1
389 518 1
389 401 1
389 532 1
389 423 1
389 557 1
389 569 1
389 446 1
389 448 1
389 579 1
389 580 1
389 455 1
389 457 1
389 467 1
389 469 1
389 490 1
389 510 1
389 507 1
390 532 1
390 516 1
390 427 1
390 428 1
390 465 1
390 468 1
390 476 1
390 488 1
390 500 1
390 596 1
390 506 1
390 511 1
391 518 1
391 395 1
391 496 1
391 539 1
391 422 1
391 425 1
391 584 1
391 565 1
391 438 1
391 446 1
391 595 1
391 471 1
392 513 1
392 522 1
392 399 1
392 415 1
392 427 1
392 435 1
392 592 1
392 598 1
392 479 1
392 501 1
392 504 1
393 513 1
393 437 1
393 438 1
393 582 1
393 587 1
394 512 1
394 557 1
394 451 1
394 406 1
394 545 1
394 549 1
394 554 1
394 561 1
394 453 1
394 474 1
394 579 1
394 509 1
395 518 1
395 558 1
395 479 1
395 447 1
395 588 1
395 461 1
395 467 1
395 590 1
395 481 1
396 528 1
396 529 1
396 405 1
396 418 1
396 427 1
396 446 1
396 453 1
396 582 1
396 482 1
397 518 1
397 521 1
397 416 1
397 598 1
397 439 1
397 574 1
397 576 1
397 458 1
397 464 1
397 467 1
397 599 1
397 493 1
397 503 1
398 513 1
398 520 1
398 522 1
398 528 1
398 404 1
398 572 1
398 574 1
398 581 1
398 455 1
398 567 1
398 595 1
398 475 1
398 500 1
399 425 1
399 426 1
399 494 1
400 546 1
400 558 1
400 473 1
400 536 1
400 409 1
400 457 1
400 421 1
400 433 1
400 440 1
400 572 1
400 445 1
400 575 1
400 459 1
400 568 1
400 420 1
400 485 1
401 518 1
401 532 1
401 411 1
401 556 1
401 559 1
401 583 1
401 460 1
401 472 1
401 511 1
402 515 1
402 524 1
402 529 1
402 451 1
402 425 1
402 432 1
402 561 1
402 571 1
402 586 1
403 411 1
403 561 1
403 433 1
403 588 1
403 598 1
403 476 1
403 468 1
404 555 1
404 545 1
404 427 1
404 482 1
404 483 1
405 414 1
405 562 1
405 542 1
405 449 1
405 583 1
405 488 1
406 415 1
406 450 1
406 586 1
406 456 1
406 466 1
406 472 1
406 498 1
406 501 1
407 521 1
407 515 1
407 439 1
407 451 1
407 502 1
407 532 1
407 509 1
408 515 1
408 547 1
408 562 1
408 569 1
408 574 1
408 581 1
408 476 1
408 477 1
408 550 1
408 488 1
409 513 1
409 516 1
409 594 1
409 539 1
409 412 1
409 436 1
409 569 1
409 582 1
409 583 1
409 584 1
409 472 1
409 493 1
409 595 1
410 535 1
410 544 1
410 423 1
410 560 1
410 460 1
410 589 1
410 499 1
410 509 1
411 576 1
411 515 1
411 517 1
411 518 1
411 425 1
411 560 1
411 441 1
411 581 1
411 482 1
411 484 1
411 451 1
411 495 1
412 415 1
412 424 1
412 427 1
412 559 1
412 435 1
412 462 1
412 593 1
412 594 1
412 467 1
412 477 1
412 498 1
412 509 1
412 511 1
413 556 1
413 531 1
413 583 1
413 467 1
413 468 1
413 477 1
413 570 1
413 509 1
413 500 1
414 522 1
414 453 1
414 548 1
414 551 1
414 425 1
414 517 1
414 579 1
414 461 1
414 464 1
414 491 1
415 514 1
415 552 1
415 430 1
415 578 1
415 463 1
415 466 1
415 496 1
416 529 1
416 545 1
416 453 1
416 582 1
416 595 1
416 471 1
416 464 1
416 421 1
416 443 1
416 495 1
416 500 1
416 510 1
417 514 1
417 556 1
417 504 1
418 484 1
418 482 1
418 495 1
418 436 1
418 585 1
418 460 1
419 461 1
419 529 1
419 534 1
419 581 1
419 548 1
419 423 1
419 443 1
419 445 1
419 449 1
419 451 1
419 464 1
419 475 1
419 476 1
419 490 1
419 497 1
420 518 1
420 527 1
420 550 1
420 444 1
420 445 1
421 517 1
421 454 1
421 525 1
421 431 1
421 541 1
421 478 1
421 549 1
422 561 1
422 565 1
422 579 1
422 581 1
422 595 1
422 473 1
422 489 1
422 507 1
423 466 1
423 496 1
423 500 1
424 512 1
424 513 1
424 427 1
424 557 1
424 559 1
424 567 1
424 445 1
424 578 1
424 456 1
424 594 1
424 485 1
424 465 1
424 468 1
424 575 1
425 515 1
425 525 1
425 540 1
425 560 1
425 558 1
425 563 1
425 485 1
425 505 1
426 560 1
426 545 1
426 435 1
426 439 1
426 446 1
426 460 1
426 482 1
426 592 1
426 598 1
426 484 1
426 498 1
426 511 1
427 523 1
427 527 1
427 536 1
427 554 1
427 570 1
427 450 1
427 457 1
427 465 1
427 483 1
427 487 1
428 526 1
428 544 1
428 560 1
428 563 1
428 443 1
428 511 1
429 524 1
429 532 1
429 551 1
429 556 1
429 436 1
429 566 1
429 442 1
429 454 1
429 455 1
429 589 1
429 596 1
429 548 1
429 570 1
429 496 1
430 516 1
430 539 1
430 549 1
430 433 1
430 440 1
430 590 1
430 490 1
431 539 1
431 546 1
431 557 1
431 449 1
431 453 1
431 583 1
431 457 1
431 468 1
431 599 1
431 474 1
431 500 1
431 506 1
432 522 1
432 575 1
432 584 1
432 585 1
433 517 1
433 538 1
433 551 1
433 434 1
433 438 1
433 529 1
433 492 1
433 501 1
434 584 1
434 583 1
434 442 1
434 574 1
434 455 1
434 585 1
434 476 1
434 463 1
434 592 1
434 473 1
434 570 1
434 547 1
434 503 1
435 558 1
435 437 1
435 447 1
435 458 1
435 590 1
435 466 1
435 569 1
435 481 1
435 484 1
435 486 1
435 595 1
435 500 1
436 515 1
436 521 1
436 557 1
436 542 1
436 549 1
436 467 1
436 496 1
437 523 1
437 561 1
437 585 1
437 567 1
437 475 1
438 532 1
438 556 1
438 574 1
438 586 1
438 484 1
438 591 1
438 597 1
438 473 1
439 521 1
439 547 1
439 448 1
439 588 1
439 462 1
439 485 1
439 489 1
439 499 1
440 555 1
440 587 1
440 524 1
440 459 1
440 468 1
440 597 1
440 498 1
441 513 1
441 520 1
441 551 1
441 539 1
441 456 1
441 587 1
441 598 1
441 471 1
441 488 1
442 520 1
442 471 1
442 556 1
443 538 1
443 541 1
443 561 1
443 562 1
443 448 1
443 458 1
443 477 1
444 544 1
444 473 1
444 590 1
444 586 1
445 518 1
445 527 1
445 533 1
445 538 1
445 539 1
445 466 1
445 479 1
445 480 1
445 511 1
446 520 1
446 536 1
446 541 1
446 455 1
446 597 1
446 502 1
446 508 1
447 521 1
447 559 1
447 572 1
447 450 1
447 477 1
447 571 1
447 492 1
447 552 1
448 515 1
448 449 1
448 526 1
448 530 1
448 570 1
448 580 1
448 461 1
448 507 1
449 518 1
449 538 1
449 565 1
449 501 1
449 465 1
449 594 1
450 570 1
450 472 1
450 582 1
450 484 1
450 503 1
450 492 1
451 512 1
451 527 1
451 529 1
451 563 1
451 567 1
451 568 1
451 570 1
451 526 1
451 471 1
451 507 1
452 546 1
452 454 1
452 480 1
452 599 1
452 477 1
452 551 1
453 517 1
453 488 1
453 468 1
453 506 1
454 513 1
454 456 1
454 518 1
454 584 1
454 538 1
454 570 1
454 588 1
454 469 1
454 599 1
455 520 1
455 537 1
455 558 1
455 567 1
455 576 1
455 459 1
455 595 1
455 596 1
455 473 1
455 528 1
456 512 1
456 458 1
456 592 1
456 472 1
456 571 1
456 487 1
457 584 1
457 475 1
457 506 1
457 511 1
458 514 1
458 529 1
458 572 1
458 580 1
458 589 1
458 547 1
459 518 1
459 542 1
459 548 1
459 549 1
459 479 1
459 506 1
459 511 1
460 516 1
460 526 1
460 532 1
460 570 1
460 577 1
460 465 1
460 496 1
460 575 1
461 537 1
461 546 1
461 553 1
461 471 1
461 464 1
461 595 1
461 488 1
461 509 1
462 523 1
462 566 1
462 464 1
462 554 1
463 555 1
463 561 1
463 479 1
463 500 1
463 501 1
464 521 1
464 585 1
465 587 1
465 479 1
466 534 1
466 594 1
466 598 1
466 493 1
466 495 1
467 526 1
467 542 1
467 585 1
467 576 1
467 523 1
467 468 1
467 470 1
467 492 1
468 584 1
468 561 1
468 486 1
469 527 1
469 517 1
469 549 1
469 541 1
469 567 1
469 581 1
469 596 1
469 475 1
469 501 1
469 507 1
470 565 1
470 583 1
470 473 1
470 477 1
470 488 1
470 490 1
470 496 1
471 529 1
471 551 1
471 513 1
471 582 1
471 569 1
471 475 1
471 477 1
471 495 1
472 515 1
472 530 1
472 549 1
472 553 1
472 584 1
472 599 1
472 482 1
472 494 1
472 503 1
472 504 1
472 509 1
472 510 1
473 522 1
473 531 1
473 558 1
473 575 1
473 584 1
473 595 1
474 563 1
474 570 1
474 573 1
474 479 1
474 571 1
474 490 1
474 499 1
475 531 1
475 533 1
475 536 1
475 541 1
475 558 1
475 569 1
475 574 1
475 598 1
475 477 1
475 482 1
475 487 1
475 573 1
475 502 1
475 504 1
475 510 1
475 597 1
476 556 1
476 572 1
476 574 1
477 531 1
477 568 1
477 579 1
477 588 1
477 483 1
477 503 1
478 521 1
478 543 1
478 544 1
478 553 1
478 559 1
478 492 1
478 497 1
479 528 1
479 564 1
479 487 1
480 519 1
480 525 1
480 538 1
480 547 1
480 542 1
480 589 1
480 485 1
481 516 1
481 544 1
481 574 1
481 583 1
481 598 1
481 511 1
482 523 1
482 551 1
482 501 1
482 502 1
482 508 1
483 546 1
483 552 1
483 557 1
483 492 1
483 587 1
483 489 1
483 498 1
483 595 1
483 596 1
484 538 1
484 555 1
484 582 1
484 503 1
484 490 1
485 492 1
485 554 1
485 562 1
485 575 1
485 581 1
485 489 1
486 515 1
486 532 1
486 565 1
486 492 1
486 504 1
487 512 1
487 518 1
487 519 1
487 526 1
487 527 1
487 537 1
487 539 1
487 544 1
487 587 1
487 503 1
488 515 1
488 550 1
488 558 1
488 560 1
488 580 1
488 595 1
488 489 1
488 491 1
488 500 1
489 525 1
489 557 1
489 515 1
489 566 1
489 570 1
489 502 1
490 532 1
490 562 1
490 580 1
490 582 1
490 588 1
491 522 1
491 550 1
491 565 1
491 598 1
491 504 1
492 513 1
492 529 1
492 506 1
492 553 1
493 522 1
493 565 1
493 578 1
493 580 1
493 503 1
493 596 1
494 530 1
494 541 1
495 523 1
495 500 1
496 531 1
496 581 1
496 599 1
497 544 1
497 569 1
497 523 1
497 504 1
498 518 1
498 544 1
498 567 1
498 568 1
499 528 1
499 555 1
499 576 1
499 577 1
499 580 1
500 562 1
501 534 1
501 564 1
501 575 1
501 583 1
502 532 1
502 545 1
502 559 1
502 595 1
503 529 1
503 545 1
503 587 1
503 598 1
503 528 1
504 533 1
504 565 1
504 521 1
504 582 1
504 593 1
504 594 1
505 514 1
505 515 1
505 522 1
505 525 1
505 573 1
505 578 1
505 597 1
506 529 1
506 556 1
506 562 1
506 565 1
507 513 1
507 579 1
507 562 1
508 577 1
508 585 1
508 548 1
508 525 1
509 525 1
509 554 1
509 586 1
510 528 1
510 554 1
510 564 1
510 571 1
510 591 1
510 598 1
511 536 1
511 541 1
511 559 1
511 560 1
511 593 1
512 513 1
512 517 1
512 520 1
512 563 1
512 566 1
512 568 1
513 556 1
513 571 1
513 544 1
513 550 1
514 525 1
514 554 1
514 562 1
514 591 1
515 529 1
515 565 1
515 584 1
515 586 1
515 587 1
516 522 1
516 528 1
516 531 1
516 518 1
516 566 1
516 567 1
516 527 1
516 582 1
517 521 1
517 527 1
517 576 1
517 592 1
518 596 1
519 582 1
519 586 1
519 599 1
520 521 1
520 538 1
520 553 1
520 555 1
520 557 1
520 562 1
520 581 1
520 574 1
521 526 1
521 567 1
522 534 1
522 540 1
522 541 1
522 543 1
522 545 1
522 567 1
522 578 1
523 543 1
523 544 1
523 588 1
524 593 1
524 542 1
525 534 1
525 555 1
525 563 1
525 575 1
525 585 1
525 596 1
526 574 1
526 588 1
527 556 1
527 564 1
527 593 1
528 546 1
528 561 1
529 564 1
529 590 1
529 587 1
529 594 1
529 533 1
530 594 1
530 543 1
530 578 1
530 568 1
531 563 1
531 558 1
531 559 1
531 564 1
531 587 1
531 568 1
531 598 1
532 537 1
532 558 1
532 564 1
532 589 1
532 553 1
533 534 1
533 551 1
533 570 1
534 555 1
534 560 1
535 566 1
535 598 1
536 555 1
536 549 1
536 590 1
537 582 1
538 566 1
539 556 1
540 592 1
540 549 1
541 545 1
541 564 1
541 578 1
541 592 1
541 593 1
541 599 1
542 561 1
542 595 1
543 547 1
543 552 1
543 570 1
543 582 1
543 595 1
544 584 1
544 573 1
545 575 1
546 591 1
547 558 1
547 588 1
547 591 1
547 594 1
548 576 1
548 562 1
548 563 1
548 595 1
548 557 1
549 570 1
549 582 1
549 586 1
550 591 1
551 554 1
551 592 1
552 594 1
553 558 1
554 562 1
554 566 1
554 579 1
555 558 1
555 582 1
556 578 1
556 576 1
556 568 1
556 598 1
557 589 1
557 595 1
558 587 1
561 575 1
562 566 1
562 592 1
563 577 1
563 598 1
564 573 1
565 579 1
567 570 1
567 585 1
568 569 1
569 577 1
570 590 1
570 596 1
571 573 1
572 584 1
572 589 1
572 586 1
573 584 1
573 593 1
574 584 1
574 575 1
574 576 1
576 583 1
579 588 1
579 581 1
581 587 1
581 599 1
582 588 1
583 586 1
589 599 1
592 596 1
593 594 1
