0 1452 1
0 463 1
0 625 1
0 466 1
0 435 1
0 828 1
0 62 1
1 819 1
1 1076 1
1 1493 1
2 1248 1
2 1451 1
2 1231 1
2 773 1
2 655 1
3 160 1
3 1253 1
3 425 1
3 1358 1
3 494 1
3 1439 1
4 767 1
4 671 1
5 1332 1
5 437 1
6 1433 1
6 428 1
7 857 1
8 896 1
8 1053 1
8 318 1
9 217 1
9 163 1
9 373 1
9 686 1
11 1263 1
11 819 1
11 285 1
11 1167 1
12 1130 1
12 1139 1
12 1197 1
12 294 1
13 289 1
13 571 1
13 1140 1
13 437 1
13 521 1
14 130 1
14 804 1
15 1000 1
15 754 1
15 1003 1
16 642 1
16 582 1
17 49 1
17 515 1
17 460 1
17 705 1
19 869 1
20 941 1
20 999 1
21 1076 1
21 124 1
22 1154 1
22 1431 1
23 1449 1
23 244 1
24 1327 1
25 1053 1
25 1415 1
26 371 1
26 39 1
27 1067 1
28 531 1
28 477 1
28 311 1
29 1461 1
29 1386 1
29 869 1
29 133 1
29 237 1
30 494 1
30 465 1
30 210 1
30 890 1
30 219 1
30 510 1
31 993 1
31 267 1
31 716 1
31 816 1
31 854 1
31 855 1
32 1123 1
32 868 1
32 893 1
32 806 1
33 435 1
33 1132 1
34 1376 1
34 1196 1
34 562 1
34 52 1
34 421 1
35 56 1
35 1222 1
36 1440 1
36 1153 1
36 841 1
36 819 1
36 1045 1
36 905 1
36 893 1
36 979 1
37 1217 1
37 372 1
38 243 1
39 1128 1
39 113 1
39 1482 1
40 1176 1
40 873 1
40 419 1
40 1158 1
41 472 1
41 403 1
41 509 1
42 1441 1
42 155 1
42 76 1
42 351 1
43 535 1
44 1240 1
44 1074 1
44 1468 1
44 725 1
44 1302 1
45 137 1
45 1019 1
45 607 1
47 1408 1
48 343 1
48 1444 1
48 742 1
48 214 1
48 271 1
49 655 1
50 1272 1
50 1452 1
50 1334 1
50 1174 1
51 1016 1
51 622 1
52 427 1
52 1045 1
52 1287 1
53 1314 1
53 935 1
53 397 1
53 317 1
53 1274 1
53 1231 1
53 1309 1
54 481 1
54 690 1
54 854 1
55 578 1
55 1474 1
55 978 1
55 308 1
55 634 1
55 1311 1
56 521 1
57 376 1
57 598 1
57 1415 1
60 1075 1
61 191 1
62 857 1
62 1362 1
62 971 1
62 1150 1
63 1112 1
63 1371 1
63 243 1
63 1419 1
64 767 1
65 1059 1
65 476 1
65 127 1
66 1251 1
66 470 1
66 1071 1
67 485 1
68 983 1
69 492 1
69 341 1
69 991 1
70 241 1
70 1292 1
70 998 1
70 327 1
71 870 1
71 694 1
71 879 1
72 1206 1
72 183 1
73 1302 1
74 848 1
74 1032 1
75 1209 1
75 1349 1
75 1287 1
76 205 1
76 198 1
77 760 1
77 1291 1
77 229 1
77 278 1
77 1239 1
78 504 1
78 1091 1
78 286 1
79 1379 1
79 919 1
80 952 1
80 458 1
80 994 1
81 824 1
81 377 1
81 490 1
81 1007 1
82 1103 1
83 1168 1
83 1336 1
83 243 1
83 1393 1
83 1343 1
84 121 1
85 448 1
85 1009 1
86 120 1
86 892 1
86 1318 1
87 820 1
87 879 1
87 604 1
87 1334 1
87 639 1
88 1114 1
88 467 1
88 629 1
90 513 1
90 1099 1
90 269 1
90 609 1
91 123 1
91 989 1
92 1369 1
92 442 1
92 931 1
92 1102 1
92 1385 1
93 833 1
93 1498 1
93 1158 1
94 1387 1
94 670 1
95 161 1
95 410 1
95 1027 1
95 1397 1
95 225 1
96 924 1
96 1333 1
96 1078 1
97 1032 1
97 986 1
97 958 1
98 985 1
98 661 1
98 831 1
99 1089 1
100 672 1
100 804 1
100 775 1
101 975 1
102 1128 1
102 433 1
102 150 1
102 561 1
103 714 1
103 652 1
103 1181 1
103 1430 1
104 184 1
104 986 1
104 803 1
105 387 1
105 756 1
106 515 1
106 189 1
106 1277 1
107 765 1
108 517 1
109 872 1
109 406 1
110 1410 1
110 968 1
110 1245 1
110 1274 1
110 539 1
110 250 1
111 696 1
111 1153 1
111 223 1
112 1312 1
112 645 1
113 553 1
113 1274 1
113 471 1
114 1451 1
114 975 1
115 487 1
115 939 1
115 628 1
115 152 1
115 377 1
115 635 1
116 1191 1
116 359 1
117 235 1
117 357 1
117 806 1
118 720 1
118 990 1
119 1254 1
120 382 1
121 1305 1
121 1275 1
121 1198 1
121 1054 1
122 1331 1
122 419 1
122 1155 1
123 438 1
123 678 1
123 650 1
123 1069 1
123 598 1
124 960 1
124 1008 1
125 450 1
125 996 1
125 1386 1
125 944 1
125 1364 1
125 700 1
126 1280 1
126 387 1
126 1396 1
126 1469 1
126 782 1
127 1350 1
127 1225 1
128 594 1
129 1024 1
129 553 1
129 827 1
129 823 1
130 1268 1
131 361 1
131 1243 1
131 948 1
131 781 1
132 1256 1
132 846 1
133 1145 1
133 687 1
134 1498 1
135 662 1
135 1439 1
136 633 1
136 372 1
136 1073 1
136 1052 1
136 815 1
137 1238 1
137 1423 1
138 1080 1
138 673 1
138 1155 1
139 571 1
139 1476 1
140 1217 1
140 779 1
140 269 1
140 341 1
140 1111 1
140 952 1
140 1311 1
141 377 1
141 1306 1
141 673 1
142 976 1
142 758 1
143 737 1
143 339 1
143 211 1
143 403 1
143 777 1
144 1136 1
144 415 1
144 279 1
145 197 1
146 1127 1
146 491 1
146 1165 1
146 575 1
147 880 1
147 169 1
147 299 1
147 601 1
148 260 1
149 1304 1
149 1209 1
149 1151 1
150 1431 1
150 927 1
151 1498 1
152 392 1
152 739 1
153 680 1
153 337 1
153 862 1
154 295 1
155 1267 1
155 663 1
156 1322 1
156 548 1
156 1182 1
156 367 1
157 755 1
157 1126 1
158 424 1
158 497 1
158 655 1
158 308 1
158 399 1
159 781 1
160 1401 1
160 446 1
161 490 1
161 371 1
161 1037 1
161 1483 1
162 237 1
162 1086 1
162 709 1
163 636 1
163 311 1
164 936 1
164 1385 1
165 1360 1
165 1065 1
165 852 1
166 904 1
166 418 1
166 1165 1
166 1333 1
167 1320 1
167 828 1
168 1168 1
168 1089 1
168 583 1
169 951 1
170 865 1
170 1066 1
170 1203 1
170 1499 1
171 180 1
171 693 1
171 942 1
172 656 1
172 925 1
173 595 1
173 1388 1
174 641 1
174 554 1
174 1268 1
174 781 1
175 225 1
175 514 1
175 1084 1
175 933 1
175 1413 1
176 1137 1
176 474 1
176 556 1
176 1149 1
176 1354 1
177 500 1
177 1126 1
177 751 1
178 1188 1
178 364 1
178 430 1
178 919 1
178 185 1
178 1343 1
179 275 1
179 1228 1
179 549 1
180 690 1
180 1382 1
180 467 1
181 349 1
182 705 1
182 1006 1
183 923 1
183 196 1
183 1293 1
184 498 1
184 1149 1
184 367 1
185 1027 1
185 1266 1
185 1243 1
185 1015 1
186 819 1
186 595 1
186 203 1
186 706 1
186 206 1
187 253 1
187 1214 1
188 285 1
188 1431 1
189 1465 1
189 226 1
189 1238 1
190 385 1
190 994 1
190 940 1
190 1074 1
190 662 1
191 240 1
191 729 1
191 1112 1
191 1291 1
192 1208 1
192 1360 1
192 298 1
193 764 1
193 525 1
194 1393 1
195 288 1
195 911 1
195 533 1
195 1406 1
195 543 1
196 665 1
196 812 1
196 686 1
197 1433 1
197 953 1
198 1137 1
199 425 1
199 300 1
200 945 1
200 915 1
200 1429 1
200 1183 1
201 1304 1
201 994 1
201 935 1
202 1019 1
202 1188 1
202 853 1
204 1067 1
204 446 1
205 706 1
205 1254 1
205 1452 1
205 721 1
205 253 1
206 782 1
207 906 1
207 371 1
207 1419 1
207 958 1
207 503 1
208 784 1
208 570 1
208 1027 1
208 591 1
209 867 1
209 1366 1
209 703 1
210 552 1
210 537 1
210 740 1
211 1153 1
211 1346 1
211 1413 1
211 1287 1
211 1372 1
212 1136 1
212 637 1
212 861 1
213 890 1
213 843 1
213 1388 1
213 621 1
213 1227 1
214 865 1
214 354 1
214 457 1
214 1359 1
214 627 1
214 854 1
215 1083 1
216 672 1
216 1074 1
216 1194 1
216 709 1
216 511 1
218 320 1
218 410 1
218 1463 1
219 1259 1
220 617 1
220 946 1
220 1213 1
221 666 1
221 1418 1
221 1070 1
222 849 1
222 887 1
222 655 1
223 903 1
223 1102 1
224 1208 1
224 586 1
224 515 1
224 359 1
226 1480 1
226 489 1
226 572 1
226 397 1
227 266 1
227 1066 1
228 780 1
228 339 1
228 396 1
228 963 1
228 1279 1
229 1216 1
229 245 1
229 632 1
229 635 1
229 1406 1
230 624 1
230 269 1
230 606 1
231 641 1
231 594 1
231 1090 1
232 1385 1
232 874 1
233 833 1
233 522 1
233 1461 1
233 927 1
234 592 1
234 921 1
234 1274 1
234 1223 1
234 1169 1
236 281 1
236 1262 1
236 1198 1
236 647 1
237 691 1
237 410 1
238 608 1
239 618 1
239 988 1
239 573 1
239 806 1
239 335 1
240 328 1
240 1202 1
240 1266 1
240 314 1
240 1466 1
241 1456 1
241 602 1
241 716 1
242 1152 1
242 1452 1
242 381 1
242 447 1
243 721 1
243 369 1
243 433 1
244 1090 1
244 572 1
244 1186 1
246 1191 1
247 429 1
248 1308 1
248 331 1
248 395 1
248 1331 1
248 991 1
249 1489 1
249 1175 1
249 1172 1
249 846 1
249 807 1
250 632 1
250 617 1
250 522 1
251 1328 1
251 260 1
252 344 1
252 1051 1
252 1220 1
252 389 1
252 1407 1
253 1315 1
253 614 1
253 605 1
254 852 1
254 917 1
255 1131 1
255 1434 1
255 1027 1
256 552 1
256 298 1
256 1349 1
256 791 1
257 1232 1
257 1320 1
258 987 1
258 765 1
259 890 1
259 1307 1
259 1455 1
260 881 1
260 1074 1
262 1288 1
262 1299 1
263 474 1
264 1312 1
264 1249 1
264 727 1
264 1488 1
264 463 1
265 1225 1
265 530 1
265 1162 1
266 583 1
266 567 1
267 1148 1
268 1274 1
269 280 1
270 945 1
270 1274 1
271 756 1
272 427 1
274 723 1
274 527 1
275 1123 1
275 1155 1
276 787 1
276 927 1
277 608 1
277 325 1
277 1477 1
278 1033 1
278 915 1
279 1125 1
279 1362 1
279 1005 1
279 530 1
279 827 1
279 732 1
280 988 1
280 1133 1
281 833 1
281 1436 1
282 1000 1
282 1282 1
283 536 1
283 768 1
283 962 1
283 908 1
283 1324 1
284 488 1
285 421 1
285 921 1
285 539 1
285 605 1
286 952 1
286 747 1
286 1213 1
287 1459 1
288 505 1
288 967 1
289 1167 1
290 853 1
290 854 1
290 953 1
290 1435 1
290 349 1
290 574 1
291 969 1
291 918 1
292 951 1
294 748 1
294 1420 1
294 365 1
294 951 1
295 752 1
296 1281 1
296 1187 1
296 980 1
296 1119 1
297 795 1
297 397 1
298 300 1
299 1268 1
299 909 1
300 808 1
300 891 1
300 983 1
301 1033 1
301 957 1
302 448 1
302 1336 1
302 1178 1
303 1003 1
303 902 1
303 1011 1
304 625 1
304 1349 1
305 480 1
305 1448 1
305 565 1
305 942 1
306 680 1
307 336 1
307 1297 1
307 765 1
308 1137 1
308 699 1
308 1437 1
310 354 1
310 802 1
310 374 1
311 1242 1
311 1278 1
312 748 1
312 628 1
313 872 1
313 948 1
314 912 1
314 1465 1
315 713 1
315 420 1
315 804 1
316 1008 1
316 849 1
317 534 1
317 1111 1
318 653 1
318 870 1
319 712 1
319 732 1
319 922 1
319 620 1
319 1311 1
320 1384 1
321 592 1
321 919 1
322 681 1
322 1203 1
323 1004 1
324 336 1
324 404 1
325 1266 1
325 563 1
325 943 1
326 1169 1
326 1185 1
327 526 1
328 849 1
328 1076 1
328 637 1
328 1333 1
329 1225 1
329 531 1
329 1341 1
329 1246 1
330 668 1
330 926 1
330 502 1
330 1271 1
331 799 1
332 1286 1
332 926 1
333 353 1
333 1170 1
333 662 1
334 1000 1
334 797 1
334 1141 1
335 561 1
335 1111 1
335 1075 1
335 701 1
336 1477 1
337 783 1
338 1476 1
339 984 1
339 644 1
339 876 1
341 560 1
341 369 1
341 742 1
342 502 1
342 647 1
343 590 1
345 1154 1
346 1281 1
346 370 1
346 701 1
346 462 1
346 1231 1
347 760 1
347 623 1
348 1208 1
348 515 1
348 796 1
349 713 1
349 1260 1
349 1351 1
351 1136 1
351 514 1
351 1347 1
351 368 1
351 692 1
351 1066 1
352 1438 1
353 1255 1
354 386 1
354 751 1
355 1283 1
356 631 1
357 1430 1
358 1010 1
359 921 1
359 1207 1
360 842 1
360 909 1
361 944 1
361 1362 1
362 674 1
362 524 1
362 1495 1
363 1321 1
363 1114 1
363 589 1
363 797 1
364 586 1
364 1430 1
364 965 1
365 435 1
366 976 1
367 1172 1
367 870 1
367 383 1
368 1155 1
369 875 1
369 477 1
370 736 1
370 409 1
370 775 1
371 837 1
371 810 1
371 821 1
371 828 1
371 986 1
372 464 1
372 812 1
372 1028 1
373 1075 1
373 804 1
373 805 1
374 1440 1
375 938 1
377 678 1
377 1488 1
377 661 1
378 994 1
379 384 1
379 840 1
379 674 1
379 1222 1
380 1312 1
380 1468 1
380 678 1
381 709 1
382 805 1
382 1223 1
382 1418 1
382 1360 1
382 659 1
382 1493 1
382 1243 1
382 1215 1
383 584 1
383 1311 1
383 831 1
384 808 1
384 436 1
384 813 1
384 763 1
385 514 1
385 1172 1
386 496 1
386 675 1
386 1179 1
386 437 1
388 585 1
388 1427 1
388 692 1
388 884 1
388 527 1
389 1041 1
389 733 1
390 1169 1
390 594 1
390 893 1
391 1476 1
391 941 1
391 1270 1
391 735 1
392 620 1
392 758 1
393 761 1
393 514 1
393 541 1
395 731 1
395 1253 1
395 1063 1
396 1369 1
397 517 1
397 1418 1
397 948 1
397 635 1
398 1347 1
398 1308 1
400 882 1
400 1107 1
400 1444 1
400 663 1
401 1190 1
402 743 1
402 1483 1
402 877 1
402 1392 1
402 1361 1
402 1237 1
403 419 1
403 1193 1
404 948 1
404 827 1
404 1437 1
405 862 1
405 686 1
408 1071 1
410 1137 1
410 614 1
411 575 1
412 1298 1
413 1269 1
414 568 1
414 562 1
416 765 1
416 670 1
417 810 1
417 1371 1
417 877 1
418 545 1
418 918 1
418 1089 1
419 1289 1
422 1186 1
422 623 1
425 1473 1
425 1297 1
425 797 1
425 1150 1
426 1001 1
426 1195 1
427 664 1
427 1091 1
427 1029 1
428 458 1
429 1167 1
429 1132 1
430 1410 1
430 931 1
430 882 1
430 1219 1
430 514 1
431 1171 1
431 724 1
432 609 1
432 939 1
432 1231 1
432 916 1
432 447 1
432 1343 1
433 873 1
433 652 1
433 1424 1
433 861 1
433 574 1
434 560 1
434 960 1
434 1362 1
434 1400 1
434 1007 1
437 719 1
437 1074 1
437 1466 1
437 1022 1
438 1184 1
438 621 1
439 490 1
439 1116 1
439 629 1
440 683 1
442 1441 1
442 455 1
442 1422 1
442 847 1
442 1178 1
443 1376 1
443 1411 1
443 1419 1
443 1133 1
443 1361 1
443 470 1
443 631 1
445 892 1
445 564 1
446 458 1
446 742 1
447 867 1
447 590 1
447 1427 1
447 795 1
448 549 1
449 1470 1
450 561 1
450 898 1
450 1278 1
450 461 1
451 618 1
451 1086 1
451 686 1
452 1029 1
452 1054 1
452 1037 1
453 1212 1
453 495 1
454 592 1
455 1033 1
455 1394 1
456 942 1
457 1034 1
457 661 1
458 1189 1
459 738 1
459 893 1
459 1086 1
460 1057 1
460 630 1
460 1037 1
460 693 1
460 886 1
461 566 1
461 1415 1
462 1280 1
462 1047 1
462 887 1
463 1140 1
465 1066 1
465 1358 1
466 618 1
466 1357 1
466 894 1
467 1417 1
467 1475 1
467 781 1
468 593 1
468 666 1
468 847 1
468 966 1
468 671 1
469 864 1
469 1481 1
470 976 1
470 818 1
472 657 1
473 941 1
473 918 1
474 1115 1
475 897 1
475 1486 1
476 1388 1
476 605 1
476 1201 1
476 1305 1
476 509 1
477 1091 1
477 1300 1
478 708 1
479 1273 1
479 890 1
480 1444 1
480 868 1
480 1329 1
481 1200 1
481 971 1
481 1262 1
482 610 1
482 487 1
483 1030 1
483 716 1
483 933 1
483 998 1
483 1277 1
484 1276 1
485 712 1
485 1186 1
485 963 1
485 503 1
486 1116 1
486 997 1
486 1182 1
488 515 1
488 735 1
488 527 1
489 1228 1
490 741 1
490 1373 1
491 1088 1
491 659 1
491 1020 1
491 1363 1
492 521 1
492 868 1
492 1229 1
493 788 1
493 1199 1
494 900 1
494 1486 1
495 1392 1
495 1440 1
496 1475 1
496 1189 1
496 878 1
496 1334 1
496 958 1
497 1273 1
498 514 1
498 669 1
498 1357 1
500 1423 1
502 889 1
502 1355 1
502 1285 1
503 682 1
504 1017 1
504 975 1
505 900 1
505 1228 1
505 1293 1
505 1177 1
505 1275 1
505 1085 1
505 1438 1
506 761 1
506 1115 1
507 809 1
507 676 1
508 978 1
508 980 1
508 1333 1
509 1136 1
509 722 1
509 788 1
512 600 1
512 698 1
513 680 1
513 545 1
513 1324 1
513 1253 1
514 1094 1
515 994 1
515 527 1
516 1353 1
516 819 1
517 673 1
517 623 1
518 960 1
519 1075 1
519 1485 1
520 1483 1
520 1421 1
521 1167 1
522 578 1
523 620 1
524 1016 1
524 587 1
524 1338 1
524 1267 1
525 1165 1
525 1454 1
526 1185 1
526 556 1
527 594 1
527 1380 1
527 666 1
528 731 1
528 1276 1
529 1443 1
529 1318 1
529 630 1
530 1479 1
530 809 1
532 1408 1
532 1346 1
532 1448 1
532 1327 1
532 1427 1
532 660 1
534 1436 1
534 1293 1
536 696 1
536 913 1
537 1460 1
537 900 1
537 1125 1
537 1094 1
538 1300 1
539 954 1
540 1320 1
540 1017 1
540 890 1
540 549 1
540 1279 1
541 1364 1
541 1374 1
541 1254 1
541 1319 1
542 1328 1
542 567 1
543 951 1
543 871 1
544 681 1
544 1113 1
545 1340 1
545 1298 1
545 959 1
547 656 1
547 571 1
548 1156 1
548 1249 1
549 720 1
549 1010 1
552 846 1
552 1447 1
554 1075 1
554 1055 1
556 1448 1
556 795 1
556 932 1
558 784 1
560 1058 1
561 1415 1
561 1429 1
562 913 1
562 1307 1
562 1484 1
563 1437 1
563 1383 1
563 589 1
564 1109 1
565 760 1
566 1202 1
566 647 1
567 777 1
568 996 1
568 1063 1
568 744 1
568 1031 1
568 819 1
570 1419 1
571 1113 1
571 957 1
571 1215 1
572 1057 1
572 1203 1
576 786 1
576 1122 1
576 986 1
576 670 1
577 1428 1
577 1127 1
578 763 1
579 1104 1
579 641 1
579 807 1
580 1478 1
581 634 1
581 788 1
581 726 1
582 698 1
582 662 1
583 770 1
583 679 1
583 591 1
583 1016 1
583 1359 1
583 1310 1
584 818 1
585 1180 1
585 1094 1
586 1091 1
588 865 1
588 1460 1
588 1069 1
590 832 1
590 1456 1
591 1126 1
591 626 1
591 950 1
591 1150 1
592 748 1
592 655 1
593 954 1
593 639 1
594 1322 1
595 1331 1
595 1230 1
595 973 1
596 694 1
597 1387 1
598 932 1
599 953 1
599 1461 1
599 1190 1
600 1125 1
600 1078 1
601 1435 1
603 705 1
603 684 1
604 721 1
604 726 1
608 1181 1
609 766 1
611 1320 1
611 1194 1
612 1397 1
612 1287 1
613 1234 1
613 1394 1
613 1189 1
613 1333 1
614 1474 1
614 676 1
615 1304 1
615 746 1
615 1334 1
616 723 1
616 1499 1
617 1091 1
618 1344 1
618 1444 1
618 830 1
620 968 1
620 1019 1
621 1063 1
622 1042 1
623 1437 1
623 1013 1
623 1085 1
625 1499 1
626 1457 1
626 794 1
626 1255 1
626 766 1
628 803 1
628 1069 1
628 1143 1
628 1274 1
629 721 1
629 1024 1
630 1208 1
630 999 1
631 1208 1
632 1348 1
632 924 1
633 1327 1
634 1248 1
637 1465 1
637 1267 1
637 1333 1
638 971 1
639 924 1
639 777 1
640 1489 1
640 903 1
641 853 1
641 1375 1
641 1471 1
642 668 1
644 1280 1
644 930 1
644 916 1
644 1171 1
645 892 1
645 718 1
646 739 1
647 1008 1
647 697 1
648 1431 1
649 758 1
650 1251 1
650 751 1
650 816 1
650 1239 1
650 1183 1
651 776 1
651 1223 1
652 1336 1
652 767 1
652 1212 1
653 801 1
653 1159 1
655 1312 1
655 1451 1
655 1355 1
656 789 1
656 1174 1
659 1271 1
659 983 1
660 1425 1
661 851 1
661 1140 1
662 675 1
662 1308 1
663 1330 1
663 691 1
664 804 1
664 1469 1
664 1310 1
665 1015 1
667 1345 1
667 1199 1
668 1081 1
669 979 1
670 900 1
670 797 1
671 1267 1
672 1027 1
674 954 1
674 1254 1
674 1279 1
676 989 1
677 1388 1
677 1282 1
677 1100 1
678 975 1
679 1132 1
680 1057 1
680 1065 1
680 1118 1
681 922 1
681 1461 1
682 746 1
682 938 1
683 1480 1
683 1026 1
683 1455 1
684 888 1
684 1192 1
684 685 1
684 1053 1
685 994 1
685 1478 1
685 817 1
685 721 1
685 787 1
686 922 1
687 1008 1
688 1301 1
688 1350 1
689 1452 1
689 943 1
690 1037 1
691 1121 1
691 1256 1
691 1391 1
691 880 1
691 1271 1
692 1159 1
692 1456 1
692 945 1
692 1362 1
692 1373 1
693 1192 1
693 1108 1
693 1352 1
695 1399 1
696 721 1
696 1103 1
697 737 1
697 1461 1
698 857 1
699 707 1
700 924 1
700 725 1
701 1356 1
701 1340 1
701 1186 1
703 1274 1
703 1494 1
704 1270 1
705 1013 1
706 1424 1
707 1035 1
707 1487 1
707 951 1
709 802 1
709 1085 1
709 722 1
710 1493 1
710 854 1
711 1304 1
712 1361 1
712 1050 1
712 1139 1
713 728 1
713 1459 1
713 1322 1
714 945 1
714 1244 1
714 1069 1
716 1296 1
716 1376 1
717 1479 1
718 1084 1
719 922 1
719 1101 1
721 1232 1
722 1368 1
722 1006 1
722 950 1
723 899 1
723 1266 1
724 841 1
724 1418 1
726 1170 1
726 885 1
726 1308 1
726 1310 1
727 1274 1
728 1168 1
729 1474 1
729 1285 1
730 819 1
730 836 1
730 1406 1
731 863 1
732 1211 1
732 1017 1
732 781 1
734 1314 1
734 949 1
735 1012 1
735 819 1
735 780 1
736 1106 1
736 786 1
740 1141 1
740 1478 1
743 1033 1
744 841 1
744 1443 1
745 1360 1
745 1281 1
745 802 1
747 1175 1
748 970 1
749 1219 1
749 1013 1
749 1173 1
750 1172 1
751 1142 1
751 943 1
752 1343 1
752 1252 1
753 1406 1
753 1356 1
753 1382 1
753 1006 1
754 1193 1
754 1253 1
754 821 1
755 802 1
756 860 1
757 1039 1
758 1217 1
758 783 1
759 1333 1
761 1292 1
761 1154 1
761 1246 1
762 1113 1
762 990 1
762 1255 1
763 1425 1
763 1429 1
763 943 1
764 796 1
764 814 1
764 1124 1
765 800 1
765 816 1
765 1490 1
766 1421 1
767 1089 1
768 960 1
768 844 1
768 926 1
769 832 1
770 1000 1
771 1109 1
772 1405 1
773 931 1
774 1297 1
775 1372 1
775 1292 1
775 823 1
777 782 1
777 979 1
777 1146 1
777 1340 1
778 955 1
780 1047 1
780 1070 1
781 1132 1
782 1459 1
782 1241 1
783 838 1
783 953 1
784 1208 1
784 1389 1
787 1168 1
788 801 1
790 1257 1
790 1355 1
791 1323 1
792 1423 1
793 1288 1
793 823 1
797 1041 1
798 1401 1
800 910 1
801 1366 1
801 831 1
803 856 1
803 901 1
804 813 1
805 1203 1
807 1079 1
808 1433 1
808 1460 1
808 887 1
809 1395 1
810 987 1
811 1289 1
811 1395 1
813 1129 1
813 1326 1
813 1202 1
813 814 1
813 1486 1
815 1356 1
815 1162 1
815 1204 1
816 1092 1
816 1434 1
818 1345 1
818 1250 1
818 941 1
818 1138 1
819 1303 1
821 1252 1
822 850 1
822 1179 1
822 1076 1
822 1439 1
823 1010 1
823 1203 1
825 921 1
825 836 1
825 1121 1
826 1329 1
828 1126 1
829 1321 1
829 1251 1
829 1222 1
829 1327 1
831 1091 1
831 1222 1
831 1382 1
833 1099 1
833 846 1
835 865 1
835 1221 1
836 973 1
836 1495 1
837 1484 1
838 1312 1
838 1408 1
838 1349 1
838 982 1
839 1250 1
840 1329 1
841 1026 1
841 1245 1
842 1378 1
843 1363 1
843 1238 1
844 1170 1
845 1024 1
846 1409 1
846 1454 1
846 1107 1
847 849 1
847 1378 1
847 1418 1
848 1143 1
849 1202 1
849 1204 1
850 907 1
850 1366 1
850 1110 1
851 1242 1
851 1142 1
853 912 1
854 918 1
855 1090 1
855 1003 1
857 1411 1
858 1447 1
859 1216 1
859 1427 1
859 1284 1
859 958 1
860 1457 1
860 1315 1
860 1006 1
861 953 1
862 1345 1
862 1033 1
862 1131 1
862 1340 1
863 1268 1
864 1282 1
864 1150 1
866 1077 1
867 1436 1
867 1249 1
867 1004 1
869 1157 1
871 1306 1
871 883 1
872 1317 1
872 1277 1
873 1260 1
873 1054 1
875 1235 1
875 886 1
876 1120 1
876 927 1
877 1405 1
877 1382 1
878 1166 1
879 1226 1
879 1310 1
880 1008 1
880 1077 1
881 990 1
882 957 1
883 1187 1
884 1168 1
884 1458 1
884 1311 1
885 1204 1
885 949 1
886 909 1
886 1215 1
887 1337 1
889 1047 1
889 1429 1
889 895 1
890 1299 1
891 1494 1
892 1035 1
892 1492 1
893 1359 1
895 1464 1
895 962 1
895 1271 1
896 1161 1
897 1288 1
897 1138 1
897 1314 1
897 1199 1
898 931 1
898 1244 1
899 1382 1
902 1491 1
903 1262 1
904 1052 1
905 1205 1
905 1302 1
906 1408 1
906 1226 1
906 1357 1
906 1086 1
907 1099 1
908 964 1
909 1454 1
910 1229 1
910 1142 1
910 1183 1
911 1114 1
912 1124 1
912 951 1
913 1185 1
914 1160 1
915 1489 1
915 1163 1
920 1393 1
922 1473 1
922 1386 1
922 1142 1
923 1046 1
924 1117 1
924 990 1
925 1082 1
925 1325 1
926 1419 1
927 1238 1
928 1233 1
928 1373 1
931 1248 1
931 993 1
931 1309 1
931 1445 1
932 1140 1
932 1435 1
932 1079 1
934 1332 1
935 947 1
935 1461 1
936 1091 1
937 1164 1
937 1143 1
939 1467 1
939 942 1
941 1419 1
941 1221 1
941 1063 1
941 981 1
942 1088 1
942 1427 1
943 1291 1
943 976 1
943 957 1
946 1188 1
946 1325 1
947 1172 1
948 1262 1
949 1293 1
950 1188 1
950 1498 1
951 1032 1
951 1237 1
952 1442 1
954 1236 1
954 1191 1
955 1105 1
956 1199 1
958 1389 1
958 1018 1
959 1053 1
960 1353 1
960 1419 1
963 1304 1
963 1336 1
964 1298 1
965 1461 1
966 1010 1
966 1154 1
967 1345 1
967 1349 1
967 1455 1
968 998 1
969 1465 1
969 1204 1
969 1086 1
971 1356 1
973 1232 1
973 1177 1
973 1414 1
974 1193 1
974 1099 1
975 1350 1
976 1427 1
976 979 1
976 1432 1
977 1239 1
978 1010 1
979 1043 1
980 1472 1
981 1243 1
982 1331 1
984 986 1
984 1077 1
985 1102 1
987 1041 1
987 1054 1
989 1093 1
990 1288 1
990 1145 1
990 1434 1
991 1484 1
991 1478 1
992 1042 1
993 1215 1
996 1035 1
997 1132 1
998 1124 1
998 1450 1
998 1297 1
999 1006 1
1001 1203 1
1001 1437 1
1002 1323 1
1004 1326 1
1004 1251 1
1005 1169 1
1007 1369 1
1008 1397 1
1010 1336 1
1011 1355 1
1013 1482 1
1013 1262 1
1013 1173 1
1013 1078 1
1013 1367 1
1014 1451 1
1015 1133 1
1015 1125 1
1016 1097 1
1016 1258 1
1018 1118 1
1020 1240 1
1020 1246 1
1020 1487 1
1021 1359 1
1022 1499 1
1022 1157 1
1023 1398 1
1026 1084 1
1027 1372 1
1028 1411 1
1029 1490 1
1029 1155 1
1030 1320 1
1033 1414 1
1033 1255 1
1034 1128 1
1034 1209 1
1037 1408 1
1038 1192 1
1038 1212 1
1038 1149 1
1039 1361 1
1039 1130 1
1039 1484 1
1041 1224 1
1042 1058 1
1043 1215 1
1045 1211 1
1047 1342 1
1049 1244 1
1050 1383 1
1051 1115 1
1052 1067 1
1053 1283 1
1053 1183 1
1054 1409 1
1057 1127 1
1059 1338 1
1062 1066 1
1062 1195 1
1065 1069 1
1066 1420 1
1066 1069 1
1066 1464 1
1068 1456 1
1068 1226 1
1068 1131 1
1069 1464 1
1071 1074 1
1072 1324 1
1075 1371 1
1075 1147 1
1077 1090 1
1078 1353 1
1078 1229 1
1079 1356 1
1079 1398 1
1082 1241 1
1086 1380 1
1086 1427 1
1088 1159 1
1089 1314 1
1089 1368 1
1089 1147 1
1090 1137 1
1091 1349 1
1091 1495 1
1091 1275 1
1092 1120 1
1092 1290 1
1095 1169 1
1095 1404 1
1095 1493 1
1096 1204 1
1097 1349 1
1098 1494 1
1099 1156 1
1100 1484 1
1101 1393 1
1101 1452 1
1105 1152 1
1105 1172 1
1106 1331 1
1106 1397 1
1107 1266 1
1108 1171 1
1108 1117 1
1108 1111 1
1110 1388 1
1112 1494 1
1112 1446 1
1116 1450 1
1116 1139 1
1116 1271 1
1117 1370 1
1117 1403 1
1117 1198 1
1119 1240 1
1119 1219 1
1120 1339 1
1120 1174 1
1120 1351 1
1125 1313 1
1125 1145 1
1125 1334 1
1127 1207 1
1127 1377 1
1128 1218 1
1131 1390 1
1132 1218 1
1132 1294 1
1133 1451 1
1134 1386 1
1135 1406 1
1138 1200 1
1138 1190 1
1140 1190 1
1142 1469 1
1143 1274 1
1144 1312 1
1145 1253 1
1146 1283 1
1146 1196 1
1146 1455 1
1148 1230 1
1148 1231 1
1149 1251 1
1149 1241 1
1150 1153 1
1155 1317 1
1159 1244 1
1161 1299 1
1161 1405 1
1161 1319 1
1162 1473 1
1163 1487 1
1164 1411 1
1164 1441 1
1165 1193 1
1167 1440 1
1168 1346 1
1168 1482 1
1170 1462 1
1171 1202 1
1172 1397 1
1173 1413 1
1174 1181 1
1175 1299 1
1183 1270 1
1183 1406 1
1189 1210 1
1190 1348 1
1190 1243 1
1191 1197 1
1191 1479 1
1192 1490 1
1193 1294 1
1194 1344 1
1196 1452 1
1196 1210 1
1202 1213 1
1203 1386 1
1204 1359 1
1207 1344 1
1210 1390 1
1210 1301 1
1211 1286 1
1213 1231 1
1214 1382 1
1227 1310 1
1230 1384 1
1230 1474 1
1233 1256 1
1233 1475 1
1234 1296 1
1235 1428 1
1238 1317 1
1239 1437 1
1240 1403 1
1240 1351 1
1240 1274 1
1240 1247 1
1241 1329 1
1244 1361 1
1246 1392 1
1246 1283 1
1249 1474 1
1250 1436 1
1251 1384 1
1252 1448 1
1252 1284 1
1252 1445 1
1254 1496 1
1255 1353 1
1261 1337 1
1262 1341 1
1274 1418 1
1279 1282 1
1284 1312 1
1290 1485 1
1291 1292 1
1293 1499 1
1295 1442 1
1295 1435 1
1300 1410 1
1301 1490 1
1304 1481 1
1308 1477 1
1311 1411 1
1311 1430 1
1313 1471 1
1314 1316 1
1319 1443 1
1325 1387 1
1326 1363 1
1337 1389 1
1339 1362 1
1342 1445 1
1343 1491 1
1343 1466 1
1344 1419 1
1348 1431 1
1354 1498 1
1360 1464 1
1361 1383 1
1362 1412 1
1369 1376 1
1378 1417 1
1379 1461 1
1394 1420 1
1400 1476 1
1404 1470 1
1411 1443 1
1412 1472 1
1418 1474 1
1423 1452 1
1424 1433 1
1442 1467 1
1463 1476 1
1475 1482 1
