0 32 1
0 193 1
0 101 1
0 103 1
0 296 1
0 76 1
0 140 1
0 366 1
0 48 1
0 360 1
0 242 1
0 277 1
0 250 1
1 258 1
1 231 1
1 105 1
1 235 1
1 322 1
1 109 1
1 173 1
1 241 1
1 306 1
1 340 1
1 278 1
1 169 1
1 218 1
1 220 1
1 382 1
2 387 1
2 135 1
2 397 1
2 278 1
2 25 1
2 28 1
2 296 1
2 71 1
2 175 1
2 179 1
2 58 1
2 327 1
2 74 1
2 206 1
2 337 1
2 346 1
2 93 1
2 103 1
2 363 1
2 367 1
2 115 1
2 247 1
2 378 1
2 382 1
3 32 1
3 129 1
3 101 1
3 233 1
3 204 1
3 399 1
3 352 1
3 309 1
3 152 1
3 157 1
4 65 1
4 162 1
4 27 1
4 326 1
4 166 1
4 38 1
4 296 1
4 107 1
4 108 1
4 366 1
4 378 1
4 308 1
4 280 1
4 340 1
4 314 1
4 91 1
4 220 1
4 157 1
4 318 1
4 293 1
5 385 1
5 139 1
5 369 1
5 141 1
5 398 1
5 150 1
5 25 1
5 158 1
5 38 1
5 295 1
5 172 1
5 63 1
5 73 1
5 331 1
5 79 1
5 82 1
5 213 1
5 87 1
5 346 1
5 96 1
5 98 1
5 356 1
5 103 1
5 109 1
5 367 1
5 241 1
5 370 1
5 245 1
5 380 1
5 126 1
6 388 1
6 144 1
6 26 1
6 29 1
6 35 1
6 302 1
6 306 1
6 51 1
6 54 1
6 70 1
6 199 1
6 342 1
6 220 1
6 101 1
6 238 1
6 239 1
6 369 1
6 245 1
6 118 1
6 376 1
6 125 1
6 126 1
7 321 1
7 203 1
7 164 1
7 325 1
7 8 1
7 172 1
7 75 1
7 108 1
7 306 1
7 46 1
7 168 1
7 50 1
7 334 1
7 149 1
7 265 1
7 313 1
7 346 1
7 63 1
8 257 1
8 265 1
8 138 1
8 144 1
8 24 1
8 165 1
8 309 1
8 311 1
8 57 1
8 317 1
8 197 1
8 332 1
8 76 1
8 209 1
8 89 1
8 93 1
8 353 1
8 233 1
8 61 1
8 245 1
8 119 1
9 256 1
9 132 1
9 136 1
9 395 1
9 17 1
9 20 1
9 260 1
9 26 1
9 38 1
9 299 1
9 176 1
9 50 1
9 199 1
9 75 1
9 77 1
9 207 1
9 337 1
9 339 1
9 87 1
9 348 1
9 378 1
9 95 1
9 352 1
9 230 1
9 231 1
9 104 1
9 363 1
9 241 1
9 375 1
9 250 1
10 394 1
10 290 1
10 279 1
10 153 1
10 157 1
10 30 1
10 34 1
10 42 1
10 45 1
10 180 1
10 266 1
10 193 1
10 68 1
10 198 1
10 77 1
10 333 1
10 89 1
10 220 1
10 356 1
10 229 1
10 362 1
10 381 1
11 257 1
11 179 1
11 271 1
11 148 1
11 157 1
11 166 1
11 296 1
11 51 1
11 192 1
11 73 1
11 75 1
11 212 1
11 213 1
11 91 1
11 92 1
11 95 1
11 97 1
11 98 1
11 38 1
11 359 1
11 234 1
11 113 1
11 371 1
11 340 1
11 254 1
12 387 1
12 136 1
12 152 1
12 154 1
12 27 1
12 285 1
12 165 1
12 51 1
12 187 1
12 189 1
12 320 1
12 203 1
12 208 1
12 344 1
12 89 1
12 218 1
12 91 1
12 350 1
12 103 1
12 365 1
12 242 1
12 371 1
12 375 1
12 251 1
13 161 1
13 353 1
13 236 1
13 242 1
13 302 1
13 143 1
13 368 1
13 145 1
13 146 1
13 253 1
13 24 1
13 154 1
13 303 1
13 284 1
13 186 1
13 280 1
14 163 1
14 132 1
14 390 1
14 199 1
14 264 1
14 361 1
14 235 1
14 177 1
14 114 1
14 19 1
14 276 1
14 54 1
14 247 1
14 248 1
14 25 1
14 122 1
14 348 1
14 312 1
15 32 1
15 33 1
15 260 1
15 273 1
15 264 1
15 363 1
15 192 1
15 205 1
15 175 1
15 81 1
15 311 1
15 56 1
15 388 1
15 282 1
15 283 1
15 93 1
15 318 1
16 192 1
16 181 1
16 102 1
16 72 1
16 73 1
16 204 1
16 205 1
16 270 1
16 367 1
16 17 1
16 19 1
16 85 1
16 118 1
16 153 1
16 56 1
16 120 1
16 90 1
16 319 1
16 332 1
16 117 1
17 263 1
17 266 1
17 396 1
17 143 1
17 275 1
17 158 1
17 160 1
17 163 1
17 166 1
17 39 1
17 296 1
17 299 1
17 181 1
17 182 1
17 314 1
17 193 1
17 76 1
17 81 1
17 354 1
17 337 1
17 232 1
17 243 1
17 374 1
17 249 1
18 160 1
18 193 1
18 67 1
18 69 1
18 70 1
18 327 1
18 170 1
18 215 1
18 76 1
18 45 1
18 272 1
18 208 1
18 362 1
18 211 1
18 116 1
18 181 1
18 310 1
18 119 1
18 89 1
18 235 1
18 285 1
19 163 1
19 132 1
19 229 1
19 38 1
19 327 1
19 136 1
19 329 1
19 298 1
19 172 1
19 47 1
19 273 1
19 116 1
19 342 1
19 148 1
19 26 1
19 187 1
19 390 1
20 144 1
20 69 1
20 385 1
20 170 1
20 43 1
20 44 1
20 274 1
20 112 1
20 49 1
20 210 1
20 213 1
20 22 1
20 187 1
20 285 1
20 325 1
21 262 1
21 391 1
21 296 1
21 267 1
21 302 1
21 305 1
21 212 1
21 53 1
21 374 1
21 26 1
22 260 1
22 173 1
22 272 1
22 276 1
22 279 1
22 155 1
22 30 1
22 295 1
22 42 1
22 45 1
22 52 1
22 54 1
22 57 1
22 195 1
22 197 1
22 72 1
22 206 1
22 79 1
22 346 1
22 222 1
22 96 1
22 370 1
22 120 1
22 123 1
23 228 1
23 104 1
23 201 1
23 247 1
23 268 1
23 302 1
23 51 1
23 52 1
23 182 1
23 151 1
23 280 1
23 212 1
23 159 1
24 161 1
24 66 1
24 70 1
24 297 1
24 362 1
24 171 1
24 140 1
24 207 1
24 147 1
24 393 1
24 186 1
24 283 1
24 157 1
24 287 1
25 385 1
25 388 1
25 134 1
25 137 1
25 142 1
25 149 1
25 281 1
25 289 1
25 262 1
25 296 1
25 300 1
25 56 1
25 317 1
25 211 1
25 212 1
25 89 1
25 348 1
25 99 1
25 108 1
25 116 1
25 376 1
25 85 1
26 130 1
26 262 1
26 267 1
26 28 1
26 292 1
26 294 1
26 42 1
26 327 1
26 303 1
26 180 1
26 324 1
26 199 1
26 335 1
26 81 1
26 217 1
26 97 1
26 366 1
26 253 1
26 126 1
27 392 1
27 394 1
27 397 1
27 143 1
27 159 1
27 164 1
27 165 1
27 39 1
27 179 1
27 57 1
27 189 1
27 67 1
27 209 1
27 347 1
27 227 1
27 102 1
27 232 1
27 369 1
27 242 1
27 246 1
27 376 1
28 160 1
28 288 1
28 347 1
28 261 1
28 263 1
28 296 1
28 151 1
28 236 1
28 66 1
28 111 1
28 338 1
28 84 1
28 119 1
28 327 1
28 313 1
28 91 1
28 378 1
29 326 1
29 42 1
29 43 1
29 173 1
29 79 1
29 145 1
29 210 1
29 148 1
29 350 1
29 57 1
29 90 1
29 187 1
29 284 1
29 318 1
29 389 1
30 130 1
30 325 1
30 44 1
30 269 1
30 46 1
30 207 1
30 54 1
30 221 1
30 191 1
31 193 1
31 227 1
31 37 1
31 225 1
31 232 1
31 296 1
31 178 1
31 286 1
31 311 1
31 376 1
31 313 1
31 61 1
31 126 1
32 266 1
32 141 1
32 275 1
32 148 1
32 280 1
32 154 1
32 305 1
32 323 1
32 74 1
32 205 1
32 81 1
32 216 1
32 348 1
32 229 1
32 358 1
32 362 1
32 365 1
32 116 1
32 381 1
32 383 1
33 257 1
33 229 1
33 296 1
33 329 1
33 266 1
33 279 1
33 236 1
33 50 1
33 275 1
33 149 1
33 86 1
33 55 1
33 309 1
33 261 1
34 391 1
34 151 1
34 324 1
34 162 1
34 164 1
34 295 1
34 175 1
34 50 1
34 74 1
34 184 1
34 187 1
34 189 1
34 68 1
34 330 1
34 290 1
34 209 1
34 221 1
34 98 1
34 231 1
34 364 1
34 371 1
34 245 1
34 382 1
35 225 1
35 131 1
35 229 1
35 233 1
35 138 1
35 78 1
35 189 1
35 51 1
35 375 1
35 185 1
35 378 1
35 187 1
35 93 1
35 223 1
36 290 1
36 131 1
36 198 1
36 103 1
36 360 1
36 331 1
36 396 1
36 206 1
36 47 1
36 240 1
36 147 1
36 119 1
36 152 1
36 281 1
36 155 1
36 190 1
37 194 1
37 342 1
37 103 1
37 105 1
37 75 1
37 269 1
37 79 1
37 177 1
37 307 1
37 341 1
37 319 1
37 329 1
37 344 1
37 397 1
37 47 1
37 361 1
38 130 1
38 136 1
38 275 1
38 281 1
38 133 1
38 299 1
38 301 1
38 305 1
38 178 1
38 192 1
38 71 1
38 332 1
38 75 1
38 204 1
38 333 1
38 341 1
38 347 1
39 256 1
39 272 1
39 312 1
39 227 1
39 230 1
39 184 1
39 297 1
39 362 1
39 205 1
39 46 1
39 367 1
39 206 1
39 179 1
39 340 1
39 53 1
39 152 1
39 90 1
39 60 1
39 302 1
40 289 1
40 133 1
40 307 1
40 328 1
40 41 1
40 270 1
40 207 1
40 209 1
40 302 1
40 276 1
40 213 1
40 398 1
40 346 1
40 347 1
40 378 1
41 261 1
41 149 1
41 283 1
41 156 1
41 289 1
41 162 1
41 155 1
41 167 1
41 298 1
41 299 1
41 44 1
41 173 1
41 46 1
41 184 1
41 313 1
41 192 1
41 193 1
41 340 1
41 343 1
41 92 1
41 365 1
41 112 1
41 120 1
41 378 1
41 277 1
42 64 1
42 353 1
42 290 1
42 266 1
42 104 1
42 77 1
42 78 1
42 173 1
42 240 1
42 273 1
42 338 1
42 90 1
42 245 1
42 120 1
42 308 1
42 380 1
43 384 1
43 289 1
43 67 1
43 164 1
43 166 1
43 134 1
43 296 1
43 355 1
43 76 1
43 45 1
43 302 1
43 112 1
43 337 1
43 99 1
43 310 1
43 91 1
43 156 1
43 158 1
43 360 1
44 64 1
44 288 1
44 67 1
44 230 1
44 104 1
44 170 1
44 398 1
44 207 1
44 124 1
44 245 1
44 119 1
44 184 1
44 308 1
44 92 1
44 297 1
45 150 1
45 392 1
45 148 1
45 277 1
45 163 1
45 296 1
45 297 1
45 172 1
45 176 1
45 183 1
45 60 1
45 321 1
45 330 1
45 342 1
45 217 1
45 90 1
45 220 1
45 229 1
45 101 1
45 232 1
45 109 1
45 366 1
45 243 1
46 388 1
46 136 1
46 151 1
46 282 1
46 165 1
46 303 1
46 305 1
46 178 1
46 309 1
46 194 1
46 197 1
46 203 1
46 212 1
46 352 1
46 97 1
46 228 1
46 232 1
46 367 1
46 242 1
47 134 1
47 137 1
47 266 1
47 140 1
47 142 1
47 283 1
47 242 1
47 305 1
47 398 1
47 319 1
47 67 1
47 206 1
47 85 1
47 344 1
47 223 1
47 352 1
47 98 1
47 112 1
47 370 1
47 373 1
48 135 1
48 395 1
48 141 1
48 270 1
48 158 1
48 160 1
48 299 1
48 304 1
48 54 1
48 55 1
48 314 1
48 316 1
48 204 1
48 83 1
48 87 1
48 225 1
48 229 1
48 102 1
48 115 1
48 245 1
48 118 1
48 123 1
48 255 1
49 96 1
49 344 1
49 354 1
49 203 1
49 380 1
49 135 1
49 264 1
49 137 1
49 75 1
49 110 1
49 353 1
49 184 1
49 338 1
49 55 1
49 88 1
49 281 1
49 346 1
49 92 1
49 280 1
50 256 1
50 141 1
50 277 1
50 279 1
50 367 1
50 156 1
50 288 1
50 170 1
50 135 1
50 184 1
50 60 1
50 192 1
50 201 1
50 75 1
50 337 1
50 215 1
50 91 1
50 100 1
50 363 1
50 239 1
50 245 1
51 137 1
51 138 1
51 270 1
51 271 1
51 153 1
51 160 1
51 175 1
51 192 1
51 69 1
51 326 1
51 327 1
51 74 1
51 208 1
51 84 1
51 217 1
51 100 1
51 101 1
51 109 1
52 134 1
52 267 1
52 151 1
52 282 1
52 296 1
52 177 1
52 181 1
52 314 1
52 317 1
52 196 1
52 325 1
52 77 1
52 339 1
52 215 1
52 348 1
52 368 1
52 242 1
52 117 1
52 120 1
52 255 1
53 385 1
53 389 1
53 134 1
53 73 1
53 170 1
53 237 1
53 270 1
53 80 1
53 119 1
53 89 1
53 314 1
53 125 1
53 361 1
54 387 1
54 132 1
54 137 1
54 273 1
54 161 1
54 293 1
54 170 1
54 305 1
54 309 1
54 188 1
54 319 1
54 67 1
54 70 1
54 204 1
54 210 1
54 340 1
54 219 1
54 60 1
54 234 1
55 195 1
55 68 1
55 65 1
55 129 1
55 73 1
55 234 1
55 109 1
55 179 1
55 56 1
55 281 1
55 152 1
55 346 1
55 264 1
55 127 1
56 64 1
56 80 1
56 258 1
56 261 1
56 380 1
56 298 1
56 107 1
56 177 1
56 116 1
56 122 1
56 156 1
56 313 1
56 94 1
57 354 1
57 315 1
57 86 1
57 230 1
57 75 1
57 332 1
57 109 1
57 302 1
57 334 1
57 275 1
57 148 1
57 85 1
57 216 1
57 282 1
57 220 1
57 222 1
57 191 1
58 266 1
58 268 1
58 270 1
58 284 1
58 290 1
58 184 1
58 200 1
58 203 1
58 333 1
58 208 1
58 210 1
58 398 1
58 102 1
58 104 1
58 105 1
58 82 1
58 369 1
58 254 1
58 122 1
58 123 1
58 382 1
59 161 1
59 359 1
59 358 1
59 327 1
59 329 1
59 247 1
59 387 1
59 143 1
59 209 1
59 307 1
59 151 1
59 312 1
59 377 1
59 122 1
59 219 1
59 284 1
59 93 1
59 350 1
59 255 1
60 160 1
60 315 1
60 356 1
60 278 1
60 230 1
60 306 1
60 332 1
60 238 1
60 244 1
60 344 1
60 217 1
60 91 1
60 293 1
61 96 1
61 129 1
61 391 1
61 393 1
61 71 1
61 145 1
61 139 1
61 265 1
61 78 1
61 136 1
61 156 1
61 340 1
61 181 1
61 247 1
61 155 1
61 92 1
61 382 1
62 258 1
62 132 1
62 272 1
62 148 1
62 158 1
62 287 1
62 163 1
62 173 1
62 180 1
62 186 1
62 190 1
62 191 1
62 326 1
62 328 1
62 205 1
62 339 1
62 85 1
62 96 1
62 98 1
62 104 1
62 242 1
62 249 1
62 255 1
63 192 1
63 176 1
63 347 1
63 292 1
63 201 1
63 266 1
63 267 1
63 368 1
63 79 1
63 144 1
63 337 1
63 147 1
63 308 1
63 150 1
63 183 1
63 90 1
63 207 1
64 339 1
64 226 1
64 262 1
64 166 1
64 232 1
64 297 1
64 202 1
64 267 1
64 110 1
64 253 1
64 241 1
64 370 1
64 302 1
64 270 1
64 332 1
64 346 1
64 350 1
64 373 1
65 262 1
65 268 1
65 143 1
65 273 1
65 167 1
65 177 1
65 178 1
65 324 1
65 201 1
65 333 1
65 271 1
65 342 1
65 399 1
65 220 1
65 103 1
65 235 1
65 237 1
65 249 1
65 253 1
65 254 1
66 162 1
66 132 1
66 278 1
66 72 1
66 297 1
66 234 1
66 235 1
66 204 1
66 178 1
66 212 1
66 182 1
66 375 1
66 254 1
67 259 1
67 392 1
67 156 1
67 170 1
67 311 1
67 70 1
67 199 1
67 333 1
67 78 1
67 205 1
67 347 1
67 230 1
67 103 1
67 106 1
67 236 1
67 242 1
67 362 1
68 289 1
68 259 1
68 326 1
68 104 1
68 265 1
68 267 1
68 174 1
68 303 1
68 368 1
68 308 1
68 342 1
68 92 1
68 125 1
69 192 1
69 263 1
69 311 1
69 71 1
69 73 1
69 135 1
69 204 1
69 334 1
69 335 1
69 240 1
69 336 1
69 265 1
69 340 1
69 122 1
69 219 1
69 378 1
69 254 1
69 351 1
70 398 1
70 146 1
70 160 1
70 82 1
70 314 1
70 320 1
70 73 1
70 209 1
70 210 1
70 93 1
70 103 1
70 105 1
70 364 1
70 274 1
70 238 1
70 374 1
70 124 1
70 127 1
71 383 1
71 100 1
71 305 1
71 234 1
71 300 1
71 145 1
71 82 1
71 357 1
71 180 1
71 309 1
71 86 1
71 319 1
71 158 1
71 95 1
72 259 1
72 132 1
72 390 1
72 267 1
72 268 1
72 194 1
72 287 1
72 162 1
72 298 1
72 303 1
72 304 1
72 180 1
72 323 1
72 324 1
72 213 1
72 344 1
72 93 1
72 118 1
72 123 1
72 124 1
72 255 1
73 192 1
73 304 1
73 363 1
73 260 1
73 147 1
73 316 1
74 321 1
74 100 1
74 389 1
74 339 1
74 265 1
74 258 1
74 147 1
74 86 1
74 329 1
74 377 1
74 154 1
74 298 1
74 318 1
74 181 1
75 198 1
75 352 1
75 195 1
75 292 1
75 175 1
75 331 1
75 153 1
75 90 1
75 103 1
75 125 1
75 315 1
76 396 1
76 271 1
76 283 1
76 170 1
76 310 1
76 311 1
76 185 1
76 190 1
76 80 1
76 84 1
76 100 1
76 103 1
76 361 1
76 368 1
76 119 1
76 376 1
76 249 1
77 225 1
77 132 1
77 101 1
77 260 1
77 308 1
77 78 1
77 353 1
77 222 1
77 209 1
77 82 1
77 307 1
77 106 1
77 247 1
77 180 1
77 298 1
77 158 1
78 323 1
78 321 1
78 261 1
78 359 1
78 379 1
78 368 1
78 148 1
78 117 1
78 342 1
78 375 1
78 218 1
78 251 1
79 128 1
79 214 1
79 356 1
79 353 1
79 170 1
79 279 1
79 108 1
79 142 1
79 381 1
79 287 1
79 305 1
79 183 1
79 251 1
80 395 1
80 342 1
80 293 1
80 263 1
80 203 1
80 115 1
80 214 1
80 375 1
80 158 1
80 351 1
81 135 1
81 266 1
81 156 1
81 241 1
81 296 1
81 173 1
81 176 1
81 185 1
81 317 1
81 394 1
81 323 1
81 199 1
81 211 1
81 223 1
81 357 1
81 238 1
81 369 1
81 371 1
81 374 1
81 248 1
82 131 1
82 326 1
82 392 1
82 268 1
82 172 1
82 280 1
82 114 1
82 247 1
82 152 1
82 346 1
82 122 1
82 126 1
83 208 1
83 227 1
83 388 1
83 399 1
83 230 1
83 103 1
83 202 1
83 391 1
83 289 1
83 398 1
83 143 1
83 285 1
83 343 1
83 121 1
83 155 1
83 252 1
83 157 1
83 383 1
84 194 1
84 325 1
84 262 1
84 307 1
84 267 1
84 386 1
84 317 1
84 177 1
84 210 1
84 248 1
84 93 1
85 128 1
85 136 1
85 137 1
85 276 1
85 162 1
85 295 1
85 301 1
85 392 1
85 322 1
85 330 1
85 333 1
85 339 1
85 313 1
85 346 1
85 370 1
85 382 1
85 264 1
86 384 1
86 129 1
86 258 1
86 107 1
86 394 1
86 151 1
86 160 1
86 162 1
86 174 1
86 183 1
86 315 1
86 197 1
86 201 1
86 208 1
86 341 1
86 185 1
86 356 1
86 231 1
86 363 1
86 109 1
87 256 1
87 289 1
87 194 1
87 291 1
87 170 1
87 301 1
87 206 1
87 114 1
87 211 1
87 214 1
87 255 1
87 317 1
87 165 1
88 288 1
88 315 1
88 133 1
88 234 1
88 375 1
88 140 1
88 173 1
88 143 1
88 208 1
88 277 1
88 365 1
88 347 1
88 191 1
88 239 1
88 286 1
88 95 1
89 384 1
89 161 1
89 289 1
89 259 1
89 275 1
89 169 1
89 237 1
89 142 1
89 143 1
89 206 1
89 115 1
89 311 1
89 90 1
89 202 1
89 309 1
90 217 1
90 268 1
90 205 1
90 213 1
90 121 1
90 248 1
90 186 1
90 231 1
91 256 1
91 387 1
91 279 1
91 297 1
91 304 1
91 310 1
91 327 1
91 201 1
91 334 1
91 208 1
91 340 1
91 216 1
91 94 1
91 226 1
91 357 1
91 230 1
91 245 1
91 378 1
91 251 1
91 127 1
92 385 1
92 259 1
92 133 1
92 391 1
92 136 1
92 266 1
92 278 1
92 154 1
92 167 1
92 308 1
92 189 1
92 267 1
92 331 1
92 395 1
92 222 1
92 97 1
92 99 1
92 230 1
92 104 1
92 106 1
92 112 1
92 372 1
93 320 1
93 196 1
93 246 1
93 105 1
93 170 1
93 204 1
93 379 1
93 275 1
93 118 1
93 151 1
93 314 1
93 303 1
93 191 1
94 96 1
94 162 1
94 347 1
94 165 1
94 177 1
94 265 1
94 141 1
94 270 1
94 333 1
94 120 1
94 243 1
94 246 1
94 329 1
94 152 1
94 126 1
94 287 1
95 288 1
95 129 1
95 331 1
95 358 1
95 138 1
95 359 1
95 305 1
95 371 1
95 116 1
95 297 1
95 156 1
95 189 1
96 353 1
96 187 1
96 134 1
96 104 1
96 307 1
96 382 1
96 396 1
96 333 1
96 175 1
96 248 1
96 227 1
96 116 1
96 120 1
96 123 1
96 156 1
97 192 1
97 258 1
97 99 1
97 100 1
97 262 1
97 103 1
97 323 1
97 112 1
97 238 1
97 270 1
97 179 1
97 180 1
97 227 1
97 150 1
97 212 1
97 155 1
97 349 1
98 129 1
98 262 1
98 194 1
98 272 1
98 275 1
98 152 1
98 282 1
98 284 1
98 291 1
98 322 1
98 376 1
98 349 1
98 379 1
98 102 1
98 370 1
98 375 1
98 248 1
98 127 1
98 254 1
98 255 1
99 160 1
99 377 1
99 200 1
99 204 1
99 224 1
99 335 1
99 368 1
99 178 1
99 310 1
99 217 1
99 159 1
100 343 1
100 195 1
100 102 1
100 168 1
100 199 1
100 205 1
100 398 1
100 365 1
100 397 1
100 350 1
100 215 1
100 370 1
100 315 1
100 187 1
100 158 1
101 129 1
101 294 1
101 380 1
101 301 1
101 395 1
101 108 1
101 308 1
101 181 1
101 217 1
101 239 1
101 124 1
101 190 1
102 166 1
102 314 1
102 170 1
102 171 1
102 226 1
102 142 1
102 239 1
102 338 1
102 366 1
102 181 1
102 249 1
102 153 1
102 341 1
102 313 1
102 191 1
103 128 1
103 142 1
103 195 1
103 149 1
103 157 1
103 162 1
103 179 1
103 198 1
103 325 1
103 207 1
103 354 1
103 228 1
103 106 1
103 111 1
103 379 1
104 257 1
104 144 1
104 149 1
104 282 1
104 157 1
104 167 1
104 169 1
104 306 1
104 328 1
104 329 1
104 335 1
104 208 1
104 211 1
104 346 1
104 223 1
104 353 1
104 112 1
104 383 1
105 261 1
105 154 1
105 111 1
105 113 1
105 349 1
105 118 1
105 183 1
105 153 1
105 351 1
105 223 1
106 336 1
106 395 1
106 261 1
106 198 1
106 138 1
106 355 1
106 387 1
106 334 1
106 176 1
106 280 1
106 163 1
106 215 1
106 248 1
106 153 1
106 251 1
106 189 1
107 129 1
107 387 1
107 374 1
107 136 1
107 299 1
107 332 1
107 141 1
107 381 1
107 121 1
107 221 1
107 383 1
108 288 1
108 258 1
108 323 1
108 201 1
108 375 1
108 236 1
108 109 1
108 207 1
108 306 1
108 244 1
108 297 1
108 184 1
108 329 1
108 175 1
108 348 1
108 222 1
109 256 1
109 262 1
109 136 1
109 138 1
109 271 1
109 272 1
109 285 1
109 164 1
109 293 1
109 305 1
109 326 1
109 313 1
109 216 1
109 345 1
109 348 1
109 224 1
109 110 1
109 374 1
109 376 1
109 122 1
110 227 1
110 166 1
110 201 1
110 267 1
110 275 1
110 329 1
110 315 1
110 187 1
110 254 1
111 160 1
111 291 1
111 390 1
111 363 1
111 175 1
111 112 1
111 114 1
111 316 1
111 284 1
111 169 1
111 217 1
111 201 1
111 378 1
112 344 1
112 386 1
112 123 1
112 326 1
112 199 1
112 236 1
112 206 1
112 168 1
112 156 1
112 225 1
112 380 1
112 346 1
113 160 1
113 311 1
113 391 1
113 229 1
113 393 1
113 357 1
113 394 1
113 141 1
113 144 1
113 265 1
113 378 1
113 187 1
113 125 1
113 191 1
114 279 1
114 161 1
114 323 1
114 197 1
114 316 1
114 205 1
114 369 1
114 116 1
114 119 1
114 255 1
114 156 1
114 286 1
114 229 1
115 320 1
115 293 1
115 326 1
115 289 1
115 232 1
115 226 1
115 202 1
115 205 1
115 317 1
115 209 1
115 179 1
115 373 1
115 365 1
115 358 1
115 157 1
115 360 1
116 325 1
116 357 1
116 203 1
116 332 1
116 302 1
116 239 1
116 320 1
116 376 1
116 308 1
116 213 1
116 186 1
117 323 1
117 164 1
117 199 1
117 169 1
117 171 1
117 275 1
117 356 1
117 214 1
117 119 1
117 249 1
117 331 1
117 363 1
117 215 1
117 319 1
118 288 1
118 132 1
118 193 1
118 331 1
118 396 1
118 398 1
118 399 1
118 308 1
118 374 1
118 311 1
118 314 1
118 286 1
119 129 1
119 134 1
119 265 1
119 142 1
119 150 1
119 163 1
119 165 1
119 370 1
119 136 1
119 315 1
119 317 1
119 204 1
119 331 1
119 208 1
119 346 1
119 233 1
119 235 1
119 367 1
119 371 1
119 372 1
119 361 1
119 120 1
119 123 1
120 140 1
120 141 1
120 270 1
120 143 1
120 283 1
120 286 1
120 173 1
120 305 1
120 179 1
120 350 1
120 311 1
120 187 1
120 205 1
120 169 1
120 225 1
120 232 1
120 239 1
120 241 1
121 320 1
121 322 1
121 259 1
121 228 1
121 295 1
121 296 1
121 252 1
121 138 1
121 142 1
121 338 1
121 329 1
121 373 1
121 170 1
121 380 1
121 124 1
121 154 1
121 318 1
121 159 1
122 263 1
122 264 1
122 148 1
122 150 1
122 281 1
122 288 1
122 301 1
122 310 1
122 187 1
122 318 1
122 191 1
122 321 1
122 210 1
122 340 1
122 270 1
122 349 1
122 235 1
122 378 1
123 240 1
123 164 1
123 279 1
123 266 1
123 215 1
123 237 1
123 206 1
123 168 1
123 315 1
123 284 1
123 286 1
124 225 1
124 264 1
124 148 1
124 214 1
124 349 1
124 229 1
125 225 1
125 203 1
125 166 1
125 295 1
125 266 1
125 337 1
125 178 1
125 148 1
125 285 1
126 320 1
126 383 1
126 197 1
126 393 1
126 171 1
126 290 1
126 211 1
126 215 1
126 344 1
126 354 1
126 127 1
126 349 1
127 304 1
127 356 1
127 133 1
127 263 1
127 375 1
127 335 1
127 240 1
127 145 1
127 242 1
127 373 1
127 342 1
127 185 1
127 346 1
127 252 1
127 255 1
128 352 1
128 161 1
128 198 1
128 384 1
128 268 1
128 343 1
128 239 1
128 238 1
128 241 1
128 370 1
128 147 1
128 276 1
128 247 1
128 187 1
128 190 1
128 341 1
129 192 1
129 367 1
129 196 1
129 391 1
129 264 1
129 175 1
129 241 1
129 384 1
129 339 1
129 317 1
130 165 1
130 167 1
130 171 1
130 398 1
130 309 1
130 313 1
130 281 1
130 157 1
130 229 1
131 376 1
131 386 1
131 232 1
131 137 1
131 141 1
131 208 1
131 296 1
131 227 1
131 244 1
131 213 1
131 246 1
131 169 1
131 248 1
131 153 1
131 217 1
131 346 1
131 250 1
131 287 1
132 161 1
132 196 1
132 166 1
132 193 1
132 202 1
132 289 1
132 335 1
132 306 1
132 149 1
132 155 1
133 245 1
133 358 1
133 241 1
133 171 1
133 341 1
133 331 1
133 152 1
133 149 1
133 183 1
133 282 1
133 319 1
133 378 1
134 268 1
134 141 1
134 148 1
134 284 1
134 160 1
134 294 1
134 298 1
134 372 1
134 396 1
134 335 1
134 343 1
134 349 1
134 354 1
134 363 1
134 367 1
134 369 1
134 244 1
134 376 1
135 164 1
135 325 1
135 177 1
135 202 1
135 267 1
135 306 1
135 334 1
135 179 1
135 184 1
135 330 1
135 187 1
135 216 1
135 285 1
135 390 1
135 312 1
136 139 1
136 277 1
136 308 1
136 323 1
136 140 1
136 335 1
136 337 1
136 339 1
136 221 1
136 365 1
136 238 1
136 367 1
137 386 1
137 165 1
137 326 1
137 201 1
137 339 1
137 172 1
137 176 1
137 338 1
137 250 1
137 380 1
138 293 1
138 326 1
138 299 1
138 206 1
138 308 1
138 309 1
138 248 1
138 331 1
138 287 1
138 170 1
139 193 1
139 355 1
139 228 1
139 326 1
139 391 1
139 348 1
139 142 1
139 143 1
139 305 1
139 302 1
139 207 1
139 188 1
139 373 1
140 225 1
140 354 1
140 227 1
140 230 1
140 363 1
140 267 1
140 236 1
140 270 1
140 178 1
140 179 1
140 334 1
140 185 1
140 175 1
140 264 1
141 144 1
141 273 1
141 148 1
141 278 1
141 151 1
141 297 1
141 308 1
141 193 1
141 195 1
141 206 1
141 349 1
141 357 1
141 359 1
141 233 1
141 235 1
141 251 1
142 276 1
142 279 1
142 154 1
142 287 1
142 161 1
142 177 1
142 305 1
142 179 1
142 309 1
142 315 1
142 197 1
142 203 1
142 207 1
143 276 1
143 283 1
143 165 1
143 168 1
143 307 1
143 319 1
143 210 1
143 214 1
143 343 1
143 228 1
143 231 1
143 372 1
143 191 1
144 268 1
144 337 1
144 278 1
144 286 1
144 162 1
144 292 1
144 392 1
144 318 1
144 321 1
144 360 1
144 209 1
144 227 1
144 231 1
144 359 1
144 240 1
144 190 1
144 246 1
144 250 1
145 324 1
145 360 1
145 300 1
145 336 1
145 337 1
145 371 1
145 181 1
145 217 1
145 383 1
145 157 1
146 320 1
146 257 1
146 363 1
146 388 1
146 326 1
146 275 1
146 299 1
146 349 1
146 270 1
146 239 1
146 370 1
146 243 1
146 333 1
146 377 1
146 281 1
146 154 1
146 221 1
147 320 1
147 291 1
147 389 1
147 365 1
147 349 1
147 209 1
147 329 1
147 378 1
147 252 1
147 248 1
147 280 1
148 278 1
148 284 1
148 157 1
148 163 1
148 390 1
148 166 1
148 174 1
148 186 1
148 324 1
148 377 1
148 345 1
148 229 1
148 381 1
148 371 1
148 249 1
149 276 1
149 278 1
149 153 1
149 285 1
149 391 1
149 176 1
149 306 1
149 179 1
149 325 1
149 220 1
149 228 1
149 235 1
149 372 1
149 378 1
150 192 1
150 343 1
150 163 1
150 260 1
150 299 1
150 268 1
150 173 1
150 251 1
150 309 1
150 246 1
150 312 1
150 155 1
151 310 1
151 200 1
151 351 1
151 235 1
151 333 1
151 239 1
151 272 1
151 209 1
151 274 1
151 339 1
151 392 1
151 191 1
152 285 1
152 286 1
152 288 1
152 299 1
152 157 1
152 313 1
152 194 1
152 354 1
152 292 1
152 350 1
152 225 1
152 227 1
152 359 1
152 237 1
152 378 1
153 257 1
153 396 1
153 285 1
153 291 1
153 301 1
153 176 1
153 177 1
153 310 1
153 333 1
153 220 1
153 350 1
153 231 1
153 242 1
154 225 1
154 354 1
154 229 1
154 341 1
154 295 1
154 361 1
154 238 1
154 206 1
154 183 1
154 219 1
154 319 1
155 267 1
155 276 1
155 285 1
155 165 1
155 295 1
155 180 1
155 181 1
155 183 1
155 184 1
155 372 1
155 187 1
155 328 1
155 332 1
155 312 1
155 357 1
155 244 1
155 248 1
156 330 1
156 301 1
156 278 1
156 362 1
156 316 1
157 279 1
157 293 1
157 243 1
157 186 1
157 315 1
157 327 1
157 347 1
157 348 1
157 226 1
157 230 1
157 237 1
157 368 1
157 246 1
158 384 1
158 203 1
158 294 1
158 233 1
158 234 1
158 172 1
158 237 1
158 242 1
158 298 1
158 390 1
159 384 1
159 214 1
159 391 1
159 265 1
159 277 1
159 304 1
159 210 1
159 339 1
159 340 1
159 342 1
159 226 1
159 230 1
159 363 1
159 237 1
159 238 1
159 242 1
159 212 1
159 381 1
160 392 1
160 268 1
160 317 1
160 193 1
160 199 1
160 396 1
160 330 1
160 205 1
160 227 1
160 346 1
160 358 1
161 224 1
161 165 1
161 230 1
161 333 1
161 343 1
161 286 1
161 390 1
162 398 1
162 274 1
162 294 1
162 305 1
162 187 1
162 317 1
162 325 1
162 334 1
162 338 1
162 166 1
162 234 1
162 237 1
163 386 1
163 306 1
163 196 1
163 206 1
163 336 1
163 342 1
163 346 1
163 219 1
163 221 1
163 355 1
163 370 1
163 245 1
163 252 1
164 356 1
164 360 1
164 386 1
164 337 1
164 210 1
164 275 1
164 340 1
164 306 1
164 341 1
165 386 1
165 281 1
165 284 1
165 286 1
165 299 1
165 346 1
165 271 1
165 240 1
165 372 1
165 383 1
166 192 1
166 310 1
166 225 1
166 292 1
166 268 1
166 301 1
166 353 1
166 206 1
166 238 1
166 219 1
167 390 1
167 337 1
167 203 1
167 307 1
167 208 1
167 177 1
167 211 1
167 361 1
167 345 1
167 315 1
168 361 1
168 338 1
168 307 1
168 341 1
168 278 1
168 349 1
168 255 1
169 381 1
169 376 1
169 372 1
169 170 1
169 171 1
169 177 1
169 195 1
169 267 1
169 214 1
169 264 1
169 184 1
169 189 1
169 190 1
169 213 1
170 284 1
170 286 1
170 299 1
170 324 1
170 325 1
170 198 1
170 211 1
170 340 1
170 215 1
170 216 1
170 359 1
170 239 1
171 384 1
171 373 1
171 359 1
171 236 1
171 238 1
171 304 1
171 361 1
171 186 1
171 390 1
171 351 1
172 268 1
172 270 1
172 245 1
172 214 1
172 375 1
172 312 1
172 218 1
172 309 1
173 214 1
173 305 1
173 291 1
173 342 1
173 198 1
173 225 1
173 296 1
173 237 1
173 212 1
174 386 1
174 183 1
174 270 1
174 375 1
175 384 1
175 391 1
175 393 1
175 287 1
175 178 1
175 324 1
175 329 1
175 331 1
175 220 1
175 350 1
175 360 1
175 374 1
175 376 1
176 289 1
176 375 1
176 353 1
176 279 1
176 396 1
176 207 1
176 370 1
176 278 1
176 184 1
176 282 1
177 232 1
177 398 1
177 338 1
177 182 1
177 282 1
177 317 1
178 329 1
178 290 1
178 273 1
178 274 1
178 270 1
178 380 1
179 259 1
179 266 1
179 277 1
179 288 1
179 181 1
179 398 1
179 319 1
179 211 1
179 213 1
179 242 1
179 373 1
180 192 1
180 187 1
180 227 1
180 269 1
180 240 1
180 328 1
180 193 1
180 365 1
180 343 1
180 216 1
180 317 1
181 260 1
181 267 1
181 397 1
181 285 1
181 290 1
181 184 1
181 330 1
181 193 1
181 335 1
181 356 1
181 370 1
182 195 1
182 260 1
182 200 1
182 265 1
182 267 1
182 369 1
182 194 1
182 356 1
182 205 1
182 375 1
182 211 1
182 301 1
182 214 1
182 281 1
182 253 1
182 350 1
183 393 1
183 323 1
183 388 1
183 390 1
183 275 1
183 215 1
183 361 1
183 189 1
183 286 1
184 262 1
184 399 1
184 317 1
184 324 1
184 337 1
184 217 1
184 222 1
184 232 1
184 366 1
184 253 1
184 254 1
185 261 1
185 230 1
185 209 1
185 391 1
185 338 1
185 291 1
185 222 1
185 311 1
185 380 1
185 347 1
185 187 1
185 188 1
185 190 1
186 393 1
186 274 1
186 278 1
186 305 1
186 310 1
186 323 1
186 197 1
186 199 1
186 204 1
186 335 1
186 339 1
186 232 1
186 363 1
186 245 1
186 374 1
187 264 1
187 397 1
187 238 1
187 280 1
187 311 1
187 224 1
187 202 1
187 331 1
187 222 1
187 371 1
187 245 1
187 251 1
187 253 1
187 255 1
188 386 1
188 198 1
188 265 1
188 240 1
188 338 1
188 280 1
188 315 1
188 381 1
189 352 1
189 261 1
189 390 1
189 395 1
189 274 1
189 240 1
189 209 1
189 210 1
189 339 1
189 310 1
189 381 1
189 394 1
190 289 1
190 235 1
190 205 1
190 399 1
190 307 1
190 377 1
190 379 1
191 217 1
191 357 1
191 360 1
191 329 1
191 234 1
191 221 1
191 349 1
192 294 1
192 361 1
192 369 1
193 391 1
193 279 1
193 308 1
193 315 1
193 319 1
193 374 1
193 213 1
193 342 1
193 353 1
193 231 1
194 395 1
194 354 1
194 398 1
194 399 1
194 273 1
194 279 1
194 202 1
194 226 1
194 210 1
194 219 1
194 364 1
194 243 1
194 245 1
194 376 1
194 340 1
195 393 1
195 257 1
195 232 1
195 357 1
195 239 1
195 209 1
195 274 1
195 252 1
195 241 1
195 374 1
195 220 1
195 293 1
196 258 1
196 294 1
196 328 1
196 267 1
196 204 1
196 239 1
196 210 1
196 307 1
196 245 1
196 280 1
196 249 1
196 220 1
197 256 1
197 227 1
197 228 1
197 230 1
197 364 1
197 326 1
197 204 1
197 306 1
197 291 1
197 317 1
198 393 1
198 330 1
198 328 1
198 316 1
198 270 1
198 399 1
198 210 1
198 370 1
198 228 1
199 353 1
199 290 1
199 261 1
199 298 1
199 268 1
199 399 1
199 375 1
199 324 1
199 220 1
199 390 1
200 288 1
200 258 1
200 362 1
200 396 1
200 318 1
200 344 1
200 285 1
200 254 1
201 334 1
201 293 1
201 311 1
201 204 1
201 238 1
201 250 1
201 252 1
201 382 1
202 316 1
202 291 1
202 396 1
202 269 1
202 337 1
202 276 1
202 246 1
202 217 1
202 374 1
202 281 1
202 381 1
202 380 1
203 257 1
203 260 1
203 261 1
203 232 1
203 234 1
203 338 1
203 206 1
203 343 1
203 376 1
203 347 1
204 321 1
204 298 1
204 395 1
204 333 1
204 292 1
205 298 1
205 318 1
205 330 1
205 342 1
205 219 1
205 220 1
205 365 1
205 374 1
206 272 1
206 297 1
206 394 1
206 324 1
206 207 1
206 338 1
206 212 1
206 335 1
206 349 1
206 233 1
206 238 1
206 374 1
206 375 1
207 269 1
207 278 1
207 314 1
207 267 1
207 340 1
207 395 1
207 357 1
207 370 1
207 244 1
207 245 1
207 246 1
207 383 1
208 323 1
208 329 1
208 234 1
208 240 1
208 281 1
209 268 1
209 269 1
209 270 1
209 313 1
209 210 1
209 212 1
209 235 1
209 255 1
210 385 1
210 364 1
210 397 1
210 381 1
210 315 1
210 325 1
211 392 1
211 275 1
211 231 1
211 237 1
211 307 1
211 221 1
212 288 1
212 389 1
212 233 1
212 362 1
212 307 1
212 214 1
212 216 1
213 328 1
213 358 1
213 307 1
213 238 1
213 385 1
213 277 1
213 346 1
213 299 1
214 393 1
214 261 1
214 357 1
214 266 1
214 215 1
214 276 1
214 365 1
215 289 1
215 283 1
215 247 1
215 253 1
215 336 1
215 369 1
216 289 1
216 386 1
216 244 1
216 297 1
216 366 1
216 335 1
216 273 1
216 370 1
216 393 1
216 314 1
216 284 1
216 221 1
216 383 1
217 396 1
217 280 1
217 367 1
217 287 1
217 293 1
217 298 1
217 300 1
217 307 1
217 315 1
217 319 1
217 324 1
217 357 1
217 358 1
217 364 1
217 241 1
218 363 1
218 392 1
218 343 1
218 335 1
218 300 1
219 224 1
219 226 1
219 343 1
219 358 1
219 251 1
219 329 1
220 324 1
220 242 1
220 257 1
220 333 1
220 394 1
220 318 1
221 288 1
221 358 1
221 305 1
221 378 1
221 379 1
222 331 1
222 356 1
222 357 1
222 364 1
222 279 1
222 274 1
222 371 1
222 347 1
222 317 1
222 345 1
223 360 1
223 261 1
223 326 1
223 337 1
223 339 1
223 236 1
223 301 1
223 387 1
223 243 1
223 252 1
223 253 1
224 260 1
224 359 1
224 363 1
224 333 1
224 398 1
224 271 1
224 251 1
224 324 1
225 326 1
225 230 1
225 305 1
225 394 1
225 363 1
225 398 1
225 239 1
226 352 1
226 260 1
226 309 1
226 307 1
226 300 1
226 277 1
226 280 1
226 388 1
226 254 1
227 296 1
227 342 1
227 314 1
227 286 1
228 306 1
228 275 1
228 281 1
228 319 1
229 324 1
229 273 1
229 297 1
229 269 1
229 385 1
229 316 1
229 348 1
229 382 1
230 280 1
230 283 1
230 296 1
230 297 1
230 321 1
230 347 1
231 384 1
231 258 1
231 387 1
231 274 1
231 276 1
231 280 1
231 295 1
231 301 1
231 309 1
231 347 1
231 358 1
231 236 1
231 378 1
231 383 1
232 307 1
232 265 1
232 332 1
232 239 1
232 329 1
232 378 1
233 288 1
233 353 1
233 350 1
233 291 1
233 266 1
233 301 1
233 273 1
233 274 1
233 254 1
233 398 1
233 312 1
233 399 1
233 351 1
234 272 1
234 356 1
234 376 1
234 328 1
234 304 1
234 248 1
234 370 1
234 290 1
234 281 1
234 316 1
235 299 1
235 292 1
235 334 1
235 241 1
235 282 1
236 256 1
236 356 1
236 383 1
236 392 1
236 237 1
236 359 1
236 339 1
236 244 1
236 385 1
236 271 1
237 384 1
237 291 1
237 257 1
237 307 1
237 271 1
237 344 1
237 342 1
237 343 1
237 316 1
238 258 1
238 267 1
238 276 1
238 264 1
238 317 1
238 323 1
238 395 1
238 243 1
238 372 1
238 378 1
238 251 1
239 393 1
239 271 1
239 286 1
239 306 1
239 335 1
239 343 1
239 351 1
239 354 1
240 384 1
240 379 1
240 360 1
240 333 1
240 271 1
240 370 1
241 390 1
241 264 1
241 301 1
241 365 1
241 272 1
241 338 1
241 339 1
241 312 1
242 388 1
242 390 1
242 274 1
242 288 1
242 318 1
242 319 1
242 397 1
242 346 1
242 350 1
242 363 1
243 293 1
243 294 1
243 391 1
243 351 1
243 307 1
243 319 1
243 380 1
244 352 1
244 324 1
244 261 1
244 328 1
244 382 1
244 325 1
244 252 1
244 246 1
244 346 1
244 318 1
244 255 1
245 275 1
245 321 1
245 290 1
245 334 1
245 343 1
245 374 1
246 352 1
246 324 1
246 298 1
246 364 1
246 338 1
246 311 1
247 291 1
247 359 1
247 379 1
247 398 1
247 342 1
247 345 1
247 395 1
248 328 1
248 264 1
248 267 1
248 304 1
248 347 1
248 318 1
249 320 1
249 293 1
249 298 1
249 382 1
249 381 1
249 319 1
250 257 1
250 258 1
250 293 1
250 264 1
250 370 1
250 301 1
250 338 1
250 383 1
250 252 1
250 351 1
251 297 1
251 271 1
251 337 1
251 381 1
251 279 1
251 351 1
252 366 1
252 319 1
252 341 1
252 345 1
253 303 1
254 394 1
254 397 1
254 370 1
254 307 1
254 380 1
254 325 1
255 392 1
255 273 1
255 282 1
255 284 1
255 298 1
255 310 1
255 313 1
255 333 1
255 346 1
255 350 1
256 259 1
256 324 1
256 390 1
256 269 1
256 309 1
256 374 1
256 312 1
256 347 1
256 286 1
257 290 1
257 361 1
257 333 1
257 395 1
257 383 1
258 390 1
258 289 1
258 335 1
258 304 1
258 328 1
258 339 1
258 351 1
259 320 1
259 325 1
259 260 1
259 394 1
259 303 1
259 336 1
259 308 1
259 278 1
260 279 1
260 389 1
260 268 1
260 334 1
260 299 1
260 399 1
260 284 1
261 348 1
261 300 1
261 336 1
261 376 1
261 314 1
261 332 1
262 355 1
262 292 1
262 326 1
262 392 1
262 297 1
262 398 1
262 335 1
262 339 1
262 380 1
262 397 1
263 321 1
263 324 1
263 353 1
263 379 1
263 378 1
264 298 1
264 289 1
264 372 1
264 397 1
264 329 1
264 277 1
265 289 1
265 322 1
265 355 1
265 389 1
265 364 1
265 269 1
265 353 1
265 280 1
266 387 1
266 310 1
266 392 1
266 295 1
266 309 1
266 344 1
267 386 1
267 395 1
267 269 1
267 292 1
267 317 1
267 309 1
267 358 1
267 366 1
268 397 1
268 390 1
268 304 1
268 333 1
268 344 1
268 351 1
269 351 1
269 278 1
269 283 1
269 330 1
270 307 1
270 316 1
270 341 1
270 348 1
270 374 1
271 388 1
271 321 1
271 398 1
271 287 1
271 290 1
271 295 1
271 303 1
271 395 1
271 332 1
271 337 1
271 340 1
271 344 1
272 385 1
272 396 1
272 283 1
272 290 1
272 291 1
272 295 1
272 308 1
272 311 1
272 313 1
272 323 1
272 350 1
272 378 1
272 383 1
273 342 1
273 385 1
273 329 1
273 356 1
274 352 1
274 276 1
274 283 1
275 393 1
275 394 1
275 279 1
275 317 1
275 327 1
275 346 1
275 350 1
275 355 1
275 357 1
275 359 1
275 361 1
275 380 1
276 301 1
276 304 1
277 358 1
277 341 1
277 337 1
277 359 1
277 303 1
277 333 1
277 392 1
277 283 1
277 318 1
278 340 1
278 399 1
278 315 1
278 346 1
278 380 1
279 342 1
279 297 1
279 363 1
279 376 1
280 330 1
280 334 1
280 347 1
280 351 1
280 367 1
280 381 1
280 345 1
281 294 1
281 309 1
281 394 1
282 320 1
282 328 1
282 387 1
282 388 1
282 389 1
282 298 1
282 394 1
283 288 1
283 358 1
283 397 1
284 396 1
284 399 1
284 285 1
284 297 1
284 304 1
284 307 1
284 334 1
284 369 1
284 370 1
285 392 1
285 388 1
285 300 1
285 336 1
285 360 1
285 310 1
285 348 1
286 296 1
286 362 1
286 379 1
286 298 1
287 321 1
287 361 1
287 300 1
287 336 1
287 366 1
287 398 1
287 314 1
287 380 1
287 381 1
288 394 1
288 398 1
288 290 1
288 292 1
288 341 1
288 346 1
288 382 1
289 390 1
289 303 1
290 383 1
290 335 1
291 384 1
291 366 1
292 364 1
292 358 1
292 307 1
292 343 1
292 325 1
293 322 1
293 310 1
293 324 1
293 375 1
293 365 1
293 313 1
293 395 1
294 327 1
294 396 1
294 372 1
294 309 1
294 344 1
294 389 1
295 352 1
295 365 1
295 344 1
295 372 1
295 312 1
296 304 1
296 301 1
296 337 1
296 359 1
297 385 1
297 302 1
297 351 1
297 365 1
297 382 1
298 398 1
298 323 1
298 358 1
298 370 1
299 344 1
299 368 1
299 358 1
299 325 1
300 396 1
301 379 1
301 342 1
301 363 1
301 378 1
302 384 1
302 322 1
302 330 1
302 396 1
302 305 1
302 370 1
302 307 1
302 342 1
302 395 1
303 304 1
303 309 1
303 310 1
303 330 1
303 332 1
303 334 1
303 350 1
303 364 1
303 366 1
303 368 1
303 377 1
304 335 1
304 372 1
304 314 1
304 350 1
305 312 1
306 361 1
306 326 1
306 383 1
307 354 1
307 371 1
307 312 1
307 369 1
307 344 1
307 351 1
308 386 1
308 388 1
309 397 1
309 325 1
309 335 1
309 358 1
309 377 1
310 314 1
310 364 1
310 365 1
310 355 1
311 328 1
311 325 1
311 330 1
311 338 1
311 383 1
311 361 1
312 388 1
312 341 1
313 386 1
313 375 1
313 348 1
313 350 1
314 328 1
314 398 1
314 348 1
315 353 1
315 369 1
315 383 1
316 320 1
316 330 1
316 323 1
316 324 1
316 366 1
316 374 1
316 382 1
317 388 1
317 368 1
318 392 1
318 343 1
318 345 1
318 351 1
319 352 1
319 332 1
319 346 1
319 345 1
320 339 1
320 371 1
321 332 1
321 361 1
321 376 1
321 351 1
321 346 1
322 350 1
323 332 1
323 382 1
323 373 1
324 347 1
324 360 1
324 375 1
324 383 1
325 388 1
325 377 1
325 378 1
326 399 1
326 355 1
326 362 1
326 363 1
327 336 1
327 376 1
328 376 1
328 337 1
328 372 1
328 365 1
329 334 1
329 343 1
329 362 1
330 355 1
330 390 1
330 366 1
330 359 1
330 337 1
331 364 1
332 340 1
332 398 1
332 338 1
332 350 1
333 397 1
333 353 1
334 352 1
334 373 1
335 387 1
335 350 1
335 352 1
336 383 1
336 399 1
336 362 1
336 373 1
337 345 1
337 358 1
337 381 1
337 376 1
337 380 1
338 384 1
339 366 1
339 368 1
339 382 1
340 383 1
340 364 1
341 378 1
341 346 1
341 350 1
342 389 1
342 390 1
343 344 1
343 364 1
343 376 1
343 379 1
344 385 1
344 386 1
344 392 1
344 365 1
345 390 1
345 397 1
345 378 1
346 394 1
346 351 1
346 387 1
347 355 1
348 356 1
348 390 1
348 368 1
348 370 1
348 397 1
348 377 1
349 356 1
349 391 1
349 368 1
349 378 1
350 392 1
350 367 1
350 371 1
351 354 1
352 388 1
352 389 1
353 375 1
353 381 1
354 389 1
354 369 1
355 392 1
356 369 1
356 367 1
357 383 1
357 391 1
357 370 1
358 388 1
358 368 1
360 396 1
360 397 1
360 398 1
360 374 1
360 376 1
361 365 1
363 372 1
363 381 1
364 396 1
365 399 1
365 384 1
366 380 1
367 379 1
367 389 1
368 391 1
368 381 1
370 385 1
370 390 1
370 371 1
371 387 1
371 393 1
371 396 1
372 380 1
372 383 1
373 383 1
374 392 1
374 394 1
375 384 1
375 388 1
375 391 1
377 390 1
377 395 1
379 387 1
379 396 1
379 383 1
382 384 1
383 396 1
388 399 1
389 391 1
391 393 1
