0 1376 1
0 2342 1
0 1075 1
0 1204 1
0 2425 1
0 2014 1
1 400 1
1 2101 1
1 2279 1
2 601 1
2 1844 1
3 2374 1
3 105 1
3 1492 1
3 2076 1
3 2237 1
3 2494 1
4 2016 1
4 2147 1
4 2054 1
4 2248 1
4 1008 1
4 636 1
4 2365 1
5 1889 1
5 660 1
5 2221 1
5 1158 1
5 1687 1
6 881 1
6 1187 1
6 997 1
7 2241 1
7 1929 1
7 236 1
7 1774 1
7 144 1
7 1076 1
7 507 1
8 1001 1
8 1698 1
8 271 1
9 1081 1
9 1866 1
9 781 1
9 1854 1
9 2197 1
10 1328 1
10 325 1
10 1130 1
10 238 1
10 16 1
10 476 1
11 517 1
11 586 1
11 332 1
11 2235 1
11 2398 1
11 997 1
12 2042 1
12 1655 1
12 1580 1
12 1119 1
13 1107 1
13 965 1
13 294 1
13 1575 1
13 137 1
13 1075 1
13 116 1
13 312 1
13 1466 1
13 1724 1
14 2304 1
14 1313 1
14 1789 1
14 1316 1
14 297 1
14 783 1
14 1456 1
14 180 1
14 1302 1
14 329 1
14 1380 1
14 157 1
15 1570 1
15 1147 1
15 1086 1
16 936 1
16 1384 1
16 882 1
16 22 1
17 1969 1
17 1102 1
18 1826 1
18 1906 1
18 1421 1
19 1800 1
19 2469 1
19 2261 1
19 1655 1
20 1521 1
20 2266 1
20 1494 1
20 1679 1
21 32 1
21 1194 1
21 2323 1
21 974 1
22 864 1
22 99 1
22 1414 1
22 1290 1
22 2157 1
22 689 1
22 1114 1
23 802 1
23 2013 1
23 1018 1
23 799 1
24 2472 1
24 1025 1
24 1619 1
24 884 1
25 1520 1
25 1546 1
25 1846 1
25 2375 1
26 1450 1
26 2103 1
26 2032 1
26 1810 1
26 1844 1
26 599 1
26 1245 1
27 320 1
27 1576 1
27 986 1
27 756 1
28 2210 1
28 870 1
28 135 1
28 2057 1
28 1772 1
28 2190 1
28 1974 1
28 1208 1
29 514 1
29 1843 1
29 2302 1
30 1376 1
30 2197 1
30 2323 1
30 1897 1
30 1194 1
30 2044 1
30 1584 1
30 529 1
30 466 1
30 1587 1
30 693 1
30 1244 1
30 446 1
30 2079 1
31 489 1
31 1804 1
31 2425 1
31 681 1
32 976 1
32 1320 1
32 843 1
32 775 1
33 257 1
33 390 1
33 1228 1
33 749 1
33 2351 1
33 530 1
33 2458 1
34 1591 1
34 423 1
35 1796 1
35 1029 1
35 915 1
35 147 1
35 2005 1
35 1174 1
35 1724 1
35 1567 1
36 2355 1
36 690 1
36 139 1
36 2183 1
37 794 1
37 1563 1
37 2364 1
38 1218 1
38 2347 1
38 671 1
39 1313 1
39 550 1
39 609 1
39 2317 1
39 281 1
39 764 1
40 520 1
40 1578 1
40 596 1
40 2009 1
40 1211 1
40 1438 1
41 1035 1
41 1435 1
41 1381 1
41 2366 1
42 121 1
42 2057 1
42 1887 1
43 2120 1
43 1627 1
43 2285 1
44 2480 1
44 435 1
44 1820 1
44 1814 1
45 2304 1
45 2153 1
46 83 1
46 1565 1
46 790 1
46 1789 1
47 2472 1
47 2250 1
47 1709 1
47 1455 1
47 943 1
47 380 1
48 1450 1
48 2195 1
48 533 1
48 565 1
49 616 1
49 1541 1
49 206 1
50 1778 1
51 625 1
51 1913 1
51 502 1
51 519 1
52 929 1
52 2412 1
52 1873 1
52 1560 1
52 1081 1
52 2395 1
52 508 1
53 1248 1
53 1776 1
53 510 1
53 951 1
54 352 1
54 393 1
54 850 1
54 2388 1
54 2345 1
54 1823 1
55 2310 1
55 1414 1
55 941 1
55 1006 1
55 2381 1
55 112 1
55 1371 1
55 381 1
56 1763 1
56 758 1
56 1512 1
56 2211 1
56 1204 1
56 1526 1
56 442 1
56 2134 1
56 1087 1
57 105 1
57 1194 1
57 1385 1
57 447 1
58 2332 1
58 147 1
58 1764 1
58 1293 1
59 2337 1
59 802 1
59 1540 1
59 1607 1
59 1641 1
59 2000 1
59 406 1
59 1412 1
60 528 1
60 73 1
60 687 1
61 1432 1
61 2121 1
61 667 1
61 1605 1
61 1523 1
62 1276 1
62 1471 1
62 484 1
62 2187 1
62 351 1
63 1040 1
63 473 1
63 524 1
63 1652 1
65 1400 1
65 1833 1
65 555 1
65 2453 1
65 254 1
66 1961 1
66 523 1
67 1912 1
67 2395 1
67 1631 1
67 1063 1
68 1636 1
68 838 1
68 846 1
68 1653 1
68 535 1
68 1433 1
68 476 1
69 80 1
70 1465 1
70 866 1
70 134 1
70 1615 1
71 980 1
71 212 1
71 822 1
71 1729 1
72 872 1
72 1296 1
72 226 1
72 1484 1
72 1568 1
73 1539 1
73 476 1
73 306 1
73 340 1
73 1015 1
73 920 1
73 1947 1
74 817 1
74 2292 1
74 1645 1
74 1438 1
75 1681 1
75 1051 1
75 1675 1
75 1445 1
76 1058 1
76 2373 1
76 1289 1
76 853 1
76 950 1
76 2206 1
77 904 1
77 2095 1
77 2097 1
77 275 1
77 1854 1
77 1978 1
77 1886 1
78 162 1
78 2157 1
78 294 1
78 927 1
79 2116 1
79 1381 1
79 903 1
79 784 1
79 1169 1
79 2491 1
80 2285 1
80 1827 1
80 1110 1
80 1133 1
81 1408 1
81 833 1
81 1034 1
81 331 1
81 1244 1
82 2216 1
82 2281 1
82 2489 1
83 449 1
83 1748 1
83 1959 1
83 2346 1
83 147 1
83 980 1
83 2200 1
83 244 1
83 1050 1
83 574 1
84 608 1
84 1105 1
84 2157 1
84 1854 1
84 455 1
85 201 1
85 1786 1
85 533 1
86 1480 1
86 1880 1
86 154 1
86 2407 1
86 1159 1
87 617 1
87 1243 1
87 2396 1
87 2238 1
87 775 1
88 1729 1
88 1975 1
88 246 1
88 1679 1
89 1840 1
89 2409 1
89 1034 1
89 272 1
89 1874 1
89 1843 1
89 2100 1
90 2209 1
90 2085 1
90 806 1
90 1005 1
90 1746 1
90 122 1
90 2429 1
91 986 1
91 179 1
91 1437 1
92 931 1
92 1124 1
92 1256 1
92 748 1
92 2256 1
92 1123 1
92 116 1
92 1333 1
92 1534 1
92 1726 1
93 1154 1
93 475 1
93 254 1
94 496 1
94 1092 1
95 1222 1
95 342 1
96 2464 1
96 514 1
96 1070 1
96 2039 1
96 2394 1
96 1310 1
96 2495 1
97 376 1
97 1554 1
97 1748 1
97 749 1
97 2054 1
98 1048 1
98 249 1
98 1006 1
98 255 1
99 864 1
99 1860 1
99 1321 1
99 567 1
99 1390 1
99 1584 1
99 147 1
99 823 1
99 1464 1
99 1019 1
99 796 1
99 1182 1
100 872 1
100 1313 1
100 2333 1
100 229 1
100 1157 1
101 1152 1
101 1483 1
101 1713 1
101 627 1
101 948 1
101 2457 1
101 1628 1
102 1059 1
102 263 1
102 1417 1
102 1258 1
102 1260 1
102 241 1
102 1874 1
102 2197 1
102 2455 1
103 384 1
103 1556 1
103 1212 1
103 422 1
103 1640 1
104 739 1
104 1188 1
104 2315 1
104 1359 1
104 1685 1
104 218 1
105 2178 1
105 197 1
105 210 1
105 151 1
105 186 1
106 2079 1
106 637 1
106 990 1
106 135 1
107 771 1
107 2444 1
107 2381 1
107 2417 1
107 2418 1
107 120 1
107 1631 1
108 2177 1
108 1922 1
108 228 1
108 1884 1
108 1643 1
108 2285 1
108 1840 1
108 945 1
108 1906 1
108 788 1
108 1980 1
108 956 1
109 688 1
109 538 1
109 1747 1
109 986 1
109 1885 1
110 1282 1
110 1795 1
110 816 1
110 2388 1
110 2429 1
110 1759 1
111 2440 1
111 2425 1
111 270 1
111 1295 1
112 938 1
112 2366 1
112 486 1
113 161 1
113 778 1
113 1420 1
113 2348 1
114 1840 1
114 2035 1
114 453 1
114 1423 1
115 1146 1
115 1563 1
115 1268 1
116 2193 1
116 696 1
116 828 1
116 1725 1
117 1500 1
117 830 1
118 969 1
118 922 1
119 952 1
119 1294 1
120 288 1
120 2310 1
120 1158 1
120 2119 1
120 2184 1
120 2092 1
120 1780 1
121 1986 1
121 1739 1
121 1154 1
121 1997 1
121 2367 1
121 447 1
121 2236 1
121 1823 1
122 1477 1
122 785 1
122 2225 1
122 241 1
122 797 1
122 191 1
123 666 1
123 1502 1
123 631 1
124 1616 1
124 641 1
124 979 1
124 1284 1
124 1979 1
125 1787 1
125 2012 1
125 879 1
126 1009 1
126 1058 1
126 1236 1
126 606 1
127 1408 1
127 171 1
127 2342 1
127 1550 1
127 1559 1
128 1823 1
128 2377 1
128 1311 1
128 551 1
129 2469 1
129 1991 1
129 1134 1
129 1969 1
129 178 1
129 2227 1
129 279 1
129 793 1
129 1949 1
130 2304 1
130 372 1
130 1735 1
131 433 1
131 950 1
132 480 1
132 1553 1
132 1836 1
132 2215 1
133 2435 1
133 1297 1
133 1802 1
133 1325 1
133 1201 1
133 2357 1
134 1538 1
134 293 1
134 1448 1
134 240 1
134 2429 1
134 1759 1
135 523 1
135 406 1
135 282 1
135 1563 1
135 1150 1
136 1713 1
136 1107 1
136 1825 1
136 735 1
137 900 1
137 456 1
137 2412 1
137 1003 1
137 268 1
137 252 1
137 2045 1
137 991 1
138 338 1
139 928 1
139 289 1
139 2310 1
139 527 1
139 1716 1
140 208 1
140 641 1
140 284 1
140 495 1
140 176 1
140 1585 1
140 1180 1
140 1776 1
141 224 1
141 1929 1
141 2215 1
142 2082 1
142 821 1
142 1455 1
143 1956 1
143 1095 1
143 1545 1
143 1516 1
143 1878 1
143 1751 1
143 191 1
144 2329 1
144 1301 1
145 1680 1
145 1425 1
145 843 1
145 1996 1
145 1062 1
146 1233 1
146 1874 1
146 2230 1
147 165 1
147 243 1
147 1223 1
147 1511 1
147 657 1
147 1430 1
148 2388 1
148 1379 1
148 1588 1
148 2158 1
148 1070 1
149 928 1
149 1425 1
149 1811 1
149 2420 1
149 2133 1
150 1226 1
150 380 1
150 661 1
150 2447 1
151 1339 1
151 405 1
152 785 1
152 2140 1
153 778 1
153 852 1
153 501 1
153 965 1
154 650 1
155 2003 1
155 2451 1
155 567 1
156 2081 1
156 418 1
156 2211 1
156 2401 1
156 2448 1
156 214 1
157 2307 1
157 1706 1
157 498 1
157 1973 1
157 1789 1
158 320 1
158 1064 1
158 1035 1
158 2304 1
158 2273 1
159 160 1
159 1243 1
159 789 1
159 2399 1
160 680 1
160 1405 1
160 2382 1
161 2401 1
161 1346 1
161 711 1
161 2394 1
161 1563 1
162 1917 1
162 2437 1
163 917 1
163 1238 1
163 1045 1
164 2336 1
164 1681 1
164 495 1
165 706 1
165 1767 1
165 1703 1
165 2481 1
165 690 1
166 992 1
166 1185 1
166 1587 1
166 532 1
166 1911 1
166 696 1
167 2048 1
167 360 1
167 910 1
167 1903 1
167 2480 1
167 2067 1
167 2174 1
168 904 1
168 1258 1
168 662 1
168 1247 1
169 858 1
169 1107 1
169 532 1
170 224 1
170 2177 1
170 1124 1
170 743 1
170 2152 1
170 1291 1
170 1434 1
171 2002 1
171 1239 1
171 1365 1
172 1876 1
172 202 1
172 612 1
173 2067 1
174 2178 1
174 1096 1
174 1802 1
174 2065 1
174 1522 1
174 1491 1
174 442 1
174 1532 1
174 2170 1
175 865 1
175 530 1
176 2437 1
176 911 1
176 880 1
176 817 1
176 2482 1
176 1459 1
176 2175 1
177 2084 1
177 1157 1
177 1223 1
177 231 1
177 525 1
177 920 1
177 2077 1
178 1670 1
178 1185 1
178 841 1
178 814 1
178 2456 1
178 669 1
179 1318 1
179 694 1
180 1296 1
180 1628 1
181 1392 1
181 1625 1
181 1739 1
181 1158 1
182 2026 1
182 1715 1
182 836 1
183 1697 1
183 1691 1
183 1705 1
184 1011 1
184 533 1
184 1591 1
185 707 1
185 1124 1
185 783 1
186 2085 1
186 1392 1
186 1522 1
186 1845 1
186 2359 1
187 1444 1
187 869 1
187 1911 1
187 376 1
187 723 1
187 887 1
187 312 1
187 2175 1
187 1467 1
187 1244 1
187 1887 1
188 2008 1
188 950 1
189 401 1
189 834 1
189 1549 1
189 702 1
189 2297 1
190 392 1
190 1883 1
190 779 1
190 436 1
191 2499 1
191 285 1
191 2161 1
191 245 1
191 474 1
192 2000 1
192 2305 1
192 826 1
192 2164 1
192 2447 1
193 1299 1
193 621 1
194 1697 1
194 2279 1
194 680 1
194 1417 1
194 753 1
194 917 1
195 648 1
195 2396 1
195 1666 1
195 444 1
196 1509 1
196 1295 1
196 2225 1
196 1205 1
196 828 1
196 1247 1
197 994 1
197 1828 1
197 2470 1
197 1137 1
198 1541 1
198 662 1
198 2230 1
199 807 1
199 936 1
199 1130 1
199 1227 1
199 1071 1
199 1683 1
199 1046 1
199 1884 1
199 253 1
199 670 1
200 424 1
200 337 1
200 2122 1
200 247 1
201 529 1
202 1224 1
202 1619 1
202 2294 1
203 2307 1
203 1228 1
203 654 1
203 2447 1
203 1114 1
203 476 1
204 2205 1
204 1927 1
205 258 1
205 2351 1
205 2146 1
205 2422 1
205 271 1
206 2448 1
206 290 1
206 1227 1
206 2288 1
206 1051 1
207 1100 1
207 761 1
207 586 1
207 1019 1
207 644 1
208 1219 1
208 1196 1
208 1650 1
208 506 1
208 1949 1
209 1094 1
210 771 1
210 923 1
210 2430 1
210 489 1
211 641 1
211 1186 1
212 292 1
212 488 1
212 1801 1
212 2020 1
212 830 1
213 472 1
213 1216 1
213 2411 1
214 568 1
215 544 1
215 905 1
215 1267 1
215 1532 1
215 2300 1
216 617 1
216 2186 1
216 395 1
216 1294 1
216 831 1
217 2290 1
217 1026 1
217 1959 1
217 1178 1
217 831 1
218 2311 1
218 1339 1
218 813 1
218 887 1
219 1532 1
219 2196 1
219 1244 1
220 1760 1
220 1454 1
220 1425 1
220 786 1
220 2483 1
220 1689 1
221 2332 1
221 1866 1
221 292 1
221 373 1
221 1999 1
222 264 1
222 1832 1
222 1178 1
222 2296 1
223 1538 1
223 1283 1
223 267 1
223 815 1
223 657 1
223 1050 1
223 1823 1
224 1777 1
224 599 1
225 1472 1
225 674 1
225 1815 1
225 2037 1
225 391 1
226 810 1
226 943 1
226 2135 1
226 952 1
226 1055 1
227 834 1
227 1058 1
227 878 1
228 256 1
228 771 1
228 1467 1
229 2470 1
230 1505 1
230 1122 1
230 1476 1
230 998 1
230 872 1
230 1961 1
230 2045 1
230 884 1
230 2415 1
230 413 1
231 1185 1
231 424 1
231 586 1
231 1580 1
231 1102 1
231 1915 1
231 714 1
232 1834 1
232 1342 1
232 1719 1
233 1160 1
233 809 1
233 2404 1
233 2217 1
234 385 1
234 1765 1
234 1576 1
234 267 1
234 335 1
234 1715 1
234 564 1
234 1688 1
234 2074 1
234 1918 1
234 639 1
235 2320 1
235 1346 1
235 2054 1
235 583 1
235 714 1
235 1451 1
235 1698 1
235 560 1
235 1045 1
236 1090 1
236 799 1
236 244 1
236 398 1
237 1056 1
237 449 1
237 1282 1
237 2459 1
237 2008 1
238 1511 1
238 2057 1
238 1451 1
238 2254 1
238 2386 1
238 1623 1
238 1983 1
239 345 1
239 903 1
240 581 1
241 421 1
241 2055 1
241 1702 1
241 894 1
242 832 1
242 2183 1
242 1317 1
242 1701 1
243 1347 1
243 1862 1
243 553 1
243 1112 1
243 2298 1
243 894 1
244 635 1
244 1659 1
244 1199 1
245 1730 1
245 1510 1
245 1096 1
245 1133 1
245 1487 1
245 1584 1
245 1886 1
246 2251 1
246 368 1
246 2258 1
246 1789 1
246 319 1
248 1486 1
248 618 1
248 1213 1
248 1006 1
249 988 1
249 940 1
250 398 1
250 1103 1
251 2162 1
251 327 1
252 416 1
252 474 1
252 2249 1
253 400 1
253 1527 1
253 2294 1
253 1646 1
255 619 1
255 1900 1
255 2210 1
255 2067 1
255 2293 1
255 1111 1
255 2106 1
256 939 1
256 2383 1
256 403 1
256 634 1
256 1487 1
257 2456 1
257 2204 1
257 1525 1
257 1393 1
258 752 1
258 982 1
258 697 1
258 1886 1
258 543 1
259 1965 1
259 464 1
259 1656 1
259 2130 1
259 1717 1
259 1047 1
259 952 1
259 2303 1
260 305 1
260 574 1
261 1003 1
261 1187 1
262 1988 1
262 1387 1
262 860 1
262 2070 1
262 695 1
263 488 1
263 2292 1
263 619 1
263 2100 1
264 738 1
264 901 1
264 2130 1
264 408 1
264 2361 1
265 2181 1
266 1966 1
266 751 1
267 635 1
267 2210 1
267 2243 1
268 1274 1
268 1878 1
268 1513 1
269 537 1
269 2193 1
270 2240 1
270 1927 1
270 1003 1
270 1871 1
270 2395 1
271 1794 1
271 775 1
271 1342 1
271 315 1
271 1406 1
271 2143 1
272 1983 1
272 1991 1
272 1241 1
273 1940 1
273 2366 1
273 2255 1
274 838 1
274 584 1
274 746 1
274 2450 1
274 924 1
274 970 1
275 1754 1
275 1236 1
275 702 1
276 2070 1
276 683 1
276 1292 1
276 1973 1
276 1662 1
277 440 1
277 665 1
277 939 1
277 2310 1
277 1535 1
278 2393 1
278 474 1
278 2311 1
278 1478 1
278 1215 1
279 1467 1
279 1300 1
279 1691 1
280 1082 1
280 1914 1
280 2055 1
281 864 1
281 1504 1
281 1027 1
281 2160 1
281 1328 1
281 537 1
281 2141 1
282 791 1
282 949 1
282 1454 1
283 1611 1
283 1580 1
283 2360 1
283 1427 1
283 1560 1
283 2170 1
284 2369 1
284 2498 1
284 468 1
284 1849 1
284 1375 1
285 1028 1
285 2215 1
285 2376 1
285 879 1
285 1431 1
286 441 1
286 1834 1
286 1901 1
286 2070 1
287 520 1
287 978 1
287 434 1
287 339 1
287 532 1
287 1113 1
287 2042 1
287 2014 1
288 648 1
288 2146 1
288 1075 1
288 911 1
289 736 1
289 933 1
289 808 1
289 2068 1
289 639 1
289 1093 1
290 1568 1
290 1090 1
290 1862 1
290 969 1
290 2379 1
290 2479 1
290 1016 1
290 1791 1
291 768 1
291 1376 1
291 1539 1
291 1777 1
291 1256 1
291 976 1
291 945 1
292 1625 1
292 698 1
292 1330 1
293 1158 1
293 2480 1
293 1010 1
293 499 1
293 1658 1
294 937 1
294 561 1
294 371 1
294 1879 1
294 1820 1
294 1181 1
295 2322 1
295 1759 1
295 2406 1
295 855 1
296 2433 1
296 1044 1
296 613 1
296 687 1
297 1728 1
297 514 1
297 1897 1
297 1334 1
297 2200 1
298 2048 1
298 1010 1
298 862 1
299 553 1
299 406 1
300 2347 1
300 2124 1
300 2311 1
300 1884 1
300 1879 1
301 609 1
301 2167 1
301 1251 1
301 1259 1
302 1415 1
302 1255 1
302 2132 1
302 436 1
302 2458 1
302 1372 1
303 1697 1
303 1730 1
303 2115 1
303 1838 1
303 1081 1
303 1883 1
303 380 1
303 959 1
304 1111 1
304 476 1
304 1253 1
304 1550 1
304 927 1
305 1986 1
305 424 1
305 489 1
305 2477 1
305 2344 1
305 371 1
305 1277 1
306 1496 1
306 1431 1
306 2081 1
306 1383 1
307 1715 1
307 2217 1
307 1659 1
307 813 1
307 2355 1
308 933 1
308 1961 1
308 2189 1
308 528 1
308 852 1
308 436 1
309 1384 1
309 2476 1
309 461 1
310 1843 1
310 1013 1
310 1647 1
311 2232 1
311 1229 1
311 2277 1
312 880 1
312 1052 1
313 1530 1
314 480 1
314 1319 1
315 726 1
316 760 1
316 1444 1
316 2167 1
317 529 1
317 1499 1
318 737 1
318 2450 1
318 2300 1
318 406 1
319 1673 1
319 1147 1
319 1036 1
320 771 1
320 2086 1
320 2440 1
320 1074 1
321 328 1
321 2139 1
321 1019 1
321 359 1
322 716 1
322 1781 1
322 1814 1
323 1248 1
323 1328 1
323 2339 1
323 1514 1
323 1168 1
323 1683 1
323 564 1
323 1530 1
323 2077 1
323 2015 1
324 1057 1
324 900 1
324 2091 1
324 1455 1
324 784 1
324 1299 1
324 1398 1
324 983 1
324 442 1
325 816 1
325 1949 1
325 2046 1
326 1309 1
328 423 1
328 650 1
328 1345 1
328 879 1
328 2479 1
328 441 1
328 655 1
328 1661 1
329 707 1
329 613 1
329 1737 1
329 1532 1
329 2110 1
329 2277 1
330 2129 1
330 364 1
330 486 1
330 470 1
330 1903 1
331 897 1
331 1991 1
331 559 1
331 2256 1
331 1499 1
332 392 1
332 2184 1
332 370 1
332 1107 1
332 1497 1
332 1979 1
333 1541 1
333 910 1
334 800 1
334 1496 1
334 596 1
334 1285 1
334 2326 1
335 731 1
335 1999 1
336 1808 1
336 1475 1
336 1100 1
336 390 1
336 1183 1
337 1410 1
337 651 1
337 933 1
337 843 1
337 1230 1
337 504 1
337 1750 1
337 376 1
337 665 1
337 2184 1
338 1930 1
339 1797 1
339 1928 1
339 1903 1
339 1971 1
339 2201 1
340 786 1
340 1874 1
340 2471 1
341 1244 1
341 1701 1
342 2084 1
342 2376 1
342 1295 1
342 1175 1
342 1060 1
342 2396 1
343 376 1
343 841 1
343 2406 1
343 1304 1
343 2193 1
344 2050 1
344 1701 1
344 1940 1
344 1982 1
344 1366 1
344 1822 1
345 1241 1
345 1034 1
345 419 1
345 1452 1
346 2146 1
346 1085 1
346 1582 1
346 1702 1
347 877 1
347 2207 1
348 2310 1
348 1350 1
348 1719 1
348 1072 1
348 1969 1
348 1908 1
348 2199 1
349 737 1
349 1642 1
349 1395 1
349 2388 1
349 1175 1
349 377 1
350 1925 1
350 599 1
351 1896 1
351 2177 1
351 1788 1
351 1759 1
352 640 1
352 642 1
352 775 1
352 391 1
352 913 1
352 2194 1
352 595 1
354 393 1
354 2314 1
354 2107 1
354 446 1
354 1727 1
355 1448 1
355 1778 1
355 755 1
355 1237 1
356 1219 1
356 2030 1
356 1206 1
356 1599 1
357 418 1
357 522 1
357 1675 1
357 1452 1
357 674 1
357 1711 1
357 1780 1
357 2197 1
357 2452 1
358 1048 1
358 539 1
358 988 1
358 2158 1
359 800 1
359 2244 1
359 1029 1
359 2281 1
359 1963 1
359 2061 1
359 1741 1
359 1069 1
359 403 1
360 1705 1
360 1354 1
360 2444 1
360 653 1
360 1651 1
361 2049 1
361 520 1
361 1906 1
361 1657 1
361 1372 1
361 2431 1
362 1112 1
362 1431 1
362 1079 1
363 1983 1
363 717 1
363 1230 1
363 1853 1
364 512 1
364 1456 1
364 668 1
364 861 1
365 1411 1
365 1823 1
366 2488 1
366 1951 1
366 1796 1
366 1815 1
367 2210 1
368 1925 1
368 1342 1
368 1535 1
369 402 1
369 573 1
369 1319 1
370 2336 1
370 2306 1
370 452 1
370 1257 1
370 1069 1
371 705 1
371 1540 1
371 901 1
371 2345 1
371 1453 1
371 824 1
371 2022 1
371 541 1
371 1279 1
372 811 1
372 2114 1
372 454 1
373 2426 1
373 1093 1
373 1575 1
373 1896 1
373 1076 1
373 826 1
374 833 1
374 836 1
374 2313 1
375 1609 1
375 2483 1
375 1220 1
376 1604 1
376 1653 1
377 2096 1
377 1663 1
377 1020 1
377 1405 1
378 2172 1
378 1012 1
379 665 1
379 2060 1
379 1221 1
379 1613 1
379 1607 1
380 1839 1
380 1752 1
380 990 1
381 1957 1
381 1036 1
381 1605 1
381 1598 1
382 1114 1
382 564 1
383 1448 1
383 1650 1
383 2450 1
383 438 1
383 2191 1
384 1376 1
384 1154 1
384 1252 1
384 843 1
384 1570 1
384 473 1
385 2440 1
385 2177 1
386 1906 1
386 1244 1
387 576 1
387 2176 1
387 1893 1
387 1511 1
387 2254 1
387 669 1
388 433 1
388 1229 1
388 1991 1
389 2341 1
389 1740 1
389 1591 1
389 2298 1
389 731 1
389 2362 1
389 1951 1
390 2342 1
390 1292 1
390 1677 1
390 630 1
391 1765 1
391 2406 1
392 1835 1
393 1926 1
393 1355 1
393 2434 1
393 1274 1
393 1789 1
394 1156 1
394 1671 1
394 1773 1
394 1614 1
394 465 1
394 1714 1
394 1332 1
394 919 1
395 635 1
395 499 1
395 2220 1
395 493 1
396 1144 1
396 2209 1
396 2217 1
397 1820 1
397 1460 1
397 1037 1
397 1253 1
398 1646 1
398 1941 1
398 1849 1
398 924 1
399 2232 1
399 786 1
399 708 1
399 1013 1
399 1630 1
400 490 1
400 1102 1
400 1049 1
401 2328 1
401 2457 1
401 582 1
402 2248 1
402 2243 1
402 1325 1
403 897 1
403 1731 1
403 968 1
403 495 1
403 792 1
403 2169 1
404 2056 1
404 1314 1
405 442 1
405 973 1
405 2170 1
405 829 1
406 1292 1
406 1690 1
407 1699 1
407 1349 1
407 2478 1
407 1683 1
407 2325 1
407 1212 1
407 1181 1
408 1634 1
408 2119 1
409 2438 1
410 1128 1
410 2154 1
410 653 1
411 2465 1
411 1905 1
411 2371 1
411 525 1
411 575 1
412 912 1
412 2004 1
412 1682 1
412 1644 1
412 2097 1
413 1861 1
413 1640 1
413 466 1
413 925 1
413 773 1
414 1640 1
414 2010 1
414 2051 1
415 2208 1
415 1672 1
415 969 1
415 1526 1
415 1978 1
415 1723 1
416 633 1
416 1274 1
416 2133 1
417 513 1
417 962 1
417 2339 1
417 1715 1
417 1812 1
417 1593 1
417 1306 1
418 967 1
418 1288 1
418 2185 1
418 2010 1
418 1916 1
418 703 1
419 2188 1
419 878 1
419 1296 1
419 2126 1
419 2446 1
419 952 1
419 1788 1
419 1437 1
420 1729 1
420 486 1
421 1315 1
421 1546 1
421 1620 1
421 1814 1
421 1466 1
421 2298 1
421 1982 1
421 2431 1
422 2355 1
422 1286 1
422 598 1
423 1955 1
423 1929 1
423 1812 1
423 1590 1
423 1657 1
423 507 1
424 648 1
424 1703 1
424 1589 1
424 2070 1
424 1400 1
425 1512 1
425 2113 1
425 1515 1
426 1365 1
426 1110 1
426 607 1
427 1673 1
427 665 1
427 927 1
427 1670 1
427 759 1
428 1858 1
428 1189 1
429 2339 1
429 1977 1
429 1250 1
429 715 1
430 1609 1
430 1407 1
431 1286 1
431 938 1
431 1869 1
431 2062 1
431 1908 1
431 2046 1
432 1496 1
432 709 1
432 670 1
432 2439 1
433 461 1
433 1262 1
433 655 1
433 2097 1
433 436 1
433 471 1
433 1853 1
434 900 1
434 1259 1
434 1932 1
434 1430 1
434 2265 1
435 668 1
435 2485 1
435 2071 1
436 928 1
436 561 1
437 1276 1
437 887 1
438 1153 1
438 2050 1
438 997 1
438 2132 1
438 1751 1
438 2077 1
439 832 1
439 1226 1
439 2131 1
439 1924 1
440 1136 1
440 681 1
440 1939 1
441 1747 1
441 1981 1
441 1655 1
442 1126 1
443 1629 1
443 1366 1
444 2176 1
444 741 1
444 2163 1
444 2156 1
444 1709 1
444 2478 1
444 2096 1
444 786 1
444 1619 1
444 859 1
445 514 1
445 739 1
445 983 1
445 1647 1
445 1682 1
445 1495 1
446 1824 1
446 2400 1
446 1647 1
446 500 1
447 1347 1
447 2377 1
447 621 1
447 1210 1
448 1958 1
448 2409 1
448 756 1
448 1785 1
448 1277 1
448 1086 1
449 2279 1
449 2473 1
449 875 1
449 1747 1
450 1754 1
450 973 1
450 1790 1
450 1725 1
451 1136 1
451 2074 1
451 979 1
452 2288 1
452 1019 1
452 828 1
452 493 1
453 2017 1
453 931 1
453 900 1
453 679 1
453 1424 1
453 1271 1
453 2328 1
453 1919 1
454 1477 1
454 1450 1
454 1454 1
454 943 1
454 2431 1
454 1723 1
454 1279 1
455 1837 1
455 1679 1
455 2356 1
455 918 1
455 1149 1
456 716 1
456 1422 1
456 2353 1
456 822 1
456 2295 1
456 1321 1
457 2145 1
457 2155 1
457 1892 1
457 766 1
458 490 1
458 1868 1
458 1742 1
458 791 1
459 1216 1
459 2497 1
459 2443 1
459 1288 1
459 939 1
459 2417 1
459 1879 1
459 826 1
460 800 1
460 2268 1
460 1827 1
460 716 1
460 2275 1
461 1924 1
461 1840 1
461 2002 1
461 2326 1
461 825 1
461 1209 1
462 1145 1
462 867 1
462 821 1
462 870 1
463 494 1
464 1225 1
464 1695 1
466 572 1
466 2403 1
466 540 1
467 753 1
467 674 1
467 876 1
467 1012 1
467 857 1
468 1176 1
468 2467 1
468 535 1
469 2408 1
469 1105 1
469 1178 1
469 1802 1
469 1762 1
470 1984 1
470 514 1
470 614 1
470 1552 1
470 856 1
471 1376 1
471 1515 1
471 973 1
471 500 1
471 1110 1
471 604 1
472 1429 1
472 1524 1
472 911 1
473 924 1
473 1143 1
473 756 1
474 1538 1
474 867 1
474 1700 1
474 1426 1
474 1493 1
474 2136 1
474 2303 1
475 1643 1
475 1931 1
475 1967 1
476 1538 1
476 549 1
476 2482 1
476 1652 1
476 2011 1
477 1344 1
477 1028 1
477 1229 1
477 1042 1
477 2195 1
477 1012 1
477 1173 1
477 1655 1
477 2142 1
478 1684 1
478 802 1
478 716 1
478 2489 1
479 2211 1
479 2181 1
479 1130 1
479 1295 1
479 1621 1
479 2170 1
479 1916 1
480 1279 1
480 2254 1
480 535 1
481 665 1
481 535 1
482 1028 1
482 550 1
482 2224 1
482 759 1
482 2138 1
482 1341 1
483 1185 1
483 1574 1
483 1320 1
483 1821 1
483 1498 1
483 764 1
483 1469 1
484 835 1
484 980 1
484 655 1
485 2080 1
485 1561 1
485 1292 1
485 1526 1
486 560 1
486 621 1
486 538 1
487 875 1
487 1592 1
487 2326 1
487 1432 1
487 1113 1
487 892 1
488 2040 1
488 548 1
488 801 1
489 2467 1
489 622 1
489 2287 1
489 1076 1
489 2422 1
489 1853 1
490 2441 1
490 2005 1
490 1337 1
490 540 1
491 2312 1
491 1449 1
491 2322 1
491 755 1
491 1997 1
492 1586 1
492 2427 1
492 2092 1
492 1942 1
493 1800 1
494 2282 1
495 2117 1
495 516 1
495 2207 1
496 1392 1
496 2058 1
497 612 1
497 1110 1
497 2300 1
497 2349 1
497 1398 1
497 1751 1
497 2459 1
497 636 1
498 904 1
498 810 1
498 1211 1
499 537 1
499 1369 1
500 2342 1
500 2055 1
500 2135 1
500 913 1
500 819 1
500 860 1
500 511 1
501 1697 1
501 1735 1
501 878 1
501 879 1
501 788 1
501 894 1
502 624 1
502 2130 1
502 2474 1
503 1217 1
503 1514 1
503 880 1
503 949 1
503 2333 1
503 1758 1
504 2417 1
504 2377 1
504 1907 1
504 628 1
504 2424 1
504 1503 1
505 2161 1
505 2359 1
506 2276 1
506 1285 1
506 1286 1
506 1290 1
506 1805 1
506 1142 1
506 2136 1
506 2058 1
506 607 1
507 2399 1
508 1588 1
508 2015 1
508 806 1
508 1609 1
509 2209 1
509 870 1
509 1300 1
509 645 1
509 654 1
510 1637 1
511 1952 1
511 2112 1
511 2282 1
511 1053 1
512 1819 1
512 1897 1
512 1795 1
512 2060 1
513 1954 1
513 931 1
513 774 1
513 1361 1
513 1267 1
513 1404 1
514 1089 1
514 1756 1
515 2234 1
515 1555 1
515 2027 1
516 613 1
517 680 1
517 1169 1
517 530 1
517 2456 1
518 1704 1
518 1977 1
518 2218 1
518 740 1
519 530 1
519 1170 1
519 1950 1
520 2369 1
520 1069 1
520 2189 1
520 1513 1
520 1080 1
520 1981 1
520 2110 1
521 2425 1
521 2078 1
521 558 1
521 1175 1
522 2370 1
522 1948 1
522 2287 1
523 1774 1
523 1534 1
524 680 1
524 1686 1
524 1847 1
524 1880 1
524 601 1
524 956 1
525 1511 1
525 2441 1
525 2060 1
525 2354 1
525 1273 1
525 785 1
526 760 1
526 1368 1
526 2338 1
526 1291 1
526 774 1
527 1825 1
527 770 1
527 611 1
527 1798 1
527 2346 1
527 2370 1
527 2479 1
527 688 1
527 1555 1
527 1269 1
527 1498 1
527 699 1
528 1235 1
529 2049 1
529 1828 1
529 1625 1
530 832 1
530 1514 1
530 837 1
531 2320 1
531 2444 1
531 1678 1
531 688 1
531 1971 1
531 2356 1
531 1326 1
532 1217 1
532 1229 1
532 1655 1
532 730 1
533 674 1
533 2406 1
533 778 1
533 2317 1
533 698 1
533 2044 1
533 1322 1
534 866 1
534 773 1
534 1607 1
534 1165 1
534 1877 1
534 1337 1
535 2146 1
535 782 1
535 2356 1
536 1842 1
536 1606 1
536 1421 1
536 1302 1
536 799 1
537 1807 1
537 1005 1
537 1296 1
537 1850 1
537 1787 1
538 2210 1
538 676 1
538 1671 1
538 2440 1
538 873 1
538 2224 1
538 1562 1
538 671 1
539 1220 1
539 1616 1
539 1111 1
539 1530 1
539 1850 1
540 1761 1
540 2061 1
541 1185 1
541 2243 1
541 841 1
541 2222 1
541 2223 1
541 1148 1
542 1057 1
542 708 1
542 1721 1
543 1088 1
543 971 1
543 1692 1
543 1981 1
544 2431 1
544 2349 1
545 2218 1
545 1979 1
545 2181 1
545 791 1
546 760 1
546 585 1
546 1274 1
546 1436 1
546 893 1
547 2237 1
547 1289 1
547 2149 1
547 727 1
548 2059 1
548 852 1
549 1107 1
550 1487 1
550 1620 1
550 1147 1
550 1693 1
550 2271 1
551 1290 1
551 2331 1
552 1561 1
552 598 1
553 2431 1
553 2427 1
553 2153 1
554 888 1
554 1528 1
554 1603 1
554 1132 1
554 653 1
555 2114 1
555 1124 1
555 1382 1
555 1132 1
555 1275 1
556 1066 1
556 2084 1
557 1469 1
558 2259 1
558 2284 1
559 1000 1
559 2012 1
559 1314 1
559 1508 1
560 1056 1
560 2466 1
560 2372 1
560 2118 1
560 893 1
561 2210 1
561 2402 1
561 2385 1
561 1780 1
562 706 1
562 802 1
562 2478 1
563 1968 1
563 1723 1
563 1893 1
564 1391 1
564 1811 1
564 1851 1
564 1469 1
565 1632 1
565 2205 1
565 2328 1
566 657 1
566 1099 1
566 667 1
566 1230 1
567 771 1
567 1668 1
567 1993 1
567 689 1
567 1048 1
567 1273 1
567 1725 1
568 2368 1
568 1522 1
568 2243 1
569 675 1
569 1460 1
570 2401 1
570 1702 1
571 2448 1
571 1375 1
571 1796 1
571 1493 1
571 1359 1
572 765 1
572 881 1
572 916 1
572 924 1
572 573 1
573 1450 1
573 1509 1
573 623 1
574 2120 1
574 2217 1
574 1073 1
574 1755 1
575 714 1
575 2253 1
575 723 1
575 763 1
576 849 1
576 2422 1
577 594 1
577 1806 1
578 1121 1
578 712 1
578 1323 1
578 602 1
578 1532 1
578 1790 1
578 1631 1
579 2337 1
579 1509 1
580 1715 1
580 1466 1
580 1435 1
580 2132 1
580 989 1
581 2262 1
581 2229 1
581 630 1
581 1791 1
582 904 1
582 1989 1
583 1850 1
583 781 1
583 723 1
583 2255 1
584 2360 1
584 2075 1
584 1655 1
585 1106 1
585 2479 1
587 712 1
587 1114 1
587 1235 1
587 2380 1
587 1130 1
588 944 1
588 1200 1
588 1248 1
588 2006 1
588 1233 1
589 1600 1
590 993 1
590 2003 1
591 2051 1
591 1923 1
591 983 1
592 1993 1
592 2015 1
592 837 1
592 1030 1
592 1087 1
594 1473 1
594 1275 1
594 849 1
595 808 1
595 1625 1
595 841 1
596 2384 1
596 1730 1
596 675 1
596 1670 1
596 1900 1
596 2224 1
596 2416 1
596 627 1
597 984 1
597 1345 1
597 972 1
598 1965 1
599 1697 1
599 913 1
599 1946 1
600 1794 1
601 1344 1
601 1616 1
601 1918 1
601 2465 1
601 1961 1
601 1935 1
601 688 1
601 1364 1
601 1589 1
601 2266 1
601 1808 1
602 1232 1
602 1353 1
602 2328 1
603 2305 1
603 1548 1
604 2314 1
604 911 1
604 1701 1
604 1502 1
605 1856 1
605 2066 1
605 2439 1
605 1575 1
606 2331 1
606 1707 1
606 1092 1
606 1125 1
607 896 1
607 745 1
607 1286 1
608 2189 1
609 2209 1
609 1123 1
609 1638 1
609 809 1
609 1173 1
609 2456 1
610 1633 1
610 2031 1
610 1719 1
610 2459 1
610 1917 1
610 863 1
611 2457 1
611 2015 1
612 1266 1
612 2346 1
612 1695 1
613 1570 1
613 2435 1
613 628 1
614 1734 1
614 2056 1
614 1978 1
614 1509 1
615 1125 1
615 1416 1
615 1135 1
615 816 1
615 1975 1
615 2181 1
616 1584 1
616 2444 1
616 1577 1
617 810 1
618 824 1
618 2053 1
618 2295 1
619 1371 1
619 2164 1
620 2089 1
620 963 1
620 2443 1
621 1452 1
622 882 1
622 1268 1
622 686 1
622 1673 1
623 1536 1
623 1307 1
623 1047 1
625 1732 1
625 1192 1
625 1233 1
625 1748 1
625 2007 1
626 1208 1
626 1161 1
626 1362 1
626 1647 1
627 1184 1
627 1281 1
627 2086 1
627 1031 1
627 1799 1
627 1174 1
627 728 1
628 2212 1
628 843 1
628 1007 1
628 1587 1
628 1309 1
628 2463 1
629 2033 1
629 2101 1
629 1252 1
629 1725 1
629 1821 1
630 1257 1
630 995 1
630 1645 1
631 1027 1
631 2362 1
631 2237 1
632 649 1
632 1338 1
633 1997 1
634 1280 1
634 2051 1
634 1496 1
635 652 1
635 2480 1
635 1571 1
636 2409 1
636 1131 1
636 1044 1
636 888 1
636 1220 1
636 667 1
637 1551 1
637 1419 1
637 959 1
638 1713 1
638 2123 1
638 2044 1
638 1086 1
639 1677 1
639 1166 1
639 1972 1
639 2266 1
640 1065 1
641 2249 1
642 1738 1
642 1858 1
642 1214 1
643 1633 1
643 2471 1
643 2122 1
643 1936 1
643 2358 1
643 2431 1
644 2028 1
644 850 1
644 1619 1
644 1947 1
645 1609 1
645 2057 1
645 2389 1
645 831 1
646 2240 1
646 1561 1
646 1700 1
647 1898 1
647 1165 1
648 1156 1
648 725 1
648 1593 1
648 888 1
648 1316 1
648 1786 1
649 1508 1
649 1996 1
649 1165 1
649 1694 1
649 964 1
649 1626 1
649 734 1
650 1859 1
650 716 1
651 1856 1
651 1217 1
651 1075 1
651 2010 1
651 1278 1
652 966 1
652 1479 1
653 2370 1
653 1513 1
653 876 1
653 1181 1
654 762 1
654 2445 1
655 2128 1
655 841 1
656 2264 1
656 1974 1
656 1247 1
657 871 1
657 2471 1
657 2092 1
657 1406 1
657 863 1
658 1889 1
658 1323 1
658 2484 1
658 1017 1
658 2426 1
658 1308 1
659 1747 1
660 1453 1
660 1682 1
660 2487 1
660 975 1
661 1380 1
661 1708 1
661 1455 1
661 1074 1
661 692 1
662 1507 1
662 1291 1
662 2041 1
662 793 1
662 2263 1
663 1654 1
664 1056 1
664 1239 1
665 1962 1
665 2005 1
666 803 1
666 715 1
666 782 1
666 2230 1
666 1948 1
668 1074 1
668 1687 1
669 1525 1
669 1191 1
670 873 1
670 694 1
671 1648 1
671 1125 1
671 1953 1
671 2410 1
671 1420 1
671 1040 1
671 1023 1
672 1257 1
672 2031 1
673 1420 1
673 1317 1
673 2198 1
673 2319 1
674 1578 1
674 2321 1
674 2066 1
675 923 1
675 1100 1
675 2097 1
675 1783 1
675 763 1
676 2344 1
676 2089 1
676 1731 1
676 1437 1
677 1544 1
677 897 1
677 874 1
677 2174 1
677 1287 1
678 1688 1
678 1890 1
678 1838 1
678 1991 1
679 954 1
679 911 1
680 2371 1
680 685 1
680 1010 1
680 1815 1
681 1572 1
681 1893 1
681 1820 1
681 1951 1
682 1858 1
682 1019 1
682 1220 1
682 2458 1
682 1734 1
683 1478 1
684 2051 1
684 2340 1
685 772 1
685 1809 1
685 807 1
685 2351 1
685 1000 1
685 888 1
685 2237 1
686 897 1
686 1701 1
686 1569 1
686 1995 1
686 1359 1
686 2360 1
686 2361 1
687 828 1
687 1294 1
687 1681 1
688 1607 1
688 1864 1
688 1554 1
688 1016 1
688 2172 1
689 718 1
690 1607 1
690 1646 1
690 918 1
690 1970 1
690 1910 1
691 1220 1
691 1093 1
691 1222 1
691 1423 1
691 2384 1
691 2129 1
691 952 1
691 2236 1
692 2426 1
692 2030 1
693 1776 1
693 1657 1
693 1162 1
693 942 1
694 1249 1
694 1403 1
694 2203 1
694 956 1
695 2425 1
695 708 1
695 1951 1
696 1264 1
696 1242 1
696 771 1
697 1500 1
697 1429 1
697 2094 1
698 1909 1
698 1733 1
699 1602 1
699 2059 1
699 941 1
699 2158 1
699 2481 1
699 1934 1
700 2048 1
700 2208 1
700 1047 1
700 1021 1
700 791 1
701 1474 1
701 2316 1
701 2271 1
702 1986 1
702 2178 1
702 1525 1
703 1814 1
703 725 1
703 1686 1
704 994 1
704 932 1
704 1804 1
704 1227 1
704 1772 1
704 1679 1
704 1393 1
704 1274 1
705 2041 1
705 1325 1
706 2330 1
706 1235 1
706 2358 1
707 1633 1
707 1313 1
707 1335 1
707 2264 1
708 1037 1
708 1909 1
708 953 1
708 1115 1
709 2001 1
709 1526 1
709 2137 1
710 2219 1
710 1741 1
710 1742 1
710 1223 1
711 2314 1
711 1203 1
712 1824 1
712 2308 1
712 934 1
712 910 1
712 1170 1
712 1562 1
712 2298 1
713 1288 1
713 1824 1
713 1815 1
713 2182 1
713 919 1
714 2147 1
714 1810 1
715 1308 1
715 2154 1
715 1028 1
716 1806 1
716 2297 1
717 2169 1
717 1355 1
717 1236 1
717 1770 1
718 2438 1
719 1968 1
719 2424 1
719 1866 1
719 2494 1
719 1814 1
720 2079 1
720 1195 1
720 1318 1
720 967 1
721 2070 1
721 1727 1
722 1004 1
722 812 1
722 1965 1
722 2127 1
723 2276 1
723 2097 1
723 2034 1
723 795 1
725 1189 1
725 1575 1
725 2096 1
725 1335 1
726 2393 1
726 958 1
728 1444 1
728 2476 1
728 1903 1
728 2068 1
728 1564 1
728 1341 1
729 1539 1
729 1950 1
729 1223 1
730 1649 1
730 1762 1
731 2310 1
731 1837 1
731 1423 1
731 1972 1
731 2079 1
732 1395 1
732 1427 1
733 2147 1
733 1924 1
734 2336 1
734 2139 1
735 1368 1
735 1627 1
735 2036 1
735 1031 1
736 2131 1
736 1715 1
736 1638 1
736 1567 1
737 1319 1
737 2288 1
737 2302 1
737 2195 1
737 1022 1
737 921 1
738 1024 1
738 2048 1
738 1443 1
738 1985 1
738 1454 1
738 2076 1
739 1888 1
740 933 1
740 882 1
740 2258 1
740 2230 1
740 2397 1
741 1465 1
741 1507 1
741 1453 1
741 1799 1
742 2488 1
742 1881 1
742 2038 1
742 1406 1
743 1314 1
743 964 1
743 1165 1
744 2470 1
744 1333 1
744 1222 1
744 2261 1
745 2104 1
745 1921 1
745 1339 1
745 1117 1
746 1184 1
746 1540 1
746 776 1
746 1385 1
746 2486 1
746 2492 1
747 770 1
747 805 1
747 1196 1
747 1488 1
747 2269 1
747 1502 1
748 1249 1
748 1706 1
748 1072 1
748 1427 1
748 1336 1
749 1327 1
749 2207 1
750 1606 1
750 1406 1
750 2157 1
751 1987 1
751 1130 1
752 1317 1
752 1766 1
752 903 1
752 1260 1
752 1070 1
752 2165 1
752 2138 1
753 2404 1
753 2469 1
753 1770 1
753 1553 1
753 1945 1
754 1030 1
754 2120 1
754 2153 1
754 1175 1
754 980 1
754 825 1
754 1945 1
755 1089 1
755 948 1
755 982 1
755 2172 1
756 2212 1
756 2121 1
756 1580 1
756 2071 1
756 2456 1
757 896 1
757 769 1
757 2163 1
757 767 1
757 2268 1
757 2015 1
758 1377 1
759 1315 1
759 1122 1
759 1719 1
760 2149 1
760 2413 1
760 1561 1
760 990 1
761 1090 1
761 2076 1
761 2316 1
761 2481 1
761 1939 1
761 2420 1
761 1948 1
761 1055 1
762 824 1
763 2076 1
763 1534 1
764 2327 1
764 1971 1
765 1433 1
765 1490 1
765 1070 1
766 940 1
766 2358 1
766 1518 1
767 1985 1
767 1786 1
767 1532 1
768 1340 1
768 1246 1
769 1739 1
769 1642 1
769 2475 1
769 2284 1
769 1487 1
770 2344 1
770 868 1
771 1253 1
771 1608 1
771 2293 1
771 1785 1
771 894 1
772 2104 1
772 1962 1
772 1733 1
773 1737 1
773 2397 1
773 2131 1
773 1875 1
773 2171 1
774 1320 1
774 1609 1
774 2130 1
774 1719 1
774 858 1
774 1819 1
775 1487 1
776 1160 1
776 1385 1
776 1904 1
776 1656 1
776 1368 1
777 1976 1
777 1513 1
777 2224 1
777 1715 1
778 1610 1
778 1739 1
778 972 1
778 1053 1
779 1105 1
779 1233 1
779 2128 1
779 1073 1
779 2226 1
780 1508 1
780 2313 1
780 1514 1
780 1968 1
780 1060 1
780 2365 1
781 1094 1
781 1766 1
781 1517 1
781 2032 1
781 1656 1
782 1986 1
782 1605 1
782 1070 1
782 2456 1
782 1912 1
782 2014 1
783 1280 1
783 1966 1
783 1743 1
783 2461 1
784 1900 1
784 1231 1
784 1629 1
785 2319 1
785 1883 1
785 2109 1
786 1006 1
786 1596 1
787 1545 1
787 2382 1
787 1085 1
787 1525 1
787 1757 1
787 1983 1
788 960 1
788 2016 1
788 1605 1
788 902 1
788 1546 1
788 2285 1
788 1454 1
788 2176 1
789 1656 1
789 1523 1
789 2318 1
790 2131 1
790 1229 1
791 2409 1
791 2255 1
791 1296 1
791 2393 1
791 1082 1
792 1602 1
792 1777 1
792 863 1
792 2269 1
792 1791 1
793 1547 1
793 2230 1
793 1399 1
793 1020 1
794 2488 1
794 1698 1
794 1783 1
795 2024 1
795 2096 1
795 2259 1
795 2347 1
796 2043 1
797 1483 1
797 1831 1
798 1352 1
798 1067 1
798 1292 1
798 1911 1
799 2208 1
799 1570 1
799 1311 1
800 1349 1
801 1083 1
802 2050 1
802 1547 1
802 1420 1
802 2287 1
802 2484 1
802 2110 1
803 1350 1
803 2218 1
803 1871 1
803 2032 1
803 1688 1
803 1117 1
804 1991 1
804 2478 1
804 1843 1
804 1559 1
804 1596 1
804 2301 1
805 1300 1
805 2446 1
806 1216 1
806 2387 1
807 1153 1
807 2444 1
807 1812 1
808 2396 1
808 1234 1
808 2172 1
809 855 1
809 2316 1
809 1814 1
810 1967 1
810 2391 1
810 1915 1
811 1828 1
811 2053 1
811 2287 1
811 2193 1
811 2422 1
811 2267 1
812 1572 1
812 2198 1
812 1775 1
813 1226 1
814 2283 1
814 1390 1
814 1487 1
814 1171 1
814 1838 1
814 847 1
814 1599 1
815 2195 1
815 2334 1
815 1182 1
816 2226 1
817 1892 1
817 2315 1
817 2318 1
817 2290 1
819 2298 1
819 931 1
819 1507 1
820 1317 1
820 937 1
820 877 1
820 1999 1
820 1079 1
820 1787 1
821 2184 1
821 1934 1
821 920 1
821 2325 1
822 864 1
822 2000 1
822 2389 1
823 1915 1
824 2427 1
826 989 1
827 1923 1
827 1038 1
827 1847 1
828 2372 1
828 1657 1
829 2178 1
829 1269 1
829 2053 1
829 1677 1
829 2253 1
829 1941 1
829 2398 1
830 1669 1
830 2398 1
830 1319 1
831 1314 1
831 1612 1
831 1068 1
831 889 1
831 1502 1
832 996 1
832 1807 1
832 2163 1
833 936 1
833 1176 1
833 1073 1
834 1489 1
834 2418 1
834 2140 1
835 1637 1
835 2449 1
835 1043 1
835 1076 1
835 1150 1
836 1949 1
836 1543 1
837 995 1
839 1489 1
839 1889 1
839 1157 1
839 1285 1
840 885 1
841 1228 1
841 947 1
841 1720 1
842 975 1
843 1611 1
843 1170 1
843 1276 1
844 1287 1
844 1643 1
844 2146 1
844 1211 1
844 1023 1
845 1234 1
846 1592 1
847 929 1
847 2438 1
847 1025 1
847 2345 1
847 903 1
847 1689 1
847 1055 1
848 1557 1
849 902 1
849 1129 1
849 1210 1
849 1754 1
849 1726 1
850 1859 1
850 904 1
850 1866 1
850 1676 1
851 1614 1
851 911 1
852 1955 1
852 1268 1
852 1927 1
852 2124 1
852 2032 1
852 2117 1
853 2145 1
853 2386 1
854 978 1
855 1025 1
855 1869 1
855 2481 1
855 2163 1
855 1016 1
856 1387 1
856 939 1
856 2145 1
857 1800 1
857 1741 1
857 893 1
857 1143 1
857 1949 1
858 960 1
858 1730 1
858 1229 1
858 1202 1
858 1687 1
859 1421 1
859 910 1
859 2422 1
859 1980 1
859 2109 1
860 1155 1
860 1494 1
860 2374 1
861 1186 1
861 1330 1
861 2279 1
862 1703 1
862 2344 1
862 2388 1
862 2293 1
862 2330 1
862 1691 1
863 1984 1
863 2112 1
863 1828 1
863 1808 1
864 1323 1
864 2351 1
864 1372 1
865 1216 1
865 2310 1
865 2150 1
866 2366 1
866 2039 1
866 1039 1
867 1440 1
867 941 1
867 1944 1
867 1109 1
867 1720 1
868 2395 1
868 1667 1
868 1058 1
870 1504 1
871 2279 1
871 1340 1
871 2260 1
872 1787 1
872 1638 1
872 1992 1
872 2083 1
872 1593 1
872 1307 1
873 1122 1
873 2381 1
873 1198 1
873 2035 1
874 1601 1
874 2387 1
874 1019 1
874 1870 1
875 1764 1
875 1006 1
875 990 1
876 2129 1
876 2122 1
877 2459 1
877 1092 1
877 1864 1
877 2276 1
877 2237 1
878 2080 1
878 966 1
878 1543 1
878 914 1
878 1815 1
878 2010 1
878 2229 1
879 1698 1
879 1194 1
880 1168 1
880 1217 1
881 2056 1
881 1580 1
881 2058 1
881 1324 1
881 2366 1
882 1236 1
882 2280 1
883 920 1
883 909 1
883 2293 1
884 1867 1
884 1124 1
884 1374 1
885 1098 1
885 1626 1
885 1453 1
886 1164 1
886 1590 1
886 1127 1
887 2273 1
887 1307 1
887 1951 1
888 1669 1
888 1140 1
888 1321 1
888 1368 1
888 1588 1
888 1020 1
889 1168 1
889 2248 1
889 2191 1
889 893 1
890 1184 1
890 1284 1
890 2341 1
890 1502 1
890 967 1
891 1161 1
891 1325 1
891 1393 1
891 1077 1
891 1590 1
891 1017 1
891 1724 1
891 1855 1
892 1498 1
892 1167 1
893 1377 1
893 1116 1
894 1250 1
894 1486 1
894 1907 1
895 1834 1
895 2044 1
895 2322 1
895 1791 1
896 2307 1
896 1165 1
896 1073 1
896 2454 1
896 1271 1
897 1122 1
897 1320 1
897 2281 1
897 1132 1
897 1736 1
897 2117 1
898 2283 1
898 1983 1
899 2335 1
899 1492 1
899 973 1
899 1078 1
899 2293 1
900 2240 1
900 1143 1
901 1281 1
901 2227 1
901 1902 1
901 2001 1
901 1074 1
901 987 1
902 1948 1
903 1945 1
904 1286 1
904 1110 1
905 1610 1
905 939 1
905 1742 1
905 1269 1
905 1915 1
906 1026 1
906 2406 1
906 976 1
906 2225 1
906 2037 1
906 2204 1
907 978 1
907 997 1
908 978 1
908 1595 1
908 1956 1
908 1747 1
909 1632 1
909 1146 1
909 2004 1
909 1485 1
910 1348 1
910 2060 1
910 1166 1
910 1458 1
910 1532 1
910 1918 1
911 1992 1
912 1680 1
912 1228 1
913 1701 1
913 1256 1
913 1210 1
914 2006 1
914 1773 1
914 1407 1
915 1156 1
915 2299 1
916 1145 1
916 2353 1
917 1949 1
917 1325 1
917 1725 1
918 1897 1
918 1269 1
918 1659 1
918 1758 1
919 1206 1
920 1231 1
921 2431 1
921 1995 1
921 2153 1
921 999 1
922 1997 1
923 953 1
923 2283 1
923 1881 1
924 928 1
924 1228 1
924 2066 1
924 1940 1
925 2178 1
925 1067 1
925 2350 1
925 2149 1
926 1674 1
926 2483 1
926 2436 1
926 2482 1
927 2122 1
927 2311 1
929 2090 1
929 1982 1
929 1358 1
930 2065 1
930 2354 1
930 1622 1
931 2120 1
931 2125 1
931 1038 1
931 1010 1
931 1236 1
931 1822 1
931 933 1
932 1897 1
932 1980 1
933 2310 1
933 1599 1
934 2016 1
934 1909 1
935 1958 1
935 937 1
935 1649 1
935 1652 1
935 1502 1
935 2495 1
936 2179 1
936 1381 1
936 2342 1
936 1457 1
936 2419 1
937 999 1
937 2058 1
937 2287 1
937 1082 1
938 2320 1
938 1277 1
938 1942 1
939 2006 1
939 1526 1
939 1754 1
939 2397 1
940 1607 1
940 2222 1
940 1369 1
940 1533 1
941 1697 1
941 1744 1
941 1362 1
941 2038 1
941 1087 1
943 1358 1
943 1169 1
943 2206 1
943 1533 1
943 1438 1
943 1887 1
944 2469 1
944 2095 1
944 1073 1
944 2035 1
944 1662 1
945 1546 1
945 1452 1
945 1235 1
945 2421 1
945 2042 1
945 1630 1
946 2368 1
946 1145 1
946 1845 1
947 1090 1
947 1265 1
947 1717 1
947 2358 1
947 2153 1
948 1282 1
948 2471 1
948 1097 1
948 1968 1
948 1239 1
948 1625 1
948 1405 1
948 1843 1
949 1043 1
949 1429 1
951 1816 1
951 2096 1
951 2011 1
951 2177 1
952 2124 1
952 1546 1
952 1719 1
952 1548 1
952 1620 1
952 1731 1
952 1149 1
953 1040 1
953 2040 1
953 1070 1
954 1310 1
955 2003 1
955 2176 1
955 1598 1
955 1550 1
955 1246 1
956 1316 1
956 1445 1
956 2286 1
956 1295 1
956 1429 1
956 2015 1
957 2083 1
957 1131 1
957 1035 1
957 1949 1
957 1659 1
958 2218 1
958 2116 1
958 1511 1
959 1441 1
959 1499 1
959 2006 1
960 1676 1
960 1461 1
960 1909 1
961 1728 1
961 1666 1
961 2351 1
962 2210 1
962 2474 1
962 2285 1
962 1202 1
962 2486 1
963 2468 1
964 1601 1
964 1378 1
964 1800 1
964 1046 1
965 2094 1
965 1805 1
966 2341 1
966 1481 1
966 1581 1
966 1432 1
967 1898 1
967 1146 1
968 1728 1
968 2403 1
968 1924 1
968 2167 1
969 1286 1
969 2306 1
969 1745 1
970 2411 1
970 2435 1
970 2365 1
971 1241 1
971 2407 1
971 1809 1
971 1278 1
972 1920 1
972 1641 1
972 2130 1
973 1218 1
974 1592 1
974 2440 1
974 2179 1
974 1884 1
975 1128 1
975 1455 1
975 1384 1
975 1972 1
975 1787 1
975 2268 1
976 1414 1
977 2448 1
977 1396 1
977 1076 1
977 1925 1
977 1982 1
978 1408 1
978 2449 1
978 1503 1
979 1411 1
979 1319 1
980 2135 1
980 1237 1
980 1431 1
980 2173 1
981 1248 1
981 1698 1
981 2290 1
981 2018 1
981 1650 1
981 1396 1
981 1277 1
981 1374 1
982 1411 1
982 1647 1
982 1651 1
982 1172 1
983 2375 1
983 1079 1
984 2337 1
984 2470 1
984 1264 1
984 2137 1
984 1626 1
984 2045 1
985 1058 1
985 2371 1
985 1225 1
985 1809 1
985 2281 1
985 1084 1
986 1571 1
986 2155 1
986 1011 1
986 2495 1
987 1002 1
988 2496 1
988 1707 1
988 2029 1
988 1390 1
988 1523 1
988 1335 1
989 1508 1
989 2125 1
989 2099 1
989 1045 1
989 1915 1
989 1978 1
990 1282 1
990 2470 1
990 2291 1
991 1899 1
991 1255 1
993 1088 1
993 2038 1
994 1529 1
994 1936 1
995 2086 1
995 2089 1
995 1389 1
995 1328 1
995 2296 1
996 1099 1
996 1125 1
996 2255 1
996 1831 1
997 2437 1
997 2320 1
997 1757 1
998 1177 1
998 2081 1
999 1303 1
999 2277 1
1000 1714 1
1000 2423 1
1001 1859 1
1001 1004 1
1001 1955 1
1001 2426 1
1001 2205 1
1001 1407 1
1002 1075 1
1002 2100 1
1002 1731 1
1002 2097 1
1003 1124 1
1003 1067 1
1003 1231 1
1003 1520 1
1003 1907 1
1004 2005 1
1006 1832 1
1006 2287 1
1006 2454 1
1006 2075 1
1007 1902 1
1007 1439 1
1009 1578 1
1010 1419 1
1010 1367 1
1011 2214 1
1011 1998 1
1012 1730 1
1012 1996 1
1012 1555 1
1012 1115 1
1013 2424 1
1013 1439 1
1014 2198 1
1015 1643 1
1015 1445 1
1015 2446 1
1016 1305 1
1017 1925 1
1017 2135 1
1017 2415 1
1017 2487 1
1018 1798 1
1018 1191 1
1018 1518 1
1018 1903 1
1018 1875 1
1019 1384 1
1019 1294 1
1019 1520 1
1019 1846 1
1020 1233 1
1020 2154 1
1021 1153 1
1021 2053 1
1021 2126 1
1021 1811 1
1021 1758 1
1022 2434 1
1022 1319 1
1022 2483 1
1022 2003 1
1022 1629 1
1022 1759 1
1023 1316 1
1023 2152 1
1023 1994 1
1023 1355 1
1023 2190 1
1023 2107 1
1024 1211 1
1024 1341 1
1024 1765 1
1025 1515 1
1025 1797 1
1025 1771 1
1025 2124 1
1025 1683 1
1027 1992 1
1027 2103 1
1027 1510 1
1028 1292 1
1029 2388 1
1029 1045 1
1029 1178 1
1029 2109 1
1030 1440 1
1030 2285 1
1031 2032 1
1031 2167 1
1032 2008 1
1032 2484 1
1032 1069 1
1032 1741 1
1034 1645 1
1034 1398 1
1034 2203 1
1035 1927 1
1035 1159 1
1036 1639 1
1036 1613 1
1036 1235 1
1036 1310 1
1037 1056 1
1037 1419 1
1037 1405 1
1037 2040 1
1037 2457 1
1037 1885 1
1038 1253 1
1038 1996 1
1038 1043 1
1038 1046 1
1038 2461 1
1039 1057 1
1039 1829 1
1039 1505 1
1039 1898 1
1039 1186 1
1039 1518 1
1039 1776 1
1039 2136 1
1039 1887 1
1040 2355 1
1040 2418 1
1041 1921 1
1041 1898 1
1041 1085 1
1041 1054 1
1041 2199 1
1042 2363 1
1043 1065 1
1043 1673 1
1043 2074 1
1044 1131 1
1044 1737 1
1044 1112 1
1044 1179 1
1044 1372 1
1045 1496 1
1045 1854 1
1046 1724 1
1046 2346 1
1046 1628 1
1047 1516 1
1047 1078 1
1048 2334 1
1048 1898 1
1049 1793 1
1049 1122 1
1049 2437 1
1049 1607 1
1049 2163 1
1049 1304 1
1050 1241 1
1050 1092 1
1050 1844 1
1051 1955 1
1051 1197 1
1051 1425 1
1051 1406 1
1052 1735 1
1053 1066 1
1054 1400 1
1055 2179 1
1055 2121 1
1055 1099 1
1055 1209 1
1056 2352 1
1056 2149 1
1056 2086 1
1056 2188 1
1056 1750 1
1056 2203 1
1058 2470 1
1058 2096 1
1058 2449 1
1058 1110 1
1058 1593 1
1059 1224 1
1059 1689 1
1059 1882 1
1059 1519 1
1060 1395 1
1060 2342 1
1060 2383 1
1061 1818 1
1061 1748 1
1061 1898 1
1061 1087 1
1062 2427 1
1062 1937 1
1063 2099 1
1063 1138 1
1064 1378 1
1064 1661 1
1065 2083 1
1065 2469 1
1065 1227 1
1065 2258 1
1065 2196 1
1065 2035 1
1066 2217 1
1066 2330 1
1067 1622 1
1068 2041 1
1068 1373 1
1069 2055 1
1069 1471 1
1070 1548 1
1070 1074 1
1071 1903 1
1071 1395 1
1071 2213 1
1072 2277 1
1072 1900 1
1072 1857 1
1073 2446 1
1073 2270 1
1073 1078 1
1074 1281 1
1074 1409 1
1075 2187 1
1075 2195 1
1075 2168 1
1076 1258 1
1076 2153 1
1076 1738 1
1077 1240 1
1077 2203 1
1078 2049 1
1078 1881 1
1079 2274 1
1079 1223 1
1079 2153 1
1079 2190 1
1079 1403 1
1080 2088 1
1080 1251 1
1081 1293 1
1081 1528 1
1081 1497 1
1081 2330 1
1081 1820 1
1082 1793 1
1082 1576 1
1083 2084 1
1083 1421 1
1083 1233 1
1084 1756 1
1084 2004 1
1085 2438 1
1085 1799 1
1085 2326 1
1085 2493 1
1086 2497 1
1086 2178 1
1086 2164 1
1086 2169 1
1086 2266 1
1087 1217 1
1088 1859 1
1088 1350 1
1089 1659 1
1089 1266 1
1089 1413 1
1090 1316 1
1091 1187 1
1092 1249 1
1092 2023 1
1093 1615 1
1093 1157 1
1094 1443 1
1094 2254 1
1094 1557 1
1094 1848 1
1094 2462 1
1095 1184 1
1095 2035 1
1095 2467 1
1096 2366 1
1097 2088 1
1097 1889 1
1097 1234 1
1097 2157 1
1098 2340 1
1098 1164 1
1099 2368 1
1099 2223 1
1099 1589 1
1099 1560 1
1099 2239 1
1100 2374 1
1100 1287 1
1100 1581 1
1100 2101 1
1100 2072 1
1100 1561 1
1101 2320 1
1101 1282 1
1101 1860 1
1101 2085 1
1101 2118 1
1104 2319 1
1104 1857 1
1104 1947 1
1104 1719 1
1105 1712 1
1105 1786 1
1106 1855 1
1106 1537 1
1107 2370 1
1107 1740 1
1107 1255 1
1107 2351 1
1107 1957 1
1108 1754 1
1108 1522 1
1108 1829 1
1108 1445 1
1108 1722 1
1109 1937 1
1109 1372 1
1110 1626 1
1111 1433 1
1111 1960 1
1112 1351 1
1112 2236 1
1112 1418 1
1113 2404 1
1113 1935 1
1113 1875 1
1113 2039 1
1114 2017 1
1115 1704 1
1115 1514 1
1116 1911 1
1117 1535 1
1117 1369 1
1118 1704 1
1119 1440 1
1119 1988 1
1119 2118 1
1119 2119 1
1119 1130 1
1119 2420 1
1119 1429 1
1119 1591 1
1119 2490 1
1120 1224 1
1120 1720 1
1120 1842 1
1120 2480 1
1120 2254 1
1121 2049 1
1121 1655 1
1121 2301 1
1121 1239 1
1122 2468 1
1122 1478 1
1122 2023 1
1122 2247 1
1122 2476 1
1122 2043 1
1122 1305 1
1122 1246 1
1123 1612 1
1125 1697 1
1125 2092 1
1125 2076 1
1126 1329 1
1126 2378 1
1127 1720 1
1128 2084 1
1128 1413 1
1128 1227 1
1128 1840 1
1128 1208 1
1129 2099 1
1130 2069 1
1130 1946 1
1131 1794 1
1131 1678 1
1131 1333 1
1131 1524 1
1132 2400 1
1132 1799 1
1132 1144 1
1132 1401 1
1132 1662 1
1133 1159 1
1133 1258 1
1133 2158 1
1133 1788 1
1134 2473 1
1134 1410 1
1134 2073 1
1134 1185 1
1135 2016 1
1135 1676 1
1135 1238 1
1136 1418 1
1136 1151 1
1137 1766 1
1137 1959 1
1137 2257 1
1137 1908 1
1137 1337 1
1138 1554 1
1138 1991 1
1138 1924 1
1138 1909 1
1139 1216 1
1139 2366 1
1139 2415 1
1140 2163 1
1140 1172 1
1140 1565 1
1142 2210 1
1143 2021 1
1143 2294 1
1144 2124 1
1144 2038 1
1144 1486 1
1145 1546 1
1145 2005 1
1145 1592 1
1145 2105 1
1145 2138 1
1146 1204 1
1146 1758 1
1147 1835 1
1147 2158 1
1147 1245 1
1147 1648 1
1147 1469 1
1148 1641 1
1148 2298 1
1148 1891 1
1148 2164 1
1149 1952 1
1149 1443 1
1149 1348 1
1149 1923 1
1150 2468 1
1150 2481 1
1150 2261 1
1150 1237 1
1151 1849 1
1151 1716 1
1152 1949 1
1152 2304 1
1152 1596 1
1152 1509 1
1153 1575 1
1154 1664 1
1154 2311 1
1154 2187 1
1154 1885 1
1154 1399 1
1155 1518 1
1155 2223 1
1155 1904 1
1155 2101 1
1155 1849 1
1155 1375 1
1156 2032 1
1156 2314 1
1157 2090 1
1157 1285 1
1158 1613 1
1158 1710 1
1158 1520 1
1158 2129 1
1158 2299 1
1158 1470 1
1159 1636 1
1160 1674 1
1160 2219 1
1161 1179 1
1162 2314 1
1162 1643 1
1162 1626 1
1162 1299 1
1163 1962 1
1163 1195 1
1164 1889 1
1164 2244 1
1164 1772 1
1164 2457 1
1165 2082 1
1165 1558 1
1166 1939 1
1166 1325 1
1167 2464 1
1167 1449 1
1167 2090 1
1167 1590 1
1167 2010 1
1167 1279 1
1168 1412 1
1168 1449 1
1168 1342 1
1169 1424 1
1169 1484 1
1170 1682 1
1171 1243 1
1172 2230 1
1172 1487 1
1173 1274 1
1173 1988 1
1173 1302 1
1174 2384 1
1174 1616 1
1174 2001 1
1174 2418 1
1174 2235 1
1175 1492 1
1175 1557 1
1176 2334 1
1177 1952 1
1178 2409 1
1178 1690 1
1179 1539 1
1179 2463 1
1180 2345 1
1180 2497 1
1181 1933 1
1181 2136 1
1181 1402 1
1184 1606 1
1184 1645 1
1185 1592 1
1186 1256 1
1186 1676 1
1186 1398 1
1187 1664 1
1187 2254 1
1187 1464 1
1188 1327 1
1189 2364 1
1190 1737 1
1190 2418 1
1190 1726 1
1191 1639 1
1193 1573 1
1194 1734 1
1194 1739 1
1194 1881 1
1194 2364 1
1194 1887 1
1195 2210 1
1195 1317 1
1195 1357 1
1195 1710 1
1195 2456 1
1196 1296 1
1196 2023 1
1196 2031 1
1196 2108 1
1197 2129 1
1197 1452 1
1198 1673 1
1198 2158 1
1198 2425 1
1198 1786 1
1198 1337 1
1199 1380 1
1199 1607 1
1199 2155 1
1199 1645 1
1199 1357 1
1199 2203 1
1200 1387 1
1200 1485 1
1200 2197 1
1201 2422 1
1202 1999 1
1203 2289 1
1203 1228 1
1204 1385 1
1204 1429 1
1204 1594 1
1205 1667 1
1205 1925 1
1205 1481 1
1205 2487 1
1205 2033 1
1205 2227 1
1205 2025 1
1206 2498 1
1206 1891 1
1207 1314 1
1207 2278 1
1207 1874 1
1207 1524 1
1207 1564 1
1207 1759 1
1208 2402 1
1208 1493 1
1208 1273 1
1210 1898 1
1210 1227 1
1210 1581 1
1210 1754 1
1211 2015 1
1212 1361 1
1212 1761 1
1213 1553 1
1214 2325 1
1215 1756 1
1215 1285 1
1215 2373 1
1216 2461 1
1217 2211 1
1217 2438 1
1218 2245 1
1219 1264 1
1219 2183 1
1219 1779 1
1219 1303 1
1219 1246 1
1220 2193 1
1221 2329 1
1221 1234 1
1221 1227 1
1221 2377 1
1222 2273 1
1222 1253 1
1223 1871 1
1223 1401 1
1224 2020 1
1224 1735 1
1224 1833 1
1224 2449 1
1224 2074 1
1225 1488 1
1225 2225 1
1226 1657 1
1226 2034 1
1227 2223 1
1228 1572 1
1228 1983 1
1229 1469 1
1229 2468 1
1230 1685 1
1230 1977 1
1231 1379 1
1232 1600 1
1232 1353 1
1233 1533 1
1234 1258 1
1234 1340 1
1234 2495 1
1235 2099 1
1235 2389 1
1235 1564 1
1236 2470 1
1236 2317 1
1236 2417 1
1236 1908 1
1237 2024 1
1237 1866 1
1237 2293 1
1237 1275 1
1237 2236 1
1238 2338 1
1238 2172 1
1239 1807 1
1240 1656 1
1240 1561 1
1240 1294 1
1241 2309 1
1242 1536 1
1242 2003 1
1242 1669 1
1243 1363 1
1244 2276 1
1244 1955 1
1245 1513 1
1246 1769 1
1247 1382 1
1247 2217 1
1247 1619 1
1247 1878 1
1248 1326 1
1248 2397 1
1248 1341 1
1249 1788 1
1249 1575 1
1250 2180 1
1250 1959 1
1250 2349 1
1250 1330 1
1250 2004 1
1250 1689 1
1251 1631 1
1252 1504 1
1252 2049 1
1252 1777 1
1252 2056 1
1252 2250 1
1252 1937 1
1252 2462 1
1252 1561 1
1252 2110 1
1253 2154 1
1253 1931 1
1253 2454 1
1253 2186 1
1254 2217 1
1254 1667 1
1254 1485 1
1255 2472 1
1255 2153 1
1255 1805 1
1255 1947 1
1256 1361 1
1256 1962 1
1256 2200 1
1257 2179 1
1257 1682 1
1257 2031 1
1257 1488 1
1257 2133 1
1257 1949 1
1258 2404 1
1259 2450 1
1259 2070 1
1261 1390 1
1261 2167 1
1262 1280 1
1262 2281 1
1263 1337 1
1263 1698 1
1263 1635 1
1263 1917 1
1263 2486 1
1264 2323 1
1264 1729 1
1265 2086 1
1265 1456 1
1265 1940 1
1265 2267 1
1265 2012 1
1267 2212 1
1267 2300 1
1267 1758 1
1268 1896 1
1269 1536 1
1269 2345 1
1269 1848 1
1269 1977 1
1269 2046 1
1270 2265 1
1270 1997 1
1271 2285 1
1271 1943 1
1272 2009 1
1272 2186 1
1272 1583 1
1273 1300 1
1274 2210 1
1274 2255 1
1275 2081 1
1275 2118 1
1275 1390 1
1276 1664 1
1276 1421 1
1276 1493 1
1277 2027 1
1278 2380 1
1279 1897 1
1280 2094 1
1280 2131 1
1280 1814 1
1281 2346 1
1281 1969 1
1282 1441 1
1282 1537 1
1282 1997 1
1283 1608 1
1283 2256 1
1283 2030 1
1284 1499 1
1284 2058 1
1284 2405 1
1285 1692 1
1286 2051 1
1286 1747 1
1287 2288 1
1287 2001 1
1288 1900 1
1288 1769 1
1289 1538 1
1289 1862 1
1290 1431 1
1290 2295 1
1291 1489 1
1291 2457 1
1291 1562 1
1292 2439 1
1292 2167 1
1293 1331 1
1294 1442 1
1294 1476 1
1294 2087 1
1294 2197 1
1294 1764 1
1294 2351 1
1295 2452 1
1295 1338 1
1296 2201 1
1297 1699 1
1297 2455 1
1297 2351 1
1297 2133 1
1297 1367 1
1297 1935 1
1298 2349 1
1299 1568 1
1299 1761 1
1299 1933 1
1299 1618 1
1299 2236 1
1300 2479 1
1300 2132 1
1300 1972 1
1301 1850 1
1301 1443 1
1301 1727 1
1303 1722 1
1303 2365 1
1304 1360 1
1305 1382 1
1305 2122 1
1305 1870 1
1305 2164 1
1307 2016 1
1307 2185 1
1307 1652 1
1308 1625 1
1308 1573 1
1308 1599 1
1309 1819 1
1310 2403 1
1310 1522 1
1310 1948 1
1311 1577 1
1311 2311 1
1312 1465 1
1312 1538 1
1312 2100 1
1312 2218 1
1312 1399 1
1313 1381 1
1313 1433 1
1314 1792 1
1314 1731 1
1315 2296 1
1315 2322 1
1316 1669 1
1316 2437 1
1316 1486 1
1316 2461 1
1317 1571 1
1317 2341 1
1317 2063 1
1317 1781 1
1317 2006 1
1317 2271 1
1319 2269 1
1321 1861 1
1321 2078 1
1321 2032 1
1321 1982 1
1321 1598 1
1322 1464 1
1322 2198 1
1323 2117 1
1323 1586 1
1323 2165 1
1323 1690 1
1324 2482 1
1325 1959 1
1325 1931 1
1325 2381 1
1325 2448 1
1325 2137 1
1325 1621 1
1326 1954 1
1326 2438 1
1326 2193 1
1326 1465 1
1326 2003 1
1327 2060 1
1327 1613 1
1327 1622 1
1327 1916 1
1328 1504 1
1328 1729 1
1328 2325 1
1328 2395 1
1328 1898 1
1329 2389 1
1331 2474 1
1331 1605 1
1332 1709 1
1332 2178 1
1333 1807 1
1333 1615 1
1333 2111 1
1334 2087 1
1335 2408 1
1336 2254 1
1336 2496 1
1336 1734 1
1336 1718 1
1337 1731 1
1337 1339 1
1337 2300 1
1338 1668 1
1338 2285 1
1338 1817 1
1338 2302 1
1339 1606 1
1339 2218 1
1340 2408 1
1340 2324 1
1340 1564 1
1340 2239 1
1343 1523 1
1343 1830 1
1344 1709 1
1345 1667 1
1346 1380 1
1346 1764 1
1346 2413 1
1347 1814 1
1347 1383 1
1347 1544 1
1347 1679 1
1347 1398 1
1347 2296 1
1348 2349 1
1348 1878 1
1348 1951 1
1349 1385 1
1349 2185 1
1350 2466 1
1350 1418 1
1350 1809 1
1351 1601 1
1351 1510 1
1351 1704 1
1351 1930 1
1351 1520 1
1351 1555 1
1352 2433 1
1353 1544 1
1353 1687 1
1354 2182 1
1354 1639 1
1354 2251 1
1354 2321 1
1354 2421 1
1354 2231 1
1355 1458 1
1355 1498 1
1355 1755 1
1356 1888 1
1356 2185 1
1356 1927 1
1357 2482 1
1357 2488 1
1357 1810 1
1357 2360 1
1357 2428 1
1358 2373 1
1358 1537 1
1358 1707 1
1358 2072 1
1359 2295 1
1359 2161 1
1359 1623 1
1359 2264 1
1359 2328 1
1360 1920 1
1360 1991 1
1360 2249 1
1360 1387 1
1360 2131 1
1360 2233 1
1361 2306 1
1361 2023 1
1361 1579 1
1361 1965 1
1361 1428 1
1361 2392 1
1362 1560 1
1362 1430 1
1362 2238 1
1363 1712 1
1363 1498 1
1365 1713 1
1365 2213 1
1365 1739 1
1366 2195 1
1366 1885 1
1366 2127 1
1367 2368 1
1367 1768 1
1367 1514 1
1367 1491 1
1367 1919 1
1367 1663 1
1368 1404 1
1369 2362 1
1370 1712 1
1371 1377 1
1371 1443 1
1371 2148 1
1371 2407 1
1374 2360 1
1374 1714 1
1375 1824 1
1375 2008 1
1375 2425 1
1375 2397 1
1376 2230 1
1377 2417 1
1377 2102 1
1378 1992 1
1378 2476 1
1378 1430 1
1379 2128 1
1379 2408 1
1379 2187 1
1380 2344 1
1380 2352 1
1381 1680 1
1382 2152 1
1383 1960 1
1383 1844 1
1383 2379 1
1384 2274 1
1384 1910 1
1384 1790 1
1384 2421 1
1386 1590 1
1387 2374 1
1388 2416 1
1388 2298 1
1388 2394 1
1388 1541 1
1389 1632 1
1389 1669 1
1389 2154 1
1389 1851 1
1389 1470 1
1390 2157 1
1390 2092 1
1390 1773 1
1391 2472 1
1391 1852 1
1394 2185 1
1395 1519 1
1395 2324 1
1396 1718 1
1397 1775 1
1398 2417 1
1398 2323 1
1399 1515 1
1399 1671 1
1400 1508 1
1400 1836 1
1400 2452 1
1400 1720 1
1400 1755 1
1401 1797 1
1402 1718 1
1402 2471 1
1402 2454 1
1402 2074 1
1402 2142 1
1403 2020 1
1403 1807 1
1403 1682 1
1403 2003 1
1403 2200 1
1404 2156 1
1405 1473 1
1405 1607 1
1406 1934 1
1406 1624 1
1407 1536 1
1407 1811 1
1407 2492 1
1409 1732 1
1410 2288 1
1410 2467 1
1410 2309 1
1411 2321 1
1411 2129 1
1411 1784 1
1411 1722 1
1412 2097 1
1412 1932 1
1412 1669 1
1413 1954 1
1413 1636 1
1413 2059 1
1413 1526 1
1413 2264 1
1414 1953 1
1415 1856 1
1415 1741 1
1416 1498 1
1416 1791 1
1416 2215 1
1417 2064 1
1417 2334 1
1417 2218 1
1418 2069 1
1418 1592 1
1419 1814 1
1420 2243 1
1420 2457 1
1420 1855 1
1421 2499 1
1422 1461 1
1423 1899 1
1424 1837 1
1424 1436 1
1424 1545 1
1425 1486 1
1425 1840 1
1426 2403 1
1426 1469 1
1427 1592 1
1428 1624 1
1428 1936 1
1428 2438 1
1429 1781 1
1430 1513 1
1430 2122 1
1430 1647 1
1431 2077 1
1432 2274 1
1432 2245 1
1432 1480 1
1434 1763 1
1434 1549 1
1435 1894 1
1436 1511 1
1436 1547 1
1436 1585 1
1436 1783 1
1436 2170 1
1437 2405 1
1437 2376 1
1437 1526 1
1438 1985 1
1438 2468 1
1438 2113 1
1438 2155 1
1438 2124 1
1438 2004 1
1439 2236 1
1439 1475 1
1439 2004 1
1440 1610 1
1440 1459 1
1440 2036 1
1440 2218 1
1441 1753 1
1442 1768 1
1442 1917 1
1442 1726 1
1442 1749 1
1443 1996 1
1443 1589 1
1443 2204 1
1444 1940 1
1445 2435 1
1445 1842 1
1445 2425 1
1446 1467 1
1447 2137 1
1447 1820 1
1449 1771 1
1449 1822 1
1451 1897 1
1451 1741 1
1452 1702 1
1452 2429 1
1454 2339 1
1454 2094 1
1454 2105 1
1454 1753 1
1454 1630 1
1455 2047 1
1456 2109 1
1457 1980 1
1458 2396 1
1459 1864 1
1459 2421 1
1459 2119 1
1460 1994 1
1460 2348 1
1461 2498 1
1462 1736 1
1462 2046 1
1462 1670 1
1462 2391 1
1463 2032 1
1463 1786 1
1463 2014 1
1464 1467 1
1464 1843 1
1465 2307 1
1465 1832 1
1465 1490 1
1465 2453 1
1465 1849 1
1466 2247 1
1466 1822 1
1468 1821 1
1468 1671 1
1471 2272 1
1471 1894 1
1471 1784 1
1471 2106 1
1472 2057 1
1472 1874 1
1472 2325 1
1472 2264 1
1472 1787 1
1473 1482 1
1473 1692 1
1473 1479 1
1476 1926 1
1476 1976 1
1477 2075 1
1478 2041 1
1479 2160 1
1479 2108 1
1480 1819 1
1480 1573 1
1480 2391 1
1481 2081 1
1481 2387 1
1481 2493 1
1482 2116 1
1482 1921 1
1482 2442 1
1482 1772 1
1482 1907 1
1483 1568 1
1483 1704 1
1483 2028 1
1483 1533 1
1484 2306 1
1484 1836 1
1485 1888 1
1485 1701 1
1485 1677 1
1486 2217 1
1486 1997 1
1487 1726 1
1488 1768 1
1488 1494 1
1488 1724 1
1489 1817 1
1489 2206 1
1490 2113 1
1491 1833 1
1491 1694 1
1492 2407 1
1492 1971 1
1493 1943 1
1494 1510 1
1495 1953 1
1495 1771 1
1496 2253 1
1496 1847 1
1496 1823 1
1497 1831 1
1498 1523 1
1498 2046 1
1499 2203 1
1499 1982 1
1500 1502 1
1501 2205 1
1502 1910 1
1502 2233 1
1503 2020 1
1503 1826 1
1503 1902 1
1504 1735 1
1504 1930 1
1504 1951 1
1505 2370 1
1505 2287 1
1506 1962 1
1507 2063 1
1508 2272 1
1509 1536 1
1509 2114 1
1509 1977 1
1509 1945 1
1511 1866 1
1511 2444 1
1511 1593 1
1512 2314 1
1512 2253 1
1512 2049 1
1513 2050 1
1513 1930 1
1513 2288 1
1513 1749 1
1514 1945 1
1514 1660 1
1515 1894 1
1515 2064 1
1516 1976 1
1517 1632 1
1517 1720 1
1519 2050 1
1519 1961 1
1520 1665 1
1520 1955 1
1520 2410 1
1521 1747 1
1521 1749 1
1524 2151 1
1524 1645 1
1524 2162 1
1524 2301 1
1525 2121 1
1525 2484 1
1526 2049 1
1528 2074 1
1528 1961 1
1529 1768 1
1529 1658 1
1529 1591 1
1530 2317 1
1530 1972 1
1530 2073 1
1531 2026 1
1533 2251 1
1533 1551 1
1535 1587 1
1535 2077 1
1536 2473 1
1536 1652 1
1536 1912 1
1536 1757 1
1538 2460 1
1538 2085 1
1539 2306 1
1539 1859 1
1539 2008 1
1540 1678 1
1541 1845 1
1542 1800 1
1543 2404 1
1543 1709 1
1544 1958 1
1544 2187 1
1544 2321 1
1544 2390 1
1544 2488 1
1545 1829 1
1545 2344 1
1545 2028 1
1546 2418 1
1546 2173 1
1547 2021 1
1547 1554 1
1547 1623 1
1548 1785 1
1548 2054 1
1549 2210 1
1551 2403 1
1552 2009 1
1552 2013 1
1553 2318 1
1553 2111 1
1554 2113 1
1554 2220 1
1555 1946 1
1557 2241 1
1558 1768 1
1559 2219 1
1561 2174 1
1562 1957 1
1562 1612 1
1562 2253 1
1562 2164 1
1562 2105 1
1563 1956 1
1563 2181 1
1564 2080 1
1564 2117 1
1564 2061 1
1564 1648 1
1565 2412 1
1565 1811 1
1565 1945 1
1565 1819 1
1565 2045 1
1566 1904 1
1566 1912 1
1567 2185 1
1567 2342 1
1568 1930 1
1568 1917 1
1569 1808 1
1569 1675 1
1571 1703 1
1571 2440 1
1571 2345 1
1571 1882 1
1572 1888 1
1572 2056 1
1572 1744 1
1572 1816 1
1573 2118 1
1573 1832 1
1573 1910 1
1573 2461 1
1573 1887 1
1574 2069 1
1574 1998 1
1575 1996 1
1575 1721 1
1576 1998 1
1576 2149 1
1579 1688 1
1579 2269 1
1580 1698 1
1580 1897 1
1580 2498 1
1580 2163 1
1581 1808 1
1581 1991 1
1582 1832 1
1583 1686 1
1584 2233 1
1584 2042 1
1586 2114 1
1586 1802 1
1586 1942 1
1586 2297 1
1588 2097 1
1588 1596 1
1589 2444 1
1590 1817 1
1591 2004 1
1597 1604 1
1597 1693 1
1598 1966 1
1598 1838 1
1598 1631 1
1599 2051 1
1599 1619 1
1600 1616 1
1600 2381 1
1600 2354 1
1600 1811 1
1600 2493 1
1602 1825 1
1603 2420 1
1603 2010 1
1604 2290 1
1606 2483 1
1607 2487 1
1608 2008 1
1608 2444 1
1608 2055 1
1609 2244 1
1609 2152 1
1609 2161 1
1609 2170 1
1610 1653 1
1610 1848 1
1610 2175 1
1612 2256 1
1612 1704 1
1612 1936 1
1612 2389 1
1612 2334 1
1614 1979 1
1615 1936 1
1615 1986 1
1617 2186 1
1618 2065 1
1619 2235 1
1619 2170 1
1620 2471 1
1621 1674 1
1621 2379 1
1622 1976 1
1622 2320 1
1623 2224 1
1624 1820 1
1624 2062 1
1624 2001 1
1625 2322 1
1626 2411 1
1626 2277 1
1626 2347 1
1626 2414 1
1626 1813 1
1627 2100 1
1627 1718 1
1628 1905 1
1628 1882 1
1629 1766 1
1629 1934 1
1629 1810 1
1629 2394 1
1632 2432 1
1632 2088 1
1632 1724 1
1633 2336 1
1633 2217 1
1634 1880 1
1634 1858 1
1634 2227 1
1635 2447 1
1636 2426 1
1637 2040 1
1637 2020 1
1639 2020 1
1640 2156 1
1641 1700 1
1641 2023 1
1641 2044 1
1641 1997 1
1641 2093 1
1642 2304 1
1642 1990 1
1643 2086 1
1643 2490 1
1644 2433 1
1644 1732 1
1644 1908 1
1645 2405 1
1645 1961 1
1646 1833 1
1646 2266 1
1646 1949 1
1646 1663 1
1647 1961 1
1647 1941 1
1647 1784 1
1649 2473 1
1650 1778 1
1653 2281 1
1653 2082 1
1656 1807 1
1656 2483 1
1656 1692 1
1656 1781 1
1659 2030 1
1659 1679 1
1659 2096 1
1659 2015 1
1660 2212 1
1660 1966 1
1661 1904 1
1662 1890 1
1662 1766 1
1662 1803 1
1662 2306 1
1662 2137 1
1663 1896 1
1663 1908 1
1664 1925 1
1664 1890 1
1664 2395 1
1665 1993 1
1665 2210 1
1665 1957 1
1666 2223 1
1667 2347 1
1667 2381 1
1667 2233 1
1670 1892 1
1670 2448 1
1673 1892 1
1673 1768 1
1674 1786 1
1674 1780 1
1677 1759 1
1678 2095 1
1678 1908 1
1678 1848 1
1678 1950 1
1678 2239 1
1679 1931 1
1680 2411 1
1680 1825 1
1681 2380 1
1681 2132 1
1681 2297 1
1682 1697 1
1682 1956 1
1683 2176 1
1683 2434 1
1683 1832 1
1683 1804 1
1683 1756 1
1683 1949 1
1684 2244 1
1685 2304 1
1686 2202 1
1686 1691 1
1687 2465 1
1689 1991 1
1689 1969 1
1690 1890 1
1690 2283 1
1690 2447 1
1690 2479 1
1690 2300 1
1691 2058 1
1691 1869 1
1692 1700 1
1692 1770 1
1692 2451 1
1693 2361 1
1693 2298 1
1693 2495 1
1694 2163 1
1694 1745 1
1695 1697 1
1696 1856 1
1696 1763 1
1698 2059 1
1698 1937 1
1699 1929 1
1699 1755 1
1700 2370 1
1700 1805 1
1701 2147 1
1701 1767 1
1701 2486 1
1701 2073 1
1701 1789 1
1702 2427 1
1703 1805 1
1703 1726 1
1703 2490 1
1703 1949 1
1703 2111 1
1704 1821 1
1705 2314 1
1705 1771 1
1705 2190 1
1705 2385 1
1707 2372 1
1707 1777 1
1707 2302 1
1707 1719 1
1707 2271 1
1708 2175 1
1708 2165 1
1710 2009 1
1710 2281 1
1711 2297 1
1711 1851 1
1711 2175 1
1712 2462 1
1712 2361 1
1713 2286 1
1713 2024 1
1714 1788 1
1715 1762 1
1715 2006 1
1715 2240 1
1715 1937 1
1716 2495 1
1717 2360 1
1719 2308 1
1719 1879 1
1719 2135 1
1720 2314 1
1720 2001 1
1721 1792 1
1722 2025 1
1722 2452 1
1722 2296 1
1723 1858 1
1725 2339 1
1725 2095 1
1725 1877 1
1726 2012 1
1726 2462 1
1728 2452 1
1729 2475 1
1729 2483 1
1731 2078 1
1732 2148 1
1732 1770 1
1736 2126 1
1737 2190 1
1737 2103 1
1737 2334 1
1738 1755 1
1738 2467 1
1739 2095 1
1740 2469 1
1742 2251 1
1743 1785 1
1743 2270 1
1744 1991 1
1745 1971 1
1745 2334 1
1746 2465 1
1746 2023 1
1747 2180 1
1749 2256 1
1749 2154 1
1750 2019 1
1751 1812 1
1751 1789 1
1753 2128 1
1753 1939 1
1756 2379 1
1756 2195 1
1756 2043 1
1758 1920 1
1758 2281 1
1758 2157 1
1759 1833 1
1759 2238 1
1761 2341 1
1762 2445 1
1764 2472 1
1764 1816 1
1766 1957 1
1766 2167 1
1769 2175 1
1770 1787 1
1770 2399 1
1771 2498 1
1771 2431 1
1772 1804 1
1772 2412 1
1773 2102 1
1773 2431 1
1774 1906 1
1774 2414 1
1775 2456 1
1775 2331 1
1775 2254 1
1776 2363 1
1777 2222 1
1777 2159 1
1778 2089 1
1778 2286 1
1779 2086 1
1780 1960 1
1780 2094 1
1780 2458 1
1781 2496 1
1781 1994 1
1781 2059 1
1781 1935 1
1782 2032 1
1782 2235 1
1782 2207 1
1785 1863 1
1786 2108 1
1787 2118 1
1787 1943 1
1788 2077 1
1788 2206 1
1789 1817 1
1790 1791 1
1792 2220 1
1792 2413 1
1794 1909 1
1795 1827 1
1795 1886 1
1795 2245 1
1797 2065 1
1797 2094 1
1801 1881 1
1801 2006 1
1802 1832 1
1802 1939 1
1802 2110 1
1802 2117 1
1804 2133 1
1805 2138 1
1806 1912 1
1807 1932 1
1807 2169 1
1808 2012 1
1808 2333 1
1809 2439 1
1809 2285 1
1809 2331 1
1810 2475 1
1810 1823 1
1811 2183 1
1812 1839 1
1812 2079 1
1813 2444 1
1813 2420 1
1814 1940 1
1815 1938 1
1817 2148 1
1817 2491 1
1818 2032 1
1819 1987 1
1820 2224 1
1821 1992 1
1821 2293 1
1822 1829 1
1822 2058 1
1822 2076 1
1823 2157 1
1824 2205 1
1825 2211 1
1825 2393 1
1826 2008 1
1826 2042 1
1827 2401 1
1828 2275 1
1828 2069 1
1829 2128 1
1830 1879 1
1830 2247 1
1831 2236 1
1832 2310 1
1834 1914 1
1834 1995 1
1835 2242 1
1835 2217 1
1835 2032 1
1835 1879 1
1836 1880 1
1837 1936 1
1837 2082 1
1837 2008 1
1837 1882 1
1838 2341 1
1838 1908 1
1838 1882 1
1838 2079 1
1840 1972 1
1840 2200 1
1840 2493 1
1840 2398 1
1842 2376 1
1842 2252 1
1842 2060 1
1843 2129 1
1843 2289 1
1843 1912 1
1843 2367 1
1845 2342 1
1845 1877 1
1846 2154 1
1847 1966 1
1849 2280 1
1850 2199 1
1851 2486 1
1852 1936 1
1852 2280 1
1852 2110 1
1852 1870 1
1853 1923 1
1853 2067 1
1853 1941 1
1858 2464 1
1858 2265 1
1859 1898 1
1860 2054 1
1863 2403 1
1863 2023 1
1866 2279 1
1866 2350 1
1866 1937 1
1866 2031 1
1867 2394 1
1867 2063 1
1869 2260 1
1871 2486 1
1872 2146 1
1875 1904 1
1875 2476 1
1876 2448 1
1876 2076 1
1876 2436 1
1876 2374 1
1878 2182 1
1878 2291 1
1878 2231 1
1879 2428 1
1881 2097 1
1882 2216 1
1883 1994 1
1883 2426 1
1885 2246 1
1885 2002 1
1886 2340 1
1886 2243 1
1887 2063 1
1887 2053 1
1888 2112 1
1888 2428 1
1890 2115 1
1891 2392 1
1893 2281 1
1895 2233 1
1895 2151 1
1896 2006 1
1896 2175 1
1897 2093 1
1899 2443 1
1900 1936 1
1901 1938 1
1901 2093 1
1903 2068 1
1903 2035 1
1905 2147 1
1906 1943 1
1907 2481 1
1907 1983 1
1908 2044 1
1908 2156 1
1908 2367 1
1909 2252 1
1912 2006 1
1914 2200 1
1914 2346 1
1915 2463 1
1917 2459 1
1918 2489 1
1918 2095 1
1919 2233 1
1919 2182 1
1919 1982 1
1920 2171 1
1922 1969 1
1922 2299 1
1922 1981 1
1923 2274 1
1924 2319 1
1924 2110 1
1925 2064 1
1925 2081 1
1926 2483 1
1928 2380 1
1928 2260 1
1928 2389 1
1929 2406 1
1929 2211 1
1930 2219 1
1930 2384 1
1931 2087 1
1931 2154 1
1931 1975 1
1932 2136 1
1932 2073 1
1934 2312 1
1934 2313 1
1934 2008 1
1935 2157 1
1935 2494 1
1936 2017 1
1936 2062 1
1936 2387 1
1936 2457 1
1936 2175 1
1937 2059 1
1937 2418 1
1937 2372 1
1937 1962 1
1938 2489 1
1938 2121 1
1939 1944 1
1940 2358 1
1941 2268 1
1942 2164 1
1943 1960 1
1943 2428 1
1944 2296 1
1944 2050 1
1944 2014 1
1946 2344 1
1946 2020 1
1947 2257 1
1947 2356 1
1947 2398 1
1948 2362 1
1948 2431 1
1949 1956 1
1949 2140 1
1951 2465 1
1951 2214 1
1951 2257 1
1952 1962 1
1952 2214 1
1953 1956 1
1954 2161 1
1954 2480 1
1954 2353 1
1955 2090 1
1956 1961 1
1956 2161 1
1956 2230 1
1957 2086 1
1957 2172 1
1958 2303 1
1958 2006 1
1960 2489 1
1962 2359 1
1962 2335 1
1963 1985 1
1965 2215 1
1965 2106 1
1966 2352 1
1966 2174 1
1966 2011 1
1967 2256 1
1967 2396 1
1968 2385 1
1969 1993 1
1969 2384 1
1970 2291 1
1973 2261 1
1974 2355 1
1975 2355 1
1976 2203 1
1977 2091 1
1979 1982 1
1980 2051 1
1980 2157 1
1982 2416 1
1983 2156 1
1984 2212 1
1985 2402 1
1987 2000 1
1990 2368 1
1992 2115 1
1993 2434 1
1995 2198 1
1995 2491 1
1995 2109 1
1996 2144 1
1996 2081 1
1996 2308 1
1996 2090 1
1996 2349 1
1996 2385 1
1998 2356 1
1999 2089 1
2000 2071 1
2003 2181 1
2003 2205 1
2008 2395 1
2009 2020 1
2009 2407 1
2009 2302 1
2010 2275 1
2010 2356 1
2011 2241 1
2012 2378 1
2013 2325 1
2015 2115 1
2015 2290 1
2018 2204 1
2019 2200 1
2022 2206 1
2023 2263 1
2026 2256 1
2026 2443 1
2027 2377 1
2028 2216 1
2028 2371 1
2029 2423 1
2029 2215 1
2029 2293 1
2029 2191 1
2030 2312 1
2030 2418 1
2031 2440 1
2033 2253 1
2034 2404 1
2035 2367 1
2036 2233 1
2037 2104 1
2037 2203 1
2037 2135 1
2038 2451 1
2038 2399 1
2039 2119 1
2039 2385 1
2039 2328 1
2040 2215 1
2040 2197 1
2041 2222 1
2041 2264 1
2043 2131 1
2043 2215 1
2048 2255 1
2051 2287 1
2052 2145 1
2053 2415 1
2053 2079 1
2055 2418 1
2057 2084 1
2059 2471 1
2059 2294 1
2060 2103 1
2061 2116 1
2061 2415 1
2062 2333 1
2062 2081 1
2064 2207 1
2066 2314 1
2068 2250 1
2069 2209 1
2069 2427 1
2071 2344 1
2071 2473 1
2072 2267 1
2072 2213 1
2074 2253 1
2084 2129 1
2085 2494 1
2086 2160 1
2087 2193 1
2088 2210 1
2088 2218 1
2089 2226 1
2089 2225 1
2090 2091 1
2092 2304 1
2093 2459 1
2095 2107 1
2097 2183 1
2098 2289 1
2100 2197 1
2100 2198 1
2101 2341 1
2101 2327 1
2101 2139 1
2103 2220 1
2104 2346 1
2104 2254 1
2104 2474 1
2105 2334 1
2106 2269 1
2111 2355 1
2113 2460 1
2115 2179 1
2115 2158 1
2115 2197 1
2117 2200 1
2119 2235 1
2120 2311 1
2121 2173 1
2122 2404 1
2123 2444 1
2124 2345 1
2125 2257 1
2129 2301 1
2130 2178 1
2130 2270 1
2135 2226 1
2135 2390 1
2135 2142 1
2138 2257 1
2139 2193 1
2140 2223 1
2141 2406 1
2141 2398 1
2141 2413 1
2144 2465 1
2145 2159 1
2145 2334 1
2146 2361 1
2151 2480 1
2154 2362 1
2158 2403 1
2158 2412 1
2164 2301 1
2167 2262 1
2167 2168 1
2168 2247 1
2169 2440 1
2169 2460 1
2170 2180 1
2170 2448 1
2172 2324 1
2174 2365 1
2174 2206 1
2179 2216 1
2182 2368 1
2185 2247 1
2186 2331 1
2189 2246 1
2190 2215 1
2190 2446 1
2192 2392 1
2192 2433 1
2195 2468 1
2197 2438 1
2198 2446 1
2200 2358 1
2201 2218 1
2204 2214 1
2204 2285 1
2204 2321 1
2205 2440 1
2207 2297 1
2209 2268 1
2210 2379 1
2215 2425 1
2222 2384 1
2223 2447 1
2223 2324 1
2224 2235 1
2226 2497 1
2229 2434 1
2229 2245 1
2230 2335 1
2231 2288 1
2231 2482 1
2234 2441 1
2234 2250 1
2237 2369 1
2237 2310 1
2241 2244 1
2242 2496 1
2246 2479 1
2248 2328 1
2248 2443 1
2250 2448 1
2257 2311 1
2257 2282 1
2258 2321 1
2259 2419 1
2261 2287 1
2266 2271 1
2268 2439 1
2271 2358 1
2275 2330 1
2283 2440 1
2283 2418 1
2285 2344 1
2286 2445 1
2288 2328 1
2288 2329 1
2288 2427 1
2289 2452 1
2290 2487 1
2291 2412 1
2292 2330 1
2297 2400 1
2297 2388 1
2299 2391 1
2301 2461 1
2307 2440 1
2319 2359 1
2322 2468 1
2323 2364 1
2324 2497 1
2326 2474 1
2329 2446 1
2329 2473 1
2330 2385 1
2334 2355 1
2335 2440 1
2338 2446 1
2340 2359 1
2341 2352 1
2341 2431 1
2342 2357 1
2343 2429 1
2345 2370 1
2355 2363 1
2367 2493 1
2372 2413 1
2374 2413 1
2387 2457 1
2401 2415 1
2403 2430 1
2420 2447 1
2426 2469 1
2427 2447 1
2440 2451 1
2449 2468 1
2461 2482 1
2474 2475 1
