0 890 1
0 862 1
0 38 1
0 879 1
1 399 1
2 576 1
2 630 1
2 543 1
3 142 1
3 895 1
4 401 1
4 826 1
4 527 1
5 14 1
6 186 1
6 661 1
7 595 1
9 911 1
11 821 1
12 838 1
13 766 1
13 975 1
14 896 1
14 449 1
14 386 1
14 977 1
14 722 1
14 581 1
16 424 1
16 227 1
17 665 1
17 354 1
17 246 1
18 708 1
19 736 1
19 257 1
19 30 1
19 617 1
21 400 1
21 635 1
21 702 1
22 514 1
22 684 1
22 966 1
22 783 1
23 548 1
23 141 1
23 895 1
24 956 1
24 82 1
24 44 1
24 870 1
24 687 1
25 56 1
25 480 1
27 643 1
27 388 1
28 920 1
28 115 1
28 702 1
28 70 1
29 34 1
29 309 1
29 418 1
31 120 1
31 89 1
31 170 1
31 451 1
31 827 1
32 122 1
32 972 1
32 214 1
33 957 1
33 242 1
33 811 1
33 925 1
33 495 1
34 898 1
34 116 1
35 964 1
35 988 1
35 556 1
35 101 1
35 118 1
36 128 1
36 423 1
37 135 1
38 850 1
39 128 1
39 339 1
40 434 1
40 847 1
41 605 1
42 137 1
42 406 1
44 193 1
44 500 1
44 934 1
45 459 1
45 975 1
46 234 1
46 909 1
46 214 1
47 154 1
47 302 1
48 787 1
49 153 1
49 870 1
50 753 1
51 816 1
51 864 1
52 912 1
52 681 1
53 593 1
54 769 1
55 426 1
55 436 1
55 334 1
56 855 1
57 258 1
57 911 1
58 547 1
58 67 1
59 352 1
59 651 1
60 657 1
60 389 1
60 830 1
61 497 1
61 674 1
61 870 1
62 441 1
62 981 1
63 874 1
64 804 1
64 197 1
64 486 1
65 959 1
66 192 1
66 936 1
67 542 1
68 649 1
68 323 1
69 779 1
69 93 1
69 302 1
70 271 1
71 619 1
72 954 1
72 204 1
72 662 1
74 316 1
75 800 1
76 380 1
76 621 1
76 175 1
77 912 1
78 856 1
78 980 1
78 502 1
78 190 1
78 167 1
79 890 1
79 244 1
81 272 1
81 907 1
82 417 1
82 440 1
83 160 1
83 537 1
83 971 1
84 546 1
85 330 1
86 643 1
86 389 1
87 472 1
87 985 1
87 314 1
87 883 1
88 701 1
89 926 1
90 752 1
90 401 1
90 590 1
91 345 1
91 515 1
92 600 1
92 969 1
93 344 1
93 544 1
93 801 1
94 506 1
94 435 1
94 868 1
95 260 1
95 517 1
95 182 1
96 462 1
96 535 1
97 905 1
97 892 1
98 157 1
99 343 1
100 688 1
100 553 1
100 659 1
101 442 1
101 196 1
101 453 1
101 919 1
102 419 1
103 635 1
103 197 1
103 438 1
106 752 1
106 969 1
106 259 1
107 660 1
107 535 1
108 562 1
108 675 1
108 252 1
109 792 1
109 866 1
109 571 1
110 504 1
110 547 1
110 539 1
110 454 1
111 416 1
112 876 1
113 683 1
113 987 1
114 762 1
114 141 1
116 457 1
118 328 1
118 371 1
118 908 1
120 759 1
120 780 1
121 311 1
122 433 1
122 612 1
123 278 1
124 218 1
124 187 1
124 559 1
126 968 1
127 802 1
127 597 1
127 687 1
129 752 1
129 289 1
129 331 1
130 230 1
130 137 1
130 523 1
130 880 1
130 305 1
130 958 1
131 250 1
131 796 1
132 712 1
133 429 1
133 798 1
135 641 1
135 206 1
135 621 1
137 683 1
137 167 1
138 585 1
139 905 1
140 225 1
140 460 1
140 998 1
141 988 1
145 408 1
145 720 1
145 301 1
145 302 1
146 553 1
146 306 1
146 342 1
146 833 1
148 210 1
148 292 1
148 581 1
151 624 1
151 632 1
151 500 1
152 219 1
152 612 1
152 333 1
155 771 1
155 573 1
155 885 1
156 667 1
157 363 1
157 332 1
158 360 1
158 831 1
158 671 1
158 335 1
159 625 1
159 348 1
161 206 1
162 865 1
162 498 1
162 723 1
163 592 1
163 917 1
164 824 1
165 869 1
165 680 1
165 521 1
165 170 1
165 715 1
165 593 1
165 567 1
165 730 1
165 923 1
166 929 1
167 728 1
167 425 1
168 278 1
169 874 1
170 989 1
172 389 1
173 282 1
173 893 1
173 245 1
173 631 1
174 514 1
174 387 1
174 742 1
174 735 1
175 347 1
176 593 1
176 188 1
176 949 1
178 304 1
179 193 1
179 613 1
180 810 1
181 232 1
181 234 1
182 420 1
184 619 1
184 355 1
184 918 1
185 202 1
185 629 1
186 364 1
186 317 1
187 324 1
187 500 1
187 467 1
187 445 1
188 192 1
188 189 1
188 665 1
188 599 1
189 282 1
189 291 1
190 524 1
190 911 1
193 550 1
193 263 1
193 235 1
193 268 1
193 478 1
195 871 1
196 616 1
196 547 1
196 483 1
196 605 1
197 737 1
197 904 1
199 202 1
199 522 1
200 708 1
200 301 1
202 451 1
202 973 1
203 538 1
204 403 1
204 430 1
205 300 1
205 830 1
206 327 1
207 722 1
208 821 1
208 895 1
209 636 1
211 985 1
211 787 1
212 612 1
213 835 1
214 385 1
214 834 1
214 235 1
214 660 1
215 424 1
215 578 1
215 451 1
215 658 1
215 350 1
216 936 1
216 387 1
216 927 1
217 464 1
217 971 1
218 411 1
219 224 1
219 307 1
219 713 1
220 761 1
220 933 1
221 688 1
221 431 1
223 255 1
224 672 1
226 349 1
227 362 1
227 770 1
228 240 1
229 927 1
230 240 1
230 648 1
232 488 1
233 909 1
233 782 1
234 781 1
237 458 1
238 474 1
238 645 1
238 766 1
239 816 1
239 829 1
241 350 1
242 999 1
243 804 1
243 375 1
244 998 1
244 909 1
244 816 1
244 372 1
244 476 1
245 533 1
246 722 1
246 629 1
248 996 1
248 732 1
249 961 1
249 466 1
249 302 1
250 668 1
250 694 1
251 958 1
251 606 1
251 335 1
252 744 1
252 929 1
253 306 1
253 979 1
254 580 1
254 398 1
255 346 1
255 462 1
256 329 1
256 517 1
256 269 1
256 377 1
258 286 1
258 279 1
259 423 1
260 822 1
260 638 1
261 600 1
261 575 1
261 547 1
261 913 1
261 439 1
262 280 1
262 585 1
263 559 1
264 352 1
266 836 1
267 395 1
268 417 1
268 374 1
268 367 1
269 309 1
270 497 1
270 961 1
270 553 1
271 334 1
272 354 1
273 868 1
274 649 1
275 432 1
275 682 1
275 763 1
275 484 1
275 821 1
277 957 1
277 663 1
279 539 1
281 305 1
284 449 1
284 810 1
284 492 1
285 602 1
285 308 1
286 506 1
287 599 1
287 935 1
287 559 1
288 785 1
288 373 1
288 662 1
289 369 1
290 979 1
292 591 1
293 789 1
294 356 1
294 726 1
295 619 1
295 394 1
295 531 1
296 633 1
296 325 1
297 449 1
297 300 1
299 424 1
299 465 1
300 423 1
301 540 1
301 345 1
302 683 1
302 399 1
302 887 1
303 568 1
303 911 1
304 828 1
304 946 1
305 866 1
305 892 1
305 474 1
306 571 1
308 468 1
310 893 1
312 625 1
312 988 1
313 546 1
313 476 1
314 543 1
315 361 1
315 754 1
315 473 1
316 981 1
316 831 1
316 637 1
316 335 1
318 401 1
318 814 1
320 330 1
322 519 1
323 505 1
323 506 1
323 586 1
325 795 1
326 956 1
326 702 1
326 494 1
327 734 1
328 941 1
329 402 1
329 828 1
330 521 1
330 699 1
331 418 1
331 428 1
332 619 1
332 855 1
337 679 1
338 864 1
339 530 1
339 967 1
341 613 1
341 749 1
342 450 1
343 865 1
343 582 1
343 871 1
344 476 1
345 809 1
345 778 1
346 442 1
347 779 1
348 760 1
348 469 1
349 473 1
349 942 1
351 690 1
351 807 1
352 922 1
352 782 1
353 484 1
354 954 1
356 740 1
358 601 1
358 402 1
358 483 1
359 565 1
359 782 1
359 797 1
360 436 1
364 844 1
367 394 1
369 852 1
372 829 1
372 575 1
373 549 1
374 841 1
374 581 1
374 951 1
377 841 1
377 447 1
379 637 1
380 774 1
380 439 1
382 600 1
385 693 1
388 563 1
388 855 1
389 536 1
390 886 1
391 946 1
391 414 1
392 589 1
392 910 1
393 483 1
393 758 1
393 662 1
394 791 1
394 452 1
394 925 1
395 443 1
397 521 1
398 971 1
398 916 1
399 504 1
399 741 1
399 845 1
400 840 1
400 701 1
401 823 1
402 778 1
402 433 1
404 628 1
405 602 1
405 823 1
406 793 1
406 895 1
406 889 1
407 902 1
408 412 1
410 736 1
411 776 1
411 766 1
412 888 1
412 874 1
412 678 1
414 721 1
415 642 1
416 711 1
417 914 1
417 766 1
420 425 1
420 529 1
421 994 1
421 422 1
422 795 1
422 587 1
423 445 1
424 569 1
424 862 1
425 719 1
425 726 1
429 856 1
429 794 1
429 795 1
431 478 1
431 791 1
432 784 1
433 602 1
434 724 1
435 857 1
435 956 1
436 934 1
438 586 1
439 923 1
439 557 1
440 641 1
440 756 1
442 652 1
442 671 1
443 935 1
444 773 1
446 577 1
446 761 1
447 707 1
447 540 1
447 814 1
448 947 1
449 508 1
449 831 1
450 673 1
450 973 1
451 763 1
452 815 1
453 803 1
453 484 1
453 838 1
453 573 1
455 499 1
455 804 1
457 539 1
458 831 1
459 593 1
460 556 1
460 886 1
461 895 1
463 573 1
463 933 1
465 651 1
466 874 1
466 709 1
468 567 1
473 967 1
474 876 1
474 991 1
476 493 1
477 628 1
478 482 1
479 829 1
480 621 1
481 576 1
481 611 1
481 485 1
482 610 1
482 748 1
483 870 1
483 708 1
483 741 1
484 746 1
485 887 1
485 574 1
485 673 1
486 854 1
487 679 1
488 751 1
489 696 1
489 491 1
490 793 1
491 899 1
492 944 1
493 555 1
495 617 1
495 497 1
498 721 1
498 622 1
498 945 1
499 977 1
499 986 1
499 789 1
501 675 1
503 771 1
504 913 1
504 597 1
506 729 1
506 661 1
508 544 1
508 924 1
509 720 1
510 577 1
510 601 1
511 665 1
511 843 1
511 868 1
512 817 1
512 847 1
512 833 1
512 686 1
512 831 1
515 563 1
515 653 1
515 662 1
516 811 1
516 995 1
519 807 1
519 903 1
519 703 1
521 671 1
523 807 1
524 803 1
526 778 1
527 555 1
527 677 1
529 906 1
530 688 1
531 812 1
533 664 1
534 625 1
534 835 1
538 601 1
538 693 1
538 926 1
542 631 1
543 840 1
544 593 1
545 891 1
545 668 1
546 700 1
546 603 1
547 687 1
547 942 1
547 591 1
549 749 1
551 882 1
551 965 1
551 951 1
552 954 1
552 652 1
555 820 1
557 865 1
557 813 1
558 679 1
559 937 1
559 751 1
559 666 1
560 724 1
561 800 1
561 587 1
562 748 1
562 946 1
565 613 1
566 722 1
566 867 1
566 862 1
566 647 1
571 805 1
573 713 1
574 977 1
574 918 1
576 783 1
577 996 1
579 716 1
579 791 1
580 644 1
582 910 1
584 905 1
584 910 1
585 692 1
585 882 1
585 958 1
586 920 1
587 962 1
587 702 1
590 927 1
590 914 1
590 599 1
592 838 1
595 636 1
595 965 1
596 632 1
596 832 1
598 872 1
600 714 1
600 878 1
602 734 1
605 722 1
606 875 1
607 829 1
608 921 1
609 689 1
609 939 1
609 670 1
609 793 1
610 750 1
613 915 1
614 859 1
614 735 1
616 802 1
617 941 1
618 738 1
620 872 1
621 652 1
622 830 1
623 954 1
627 632 1
628 889 1
630 864 1
631 835 1
631 958 1
634 787 1
640 893 1
641 759 1
642 768 1
643 990 1
646 719 1
652 707 1
654 986 1
656 807 1
657 978 1
658 956 1
659 953 1
660 910 1
662 836 1
662 952 1
664 999 1
670 698 1
670 875 1
672 715 1
677 770 1
679 697 1
680 780 1
681 767 1
682 819 1
684 686 1
685 883 1
685 837 1
688 886 1
690 845 1
691 936 1
691 984 1
691 730 1
691 739 1
694 750 1
697 954 1
697 981 1
699 906 1
700 720 1
700 940 1
701 918 1
708 739 1
711 813 1
716 893 1
716 911 1
717 814 1
723 917 1
726 904 1
727 924 1
727 989 1
728 776 1
728 765 1
729 881 1
731 737 1
731 874 1
731 865 1
732 979 1
734 835 1
734 911 1
735 843 1
736 900 1
737 820 1
739 822 1
739 887 1
740 786 1
740 981 1
741 765 1
743 914 1
749 910 1
750 938 1
754 807 1
755 864 1
755 836 1
759 764 1
759 776 1
760 799 1
761 933 1
765 848 1
767 882 1
767 935 1
768 809 1
770 776 1
771 994 1
776 993 1
776 844 1
778 886 1
780 834 1
780 946 1
783 997 1
786 912 1
787 843 1
791 834 1
793 939 1
793 946 1
793 982 1
794 890 1
794 902 1
797 932 1
804 822 1
807 888 1
810 877 1
814 849 1
818 901 1
828 853 1
835 912 1
835 881 1
835 890 1
841 883 1
843 866 1
845 956 1
847 900 1
854 971 1
860 862 1
867 994 1
870 873 1
873 906 1
873 987 1
877 972 1
890 966 1
893 981 1
896 925 1
900 919 1
900 975 1
903 907 1
940 980 1
942 952 1
946 953 1
959 982 1
985 986 1
