0 128 1
0 23 1
0 25 1
0 155 1
0 29 1
0 94 1
0 63 1
1 3 1
1 70 1
1 108 1
1 146 1
1 22 1
1 191 1
1 31 1
2 149 1
2 129 1
2 99 1
2 164 1
2 102 1
2 187 1
2 192 1
2 191 1
2 143 1
2 176 1
2 163 1
2 85 1
2 119 1
2 127 1
2 125 1
2 117 1
3 164 1
3 108 1
3 45 1
3 143 1
3 80 1
3 145 1
3 178 1
3 154 1
3 79 1
4 128 1
4 34 1
4 196 1
4 141 1
4 86 1
4 88 1
4 28 1
5 64 1
5 103 1
5 7 1
5 114 1
5 179 1
5 119 1
5 89 1
6 193 1
6 132 1
6 70 1
6 40 1
6 74 1
6 75 1
6 12 1
6 83 1
6 152 1
6 91 1
6 92 1
6 94 1
7 32 1
7 78 1
7 175 1
7 177 1
7 62 1
7 197 1
8 97 1
8 194 1
8 69 1
8 102 1
8 43 1
8 13 1
8 18 1
9 148 1
9 99 1
9 69 1
9 135 1
9 105 1
9 140 1
9 13 1
9 47 1
9 80 1
9 81 1
9 50 1
9 20 1
9 121 1
9 157 1
9 190 1
10 128 1
10 33 1
10 67 1
10 106 1
10 178 1
10 52 1
10 92 1
10 61 1
11 64 1
11 144 1
11 70 1
11 161 1
11 104 1
11 173 1
11 110 1
11 112 1
11 115 1
11 120 1
11 189 1
11 191 1
12 97 1
12 102 1
12 199 1
12 136 1
12 105 1
12 108 1
12 46 1
12 21 1
12 156 1
12 133 1
13 163 1
13 197 1
13 103 1
13 14 1
13 79 1
13 145 1
13 182 1
13 73 1
14 100 1
14 46 1
14 114 1
14 148 1
14 78 1
14 22 1
14 56 1
14 164 1
15 111 1
15 49 1
15 84 1
15 149 1
15 24 1
15 28 1
15 159 1
16 97 1
16 67 1
16 150 1
16 167 1
16 141 1
16 80 1
16 17 1
16 178 1
16 118 1
16 153 1
16 89 1
16 92 1
16 157 1
17 139 1
17 85 1
17 111 1
18 194 1
18 44 1
18 61 1
18 135 1
19 194 1
19 164 1
19 137 1
19 108 1
19 120 1
19 115 1
19 84 1
19 85 1
19 56 1
20 66 1
20 69 1
20 135 1
20 109 1
20 175 1
20 48 1
20 49 1
20 82 1
20 84 1
20 55 1
20 155 1
20 126 1
20 95 1
21 32 1
21 67 1
21 68 1
21 170 1
21 171 1
21 44 1
21 27 1
21 159 1
22 96 1
22 162 1
22 101 1
22 137 1
22 54 1
22 183 1
22 88 1
22 133 1
23 64 1
23 148 1
23 65 1
23 106 1
23 103 1
23 44 1
23 77 1
23 79 1
23 116 1
23 85 1
23 160 1
23 57 1
23 149 1
24 170 1
24 78 1
24 79 1
24 25 1
24 90 1
24 28 1
24 61 1
25 193 1
25 103 1
25 41 1
25 106 1
25 135 1
25 82 1
25 53 1
25 54 1
25 91 1
25 199 1
26 178 1
26 180 1
26 110 1
26 70 1
27 166 1
27 40 1
27 82 1
27 51 1
27 187 1
28 128 1
28 129 1
28 34 1
28 163 1
28 37 1
28 39 1
28 105 1
28 162 1
28 48 1
28 84 1
28 169 1
28 132 1
28 58 1
28 62 1
29 162 1
29 197 1
29 166 1
29 104 1
29 42 1
29 75 1
29 168 1
29 180 1
29 150 1
29 61 1
30 32 1
30 96 1
30 195 1
30 36 1
30 197 1
30 167 1
30 138 1
30 107 1
30 77 1
30 121 1
30 124 1
31 96 1
31 130 1
31 166 1
31 71 1
31 138 1
31 43 1
31 109 1
31 115 1
31 91 1
32 195 1
32 69 1
32 104 1
32 74 1
32 44 1
32 174 1
32 178 1
33 98 1
33 114 1
33 168 1
33 41 1
33 77 1
33 111 1
33 176 1
33 49 1
33 82 1
33 157 1
33 197 1
34 83 1
34 79 1
34 115 1
34 117 1
34 189 1
35 96 1
35 161 1
35 133 1
35 105 1
35 177 1
35 182 1
35 155 1
36 67 1
36 137 1
36 43 1
36 149 1
36 183 1
36 57 1
37 96 1
37 69 1
37 71 1
37 110 1
37 142 1
37 122 1
38 166 1
38 70 1
38 199 1
38 77 1
38 110 1
38 176 1
38 178 1
38 182 1
38 58 1
39 97 1
39 130 1
39 197 1
39 104 1
39 82 1
39 182 1
39 151 1
39 186 1
39 63 1
39 95 1
40 67 1
40 197 1
40 103 1
40 183 1
40 77 1
40 176 1
40 114 1
40 83 1
40 55 1
40 57 1
40 191 1
41 74 1
41 174 1
41 176 1
41 81 1
41 57 1
41 185 1
42 69 1
42 71 1
42 136 1
42 156 1
42 159 1
43 151 1
43 76 1
43 110 1
43 51 1
43 148 1
43 150 1
43 55 1
43 180 1
43 124 1
43 126 1
44 130 1
44 187 1
44 102 1
44 138 1
44 46 1
44 89 1
44 91 1
44 170 1
45 81 1
45 74 1
45 172 1
45 183 1
46 69 1
46 104 1
46 173 1
46 50 1
46 51 1
46 85 1
46 86 1
46 119 1
46 190 1
47 192 1
47 139 1
47 120 1
47 178 1
47 51 1
47 169 1
47 56 1
48 160 1
48 67 1
48 197 1
48 145 1
48 106 1
48 171 1
48 79 1
48 49 1
48 119 1
48 158 1
48 95 1
49 98 1
49 131 1
49 103 1
49 138 1
49 190 1
49 60 1
49 94 1
49 191 1
50 98 1
50 175 1
50 180 1
50 150 1
50 58 1
50 91 1
51 129 1
51 182 1
51 168 1
51 172 1
51 108 1
51 191 1
51 78 1
51 115 1
51 53 1
51 118 1
51 93 1
51 159 1
52 129 1
52 66 1
52 163 1
52 140 1
52 143 1
53 64 1
53 164 1
53 101 1
53 135 1
53 172 1
53 176 1
53 124 1
53 158 1
53 191 1
54 133 1
54 139 1
54 83 1
54 92 1
55 128 1
55 66 1
55 81 1
55 114 1
55 86 1
55 120 1
55 60 1
56 195 1
56 147 1
56 199 1
56 136 1
56 156 1
56 77 1
56 84 1
56 110 1
56 87 1
56 89 1
56 124 1
56 62 1
57 103 1
57 180 1
57 151 1
57 157 1
58 193 1
58 68 1
58 137 1
58 76 1
58 111 1
58 115 1
58 169 1
58 155 1
59 160 1
59 70 1
59 103 1
59 115 1
59 186 1
59 60 1
60 133 1
60 139 1
60 172 1
60 157 1
60 61 1
61 128 1
61 130 1
61 141 1
61 79 1
61 127 1
62 193 1
62 156 1
62 107 1
62 80 1
62 178 1
62 125 1
62 127 1
63 195 1
63 196 1
63 69 1
63 170 1
63 167 1
63 78 1
63 79 1
63 82 1
63 152 1
64 70 1
64 87 1
64 189 1
65 123 1
66 113 1
66 137 1
66 87 1
66 79 1
66 80 1
66 81 1
66 115 1
66 117 1
66 123 1
66 190 1
67 194 1
67 69 1
67 199 1
67 141 1
67 174 1
67 145 1
68 131 1
68 147 1
68 153 1
68 122 1
68 190 1
69 133 1
69 107 1
69 108 1
69 173 1
69 163 1
69 151 1
69 152 1
69 160 1
69 155 1
69 94 1
70 139 1
70 135 1
70 141 1
70 176 1
70 167 1
71 198 1
71 199 1
71 119 1
71 125 1
72 73 1
72 186 1
72 179 1
72 195 1
73 97 1
73 101 1
73 79 1
73 93 1
73 126 1
73 165 1
74 190 1
74 122 1
74 123 1
74 157 1
74 94 1
74 191 1
75 168 1
75 76 1
75 149 1
75 151 1
75 154 1
75 187 1
75 159 1
76 194 1
76 132 1
76 165 1
76 175 1
76 177 1
76 195 1
76 120 1
77 107 1
77 146 1
77 117 1
78 129 1
78 180 1
78 197 1
78 138 1
78 116 1
78 142 1
78 183 1
78 89 1
78 122 1
78 154 1
79 161 1
79 98 1
79 151 1
79 93 1
79 156 1
79 89 1
79 159 1
79 92 1
80 97 1
80 168 1
80 194 1
80 118 1
80 105 1
80 124 1
81 162 1
81 138 1
81 143 1
81 112 1
81 117 1
82 163 1
82 104 1
82 129 1
82 95 1
82 139 1
82 151 1
82 184 1
83 133 1
83 169 1
83 143 1
83 117 1
83 154 1
83 189 1
83 85 1
84 107 1
84 85 1
85 97 1
85 196 1
85 138 1
85 124 1
86 130 1
86 101 1
86 113 1
86 180 1
86 132 1
86 187 1
87 101 1
87 199 1
87 139 1
87 140 1
87 110 1
87 151 1
87 159 1
88 135 1
89 123 1
89 95 1
90 160 1
90 140 1
90 141 1
90 185 1
90 122 1
90 126 1
91 139 1
92 133 1
92 94 1
93 106 1
94 161 1
94 171 1
95 194 1
95 102 1
95 114 1
95 113 1
95 118 1
95 146 1
96 160 1
96 104 1
96 119 1
96 182 1
97 197 1
97 111 1
97 136 1
97 137 1
97 121 1
97 157 1
98 149 1
98 184 1
98 126 1
99 195 1
99 196 1
99 133 1
99 176 1
99 149 1
99 182 1
99 154 1
99 157 1
100 192 1
100 103 1
100 173 1
100 142 1
100 153 1
101 192 1
101 161 1
101 196 1
101 140 1
101 156 1
101 105 1
101 119 1
101 124 1
101 190 1
102 129 1
102 103 1
102 107 1
102 176 1
102 147 1
102 182 1
102 151 1
102 124 1
102 126 1
103 105 1
103 118 1
104 196 1
104 106 1
104 188 1
104 158 1
105 176 1
105 172 1
105 121 1
105 197 1
106 129 1
106 148 1
106 140 1
106 115 1
106 116 1
106 186 1
106 155 1
107 193 1
107 162 1
107 136 1
107 114 1
107 181 1
108 138 1
108 141 1
108 110 1
108 173 1
108 181 1
108 120 1
108 175 1
108 189 1
109 190 1
109 158 1
110 194 1
111 132 1
111 177 1
111 196 1
112 162 1
112 139 1
112 134 1
112 174 1
112 178 1
112 150 1
112 121 1
113 136 1
113 168 1
113 180 1
113 151 1
113 122 1
113 191 1
113 157 1
114 163 1
114 187 1
114 182 1
114 119 1
114 157 1
115 160 1
115 139 1
115 163 1
115 162 1
115 194 1
115 140 1
115 186 1
115 126 1
116 181 1
116 178 1
116 149 1
116 159 1
117 135 1
117 145 1
117 137 1
117 174 1
117 151 1
118 162 1
118 170 1
118 178 1
118 152 1
118 190 1
119 194 1
119 150 1
119 121 1
119 126 1
120 174 1
120 156 1
120 189 1
121 163 1
121 199 1
121 136 1
121 126 1
121 182 1
121 149 1
122 194 1
122 135 1
122 167 1
122 183 1
123 135 1
123 177 1
124 192 1
124 173 1
125 139 1
125 174 1
125 153 1
126 199 1
126 136 1
126 162 1
126 177 1
127 162 1
128 164 1
128 174 1
128 132 1
129 169 1
129 139 1
129 151 1
129 154 1
130 171 1
130 189 1
131 197 1
131 168 1
131 174 1
131 146 1
131 179 1
131 183 1
131 186 1
132 157 1
133 138 1
133 139 1
134 176 1
134 151 1
135 139 1
136 138 1
138 198 1
138 152 1
139 140 1
140 160 1
140 167 1
140 146 1
141 188 1
142 193 1
142 179 1
142 152 1
143 147 1
143 169 1
143 175 1
144 171 1
144 197 1
144 145 1
144 156 1
144 190 1
145 161 1
145 188 1
145 178 1
145 156 1
146 192 1
146 167 1
146 176 1
146 150 1
147 193 1
147 165 1
147 167 1
147 176 1
147 149 1
147 189 1
148 171 1
148 184 1
148 151 1
149 184 1
151 172 1
152 194 1
153 178 1
153 182 1
153 191 1
154 168 1
154 188 1
155 167 1
155 156 1
156 187 1
156 164 1
156 195 1
156 181 1
156 191 1
157 192 1
157 183 1
158 175 1
159 161 1
159 196 1
159 182 1
159 180 1
159 189 1
160 192 1
161 193 1
161 169 1
161 176 1
161 179 1
161 171 1
162 193 1
162 197 1
162 172 1
162 182 1
162 184 1
163 169 1
163 183 1
163 191 1
165 186 1
165 181 1
166 170 1
167 181 1
168 198 1
168 191 1
171 197 1
171 172 1
171 183 1
172 198 1
172 174 1
172 186 1
173 183 1
174 193 1
174 190 1
176 196 1
176 197 1
176 181 1
177 184 1
178 196 1
178 199 1
179 180 1
179 185 1
180 185 1
181 190 1
182 194 1
184 185 1
186 196 1
187 198 1
189 198 1
