0 30 1
1 81 1
1 67 1
1 55 1
1 90 1
1 15 1
2 76 1
2 57 1
2 60 1
2 29 1
3 28 1
3 22 1
4 17 1
4 26 1
4 31 1
5 9 1
5 66 1
5 59 1
5 49 1
6 90 1
6 68 1
6 70 1
6 15 1
7 32 1
7 48 1
7 95 1
7 96 1
7 89 1
8 40 1
8 41 1
8 13 1
9 52 1
9 31 1
10 72 1
10 83 1
10 84 1
10 77 1
11 64 1
11 35 1
11 76 1
11 47 1
12 68 1
12 72 1
12 13 1
12 17 1
12 51 1
12 36 1
12 62 1
13 43 1
14 33 1
14 26 1
14 31 1
15 35 1
15 33 1
15 75 1
15 78 1
15 92 1
15 31 1
16 84 1
16 68 1
17 34 1
17 72 1
17 73 1
17 55 1
17 27 1
18 78 1
18 79 1
18 52 1
18 86 1
18 55 1
18 24 1
19 67 1
19 36 1
19 88 1
19 58 1
19 91 1
19 61 1
19 62 1
20 52 1
20 66 1
20 28 1
20 39 1
21 72 1
21 59 1
21 42 1
21 35 1
21 91 1
22 97 1
22 37 1
22 50 1
22 54 1
22 55 1
22 25 1
22 27 1
23 40 1
23 74 1
23 84 1
23 69 1
23 54 1
24 33 1
24 95 1
25 88 1
25 81 1
25 59 1
26 65 1
26 38 1
26 69 1
27 68 1
27 81 1
27 49 1
27 73 1
27 53 1
27 92 1
27 85 1
28 73 1
28 51 1
28 56 1
28 90 1
29 68 1
29 41 1
29 78 1
29 82 1
29 86 1
29 57 1
30 97 1
31 33 1
31 53 1
32 53 1
32 85 1
33 70 1
33 73 1
33 43 1
33 88 1
33 85 1
33 61 1
34 74 1
34 77 1
35 39 1
36 72 1
36 45 1
36 78 1
36 77 1
36 86 1
36 87 1
37 93 1
37 84 1
37 38 1
37 61 1
39 84 1
39 90 1
39 63 1
40 72 1
40 42 1
40 47 1
41 56 1
41 98 1
41 44 1
42 85 1
43 70 1
43 89 1
44 56 1
44 66 1
44 69 1
45 64 1
45 70 1
46 82 1
46 91 1
46 84 1
47 94 1
48 96 1
48 51 1
48 60 1
48 62 1
49 81 1
49 66 1
50 70 1
50 61 1
51 74 1
51 82 1
52 76 1
52 79 1
52 59 1
54 59 1
54 86 1
55 61 1
56 67 1
56 70 1
56 79 1
56 88 1
56 58 1
56 91 1
57 88 1
58 59 1
58 80 1
59 96 1
59 78 1
59 82 1
59 60 1
61 96 1
61 73 1
61 87 1
61 77 1
61 91 1
61 92 1
63 78 1
64 92 1
64 69 1
66 68 1
67 88 1
70 75 1
70 99 1
70 85 1
73 92 1
73 90 1
76 80 1
76 99 1
77 82 1
77 89 1
80 85 1
81 85 1
82 97 1
82 94 1
83 93 1
83 87 1
86 97 1
86 98 1
86 91 1
86 92 1
89 94 1
