0 64 1
0 123 1
0 294 1
0 134 1
0 9 1
0 234 1
0 235 1
0 12 1
0 274 1
0 111 1
0 146 1
0 215 1
0 283 1
0 27 1
0 28 1
0 143 1
0 63 1
1 192 1
1 112 1
1 131 1
1 257 1
1 73 1
1 267 1
1 13 1
1 110 1
1 16 1
1 49 1
1 148 1
1 245 1
1 246 1
1 93 1
2 131 1
2 234 1
2 110 1
2 176 1
2 148 1
2 149 1
2 249 1
2 282 1
2 155 1
2 284 1
2 29 1
3 256 1
3 226 1
3 197 1
3 8 1
3 194 1
3 238 1
3 86 1
4 256 1
4 289 1
4 290 1
4 291 1
4 5 1
4 102 1
4 167 1
4 296 1
4 234 1
4 204 1
4 206 1
4 16 1
4 17 1
4 51 1
4 116 1
4 277 1
4 250 1
4 159 1
4 285 1
4 101 1
5 257 1
5 261 1
5 135 1
5 148 1
5 22 1
5 132 1
5 31 1
5 278 1
5 164 1
5 263 1
5 180 1
5 56 1
5 69 1
5 73 1
5 202 1
5 208 1
5 210 1
5 223 1
5 226 1
5 239 1
5 112 1
5 113 1
5 115 1
5 255 1
6 65 1
6 130 1
6 35 1
6 196 1
6 133 1
6 201 1
6 202 1
6 114 1
6 143 1
6 177 1
6 18 1
6 246 1
6 89 1
6 123 1
6 286 1
7 257 1
7 164 1
7 244 1
7 170 1
7 109 1
7 275 1
7 84 1
7 213 1
7 153 1
7 90 1
7 27 1
7 156 1
7 186 1
7 223 1
8 128 1
8 256 1
8 130 1
8 266 1
8 140 1
8 282 1
8 159 1
8 36 1
8 41 1
8 49 1
8 178 1
8 54 1
8 55 1
8 56 1
8 190 1
8 194 1
8 203 1
8 69 1
8 75 1
8 215 1
8 164 1
8 98 1
8 233 1
8 110 1
8 115 1
8 169 1
8 122 1
8 126 1
8 127 1
9 288 1
9 228 1
9 198 1
9 204 1
9 140 1
9 45 1
9 206 1
9 173 1
9 148 1
9 22 1
9 154 1
9 221 1
9 62 1
10 98 1
10 291 1
10 260 1
10 211 1
10 71 1
10 75 1
10 173 1
10 82 1
10 19 1
10 185 1
10 120 1
10 25 1
10 249 1
10 190 1
11 225 1
11 295 1
11 169 1
11 202 1
11 177 1
11 114 1
11 211 1
11 148 1
11 278 1
11 297 1
11 56 1
11 222 1
12 261 1
12 166 1
12 74 1
12 204 1
12 253 1
12 114 1
12 276 1
12 277 1
12 217 1
12 121 1
12 249 1
12 29 1
12 63 1
13 64 1
13 283 1
13 196 1
13 69 1
13 134 1
13 110 1
13 79 1
13 81 1
13 85 1
13 119 1
13 88 1
13 207 1
13 166 1
14 242 1
14 142 1
14 146 1
14 51 1
14 52 1
14 215 1
14 24 1
14 122 1
14 221 1
14 62 1
15 260 1
15 261 1
15 145 1
15 274 1
15 279 1
15 283 1
15 32 1
15 35 1
15 165 1
15 295 1
15 48 1
15 57 1
15 63 1
15 64 1
15 160 1
15 66 1
15 71 1
15 205 1
15 78 1
15 288 1
15 209 1
15 97 1
15 226 1
15 230 1
15 232 1
15 239 1
15 248 1
15 125 1
16 290 1
16 163 1
16 236 1
16 175 1
16 208 1
16 178 1
16 147 1
16 59 1
16 124 1
16 239 1
17 68 1
17 229 1
17 235 1
17 44 1
17 109 1
17 111 1
17 83 1
17 212 1
17 147 1
17 153 1
17 216 1
17 187 1
17 156 1
17 287 1
18 128 1
18 273 1
18 46 1
18 113 1
18 180 1
18 216 1
18 57 1
18 186 1
18 191 1
18 285 1
18 127 1
19 226 1
19 182 1
19 262 1
19 295 1
19 268 1
19 43 1
19 172 1
19 143 1
19 49 1
19 86 1
19 29 1
19 30 1
20 129 1
20 35 1
20 164 1
20 43 1
20 270 1
20 118 1
20 217 1
21 224 1
21 97 1
21 194 1
21 228 1
21 225 1
21 263 1
21 76 1
21 84 1
21 276 1
21 218 1
21 28 1
22 195 1
22 38 1
22 167 1
22 74 1
22 269 1
22 175 1
22 208 1
22 145 1
22 85 1
22 214 1
22 89 1
22 202 1
22 25 1
22 61 1
22 234 1
23 96 1
23 192 1
23 229 1
23 260 1
23 133 1
23 104 1
23 297 1
23 234 1
23 139 1
23 158 1
23 89 1
23 293 1
23 94 1
23 63 1
24 192 1
24 193 1
24 164 1
24 264 1
24 269 1
24 207 1
24 179 1
24 180 1
24 152 1
24 26 1
24 28 1
24 223 1
25 134 1
25 149 1
25 283 1
25 33 1
25 299 1
25 44 1
25 174 1
25 176 1
25 253 1
25 266 1
25 61 1
25 63 1
25 193 1
25 66 1
25 91 1
25 225 1
25 98 1
25 99 1
25 229 1
25 107 1
25 238 1
25 111 1
25 112 1
25 242 1
25 125 1
26 224 1
26 162 1
26 227 1
26 133 1
26 234 1
26 142 1
26 88 1
26 210 1
26 85 1
26 156 1
26 298 1
26 287 1
27 43 1
27 263 1
27 275 1
27 280 1
27 282 1
27 285 1
27 161 1
27 163 1
27 294 1
27 46 1
27 182 1
27 189 1
27 66 1
27 67 1
27 201 1
27 203 1
27 76 1
27 207 1
27 218 1
27 61 1
27 116 1
28 33 1
28 290 1
28 100 1
28 220 1
28 247 1
28 204 1
28 269 1
28 111 1
28 271 1
28 152 1
28 246 1
28 215 1
28 58 1
28 155 1
28 124 1
29 229 1
29 234 1
29 241 1
29 114 1
29 149 1
29 183 1
29 217 1
29 122 1
29 126 1
30 224 1
30 245 1
30 164 1
30 278 1
30 145 1
30 40 1
30 73 1
30 42 1
30 136 1
30 114 1
30 181 1
30 214 1
30 120 1
30 292 1
30 61 1
30 213 1
31 200 1
31 204 1
31 107 1
31 140 1
31 174 1
31 111 1
31 53 1
31 183 1
31 248 1
32 256 1
32 230 1
32 103 1
32 109 1
32 45 1
32 77 1
32 176 1
32 49 1
32 210 1
32 150 1
32 183 1
32 57 1
32 173 1
33 224 1
33 100 1
33 262 1
33 124 1
33 110 1
33 79 1
33 114 1
33 212 1
33 218 1
34 258 1
34 260 1
34 105 1
34 205 1
34 78 1
34 111 1
34 50 1
34 233 1
34 184 1
34 186 1
34 155 1
34 297 1
34 127 1
35 181 1
35 261 1
35 230 1
35 42 1
35 82 1
35 117 1
35 118 1
35 244 1
35 246 1
35 286 1
35 149 1
36 96 1
36 99 1
36 211 1
36 291 1
36 259 1
36 183 1
36 78 1
36 47 1
36 112 1
36 115 1
36 142 1
36 119 1
36 267 1
36 281 1
36 220 1
37 162 1
37 204 1
37 264 1
37 44 1
37 42 1
37 43 1
37 76 1
37 46 1
37 79 1
37 238 1
37 52 1
37 213 1
37 151 1
37 184 1
37 84 1
37 220 1
37 233 1
37 156 1
37 248 1
38 137 1
38 283 1
38 268 1
38 292 1
39 192 1
39 256 1
39 141 1
39 174 1
39 205 1
39 208 1
39 146 1
39 53 1
39 184 1
39 250 1
39 125 1
39 158 1
39 191 1
40 256 1
40 228 1
40 293 1
40 199 1
40 104 1
40 297 1
40 236 1
40 296 1
40 211 1
40 150 1
40 124 1
40 223 1
41 295 1
41 105 1
41 234 1
41 206 1
41 272 1
41 136 1
41 282 1
41 123 1
41 266 1
42 130 1
42 295 1
42 73 1
42 268 1
42 240 1
42 145 1
42 82 1
42 188 1
42 181 1
42 297 1
42 293 1
42 92 1
42 93 1
42 133 1
43 64 1
43 257 1
43 66 1
43 167 1
43 72 1
43 171 1
43 77 1
43 255 1
43 232 1
43 286 1
43 85 1
43 150 1
43 57 1
43 264 1
43 133 1
44 227 1
44 164 1
44 72 1
44 73 1
44 78 1
44 47 1
44 240 1
44 118 1
44 239 1
45 240 1
45 294 1
45 267 1
45 208 1
45 113 1
45 276 1
45 181 1
45 150 1
45 119 1
45 120 1
45 152 1
45 184 1
45 157 1
46 161 1
46 194 1
46 99 1
46 228 1
46 71 1
46 200 1
46 204 1
46 197 1
46 159 1
46 226 1
46 78 1
46 207 1
46 222 1
46 55 1
46 216 1
46 215 1
46 133 1
47 163 1
47 167 1
47 265 1
47 291 1
47 111 1
47 83 1
47 55 1
47 280 1
47 260 1
47 154 1
48 227 1
48 134 1
48 177 1
48 74 1
48 203 1
48 77 1
48 81 1
48 149 1
48 153 1
48 90 1
48 92 1
49 226 1
49 171 1
49 101 1
49 220 1
49 202 1
49 75 1
49 268 1
49 290 1
49 113 1
49 151 1
49 89 1
49 155 1
49 200 1
49 157 1
49 94 1
49 223 1
50 288 1
50 261 1
50 273 1
50 170 1
50 295 1
50 248 1
50 95 1
50 120 1
50 159 1
50 191 1
51 131 1
51 197 1
51 71 1
51 72 1
51 175 1
51 272 1
51 181 1
51 153 1
51 218 1
51 59 1
52 96 1
52 197 1
52 177 1
52 137 1
52 252 1
52 269 1
52 176 1
52 113 1
52 178 1
52 142 1
52 184 1
52 266 1
52 124 1
52 61 1
52 280 1
52 127 1
53 288 1
53 73 1
53 170 1
53 199 1
53 141 1
53 176 1
53 82 1
53 149 1
53 247 1
53 184 1
53 266 1
53 125 1
53 127 1
54 99 1
54 68 1
54 138 1
54 191 1
54 223 1
54 111 1
54 205 1
54 115 1
54 277 1
54 215 1
54 89 1
54 155 1
54 253 1
54 286 1
54 95 1
55 283 1
55 197 1
55 135 1
55 202 1
55 75 1
55 108 1
55 77 1
55 209 1
55 242 1
55 212 1
55 213 1
55 151 1
55 185 1
55 293 1
55 91 1
55 188 1
55 125 1
55 287 1
56 145 1
56 113 1
56 85 1
56 246 1
56 199 1
56 88 1
56 121 1
56 154 1
56 94 1
56 149 1
57 64 1
57 227 1
57 102 1
57 73 1
57 112 1
57 177 1
57 83 1
57 235 1
57 85 1
57 119 1
57 127 1
58 289 1
58 130 1
58 227 1
58 231 1
58 236 1
58 203 1
58 172 1
58 205 1
58 174 1
58 79 1
58 112 1
58 114 1
58 243 1
58 150 1
58 151 1
58 267 1
58 285 1
58 215 1
59 99 1
59 100 1
59 163 1
59 103 1
59 72 1
59 116 1
59 243 1
59 216 1
59 90 1
59 155 1
60 292 1
60 134 1
60 200 1
60 298 1
60 203 1
60 83 1
60 276 1
60 279 1
60 121 1
60 282 1
60 123 1
60 94 1
61 246 1
61 259 1
61 212 1
61 165 1
61 231 1
61 296 1
61 174 1
61 79 1
61 81 1
61 279 1
61 88 1
61 248 1
61 229 1
62 196 1
62 197 1
62 167 1
62 298 1
62 143 1
62 243 1
62 180 1
62 238 1
62 126 1
63 267 1
63 133 1
63 263 1
63 232 1
63 106 1
63 151 1
63 141 1
63 177 1
63 91 1
63 287 1
64 240 1
64 132 1
64 101 1
64 263 1
64 296 1
64 80 1
64 115 1
64 188 1
64 127 1
65 161 1
65 259 1
65 101 1
65 103 1
65 171 1
65 173 1
65 142 1
65 294 1
65 241 1
65 127 1
66 144 1
66 130 1
66 294 1
66 261 1
66 102 1
66 200 1
66 106 1
66 174 1
66 112 1
66 299 1
66 119 1
66 94 1
66 287 1
67 193 1
67 130 1
67 131 1
67 228 1
67 165 1
67 105 1
67 146 1
67 142 1
67 237 1
67 82 1
67 227 1
67 238 1
67 137 1
67 260 1
67 94 1
67 229 1
68 193 1
68 262 1
68 235 1
68 164 1
68 69 1
68 230 1
68 209 1
68 136 1
68 139 1
68 274 1
68 184 1
68 185 1
68 186 1
69 133 1
69 214 1
69 101 1
69 246 1
69 231 1
69 297 1
69 266 1
69 118 1
69 153 1
69 248 1
69 89 1
70 226 1
70 131 1
70 164 1
70 261 1
70 105 1
70 255 1
70 173 1
70 142 1
70 237 1
70 271 1
70 149 1
70 246 1
70 239 1
70 95 1
71 278 1
71 229 1
71 182 1
71 102 1
71 181 1
71 118 1
71 151 1
71 221 1
71 159 1
72 256 1
72 194 1
72 131 1
72 132 1
72 166 1
72 136 1
72 204 1
72 259 1
72 239 1
72 176 1
72 264 1
72 85 1
72 271 1
72 297 1
72 296 1
72 287 1
73 193 1
73 166 1
73 135 1
73 225 1
73 279 1
73 177 1
73 83 1
73 89 1
73 127 1
73 92 1
73 138 1
73 85 1
74 226 1
74 195 1
74 263 1
74 264 1
74 291 1
74 106 1
74 110 1
74 207 1
74 274 1
74 227 1
75 192 1
75 289 1
75 130 1
75 166 1
75 267 1
75 176 1
75 182 1
75 217 1
75 155 1
75 157 1
76 97 1
76 162 1
76 187 1
76 294 1
76 135 1
76 161 1
76 171 1
76 273 1
76 77 1
76 208 1
76 245 1
76 219 1
76 119 1
76 248 1
76 153 1
76 250 1
76 94 1
76 133 1
77 96 1
77 136 1
77 233 1
77 256 1
77 145 1
77 282 1
77 222 1
78 230 1
78 236 1
78 113 1
78 206 1
78 183 1
78 248 1
78 249 1
78 175 1
78 188 1
79 227 1
79 172 1
79 239 1
79 241 1
79 280 1
79 246 1
79 119 1
79 120 1
79 222 1
79 293 1
80 160 1
80 98 1
80 99 1
80 100 1
80 261 1
80 134 1
80 167 1
80 193 1
80 139 1
80 192 1
80 258 1
80 203 1
80 241 1
80 181 1
80 150 1
80 245 1
81 192 1
81 258 1
81 194 1
81 195 1
81 243 1
81 231 1
81 259 1
81 137 1
81 170 1
81 172 1
81 209 1
81 179 1
81 84 1
81 245 1
81 118 1
81 183 1
81 94 1
81 191 1
82 213 1
82 133 1
82 166 1
82 291 1
82 107 1
82 236 1
82 244 1
82 116 1
82 150 1
82 235 1
82 153 1
82 163 1
82 281 1
82 149 1
83 289 1
83 99 1
83 260 1
83 232 1
83 237 1
83 156 1
83 117 1
83 89 1
83 169 1
84 160 1
84 288 1
84 162 1
84 230 1
84 177 1
84 140 1
84 258 1
84 206 1
84 143 1
84 178 1
84 211 1
84 148 1
84 183 1
84 187 1
84 149 1
85 97 1
85 166 1
85 102 1
85 140 1
85 137 1
85 123 1
85 230 1
86 197 1
86 134 1
86 105 1
86 268 1
86 237 1
86 144 1
86 229 1
86 150 1
86 87 1
86 216 1
86 186 1
86 287 1
86 265 1
86 297 1
86 95 1
87 175 1
87 241 1
87 179 1
87 148 1
87 88 1
87 90 1
88 192 1
88 98 1
88 163 1
88 101 1
88 247 1
88 145 1
88 223 1
88 158 1
88 197 1
89 256 1
89 161 1
89 177 1
89 267 1
89 109 1
89 175 1
89 180 1
89 152 1
89 157 1
89 134 1
90 193 1
90 162 1
90 163 1
90 196 1
90 171 1
90 109 1
90 274 1
90 245 1
90 182 1
90 290 1
90 186 1
90 221 1
91 130 1
91 172 1
91 140 1
91 194 1
91 110 1
91 175 1
91 204 1
91 190 1
91 201 1
91 285 1
91 126 1
92 259 1
92 205 1
92 241 1
92 218 1
93 132 1
93 97 1
93 137 1
93 141 1
93 161 1
93 272 1
93 193 1
93 148 1
93 252 1
93 105 1
93 188 1
93 286 1
94 129 1
94 270 1
94 277 1
94 154 1
94 160 1
94 293 1
94 170 1
94 187 1
94 220 1
94 226 1
94 105 1
94 106 1
94 238 1
94 113 1
94 247 1
94 254 1
95 96 1
95 277 1
95 107 1
95 275 1
95 149 1
95 217 1
95 220 1
95 182 1
96 193 1
96 98 1
96 180 1
96 102 1
96 168 1
96 183 1
96 141 1
96 113 1
96 213 1
96 173 1
96 120 1
96 164 1
96 154 1
96 143 1
97 150 1
97 234 1
97 299 1
97 273 1
97 274 1
97 211 1
97 118 1
97 153 1
98 272 1
98 291 1
98 101 1
98 201 1
98 175 1
98 216 1
98 178 1
98 218 1
99 112 1
99 132 1
99 262 1
99 260 1
99 106 1
99 143 1
99 111 1
99 250 1
99 253 1
100 130 1
100 187 1
100 165 1
100 167 1
100 295 1
100 108 1
100 113 1
100 277 1
100 286 1
101 267 1
101 134 1
101 113 1
101 106 1
101 225 1
101 210 1
101 277 1
102 257 1
102 299 1
102 136 1
102 107 1
102 142 1
102 272 1
102 211 1
102 248 1
102 283 1
103 251 1
103 193 1
103 200 1
103 259 1
103 216 1
103 158 1
103 255 1
104 227 1
104 164 1
104 137 1
104 172 1
104 109 1
104 238 1
104 180 1
104 246 1
104 255 1
105 192 1
105 289 1
105 134 1
105 209 1
105 174 1
105 113 1
105 275 1
105 152 1
105 283 1
105 187 1
105 127 1
106 165 1
106 248 1
106 120 1
106 282 1
107 129 1
107 243 1
107 235 1
107 242 1
107 177 1
107 211 1
107 154 1
107 252 1
108 290 1
108 167 1
108 297 1
108 139 1
108 110 1
108 215 1
109 192 1
109 133 1
109 267 1
109 268 1
109 206 1
109 271 1
109 150 1
109 296 1
110 182 1
110 166 1
110 236 1
110 135 1
110 111 1
110 271 1
110 200 1
110 118 1
110 156 1
110 298 1
110 126 1
111 225 1
111 294 1
111 256 1
111 291 1
111 255 1
111 290 1
111 178 1
111 115 1
111 270 1
111 250 1
111 239 1
112 258 1
112 270 1
113 128 1
113 139 1
113 282 1
113 163 1
113 167 1
113 178 1
113 200 1
113 233 1
113 125 1
113 255 1
114 203 1
114 261 1
114 125 1
114 144 1
114 241 1
114 210 1
114 286 1
114 159 1
115 259 1
115 273 1
115 141 1
115 206 1
115 282 1
115 177 1
115 116 1
115 212 1
115 180 1
115 186 1
115 232 1
116 272 1
116 162 1
116 273 1
116 289 1
116 173 1
116 206 1
116 239 1
116 208 1
116 241 1
116 245 1
116 217 1
116 126 1
117 211 1
117 265 1
117 237 1
117 142 1
117 179 1
117 157 1
118 145 1
118 236 1
119 176 1
119 194 1
119 298 1
119 144 1
119 239 1
119 237 1
119 245 1
119 151 1
119 122 1
119 189 1
119 287 1
120 160 1
120 259 1
120 167 1
120 211 1
120 148 1
120 183 1
120 187 1
121 131 1
121 243 1
121 136 1
121 177 1
121 195 1
121 276 1
121 277 1
121 214 1
121 123 1
121 285 1
121 127 1
122 193 1
122 273 1
122 297 1
122 204 1
122 173 1
122 264 1
122 150 1
122 157 1
123 192 1
123 130 1
123 240 1
123 241 1
123 188 1
123 246 1
123 216 1
123 125 1
124 256 1
124 129 1
124 135 1
124 207 1
124 247 1
124 126 1
125 192 1
125 162 1
125 228 1
125 133 1
125 137 1
125 140 1
125 204 1
125 265 1
125 213 1
126 193 1
126 283 1
126 294 1
126 236 1
126 207 1
126 148 1
126 287 1
127 294 1
127 231 1
127 178 1
127 175 1
127 145 1
127 243 1
127 214 1
127 133 1
128 257 1
128 195 1
128 237 1
128 219 1
128 214 1
128 187 1
128 296 1
128 287 1
129 130 1
129 168 1
129 188 1
129 237 1
129 274 1
129 211 1
129 284 1
130 256 1
130 255 1
130 143 1
130 271 1
130 280 1
130 196 1
130 189 1
130 191 1
131 135 1
131 161 1
131 193 1
131 139 1
131 240 1
131 296 1
131 178 1
131 225 1
131 223 1
131 191 1
132 226 1
132 230 1
132 167 1
132 204 1
132 274 1
132 142 1
132 240 1
132 178 1
132 243 1
132 156 1
133 229 1
133 168 1
133 298 1
133 271 1
133 235 1
133 248 1
134 230 1
134 136 1
134 142 1
134 145 1
134 274 1
134 186 1
134 297 1
134 223 1
135 194 1
135 249 1
135 287 1
136 295 1
136 231 1
136 171 1
136 173 1
136 242 1
136 207 1
136 188 1
136 255 1
137 198 1
137 227 1
137 298 1
137 279 1
137 175 1
137 274 1
137 179 1
137 151 1
137 155 1
137 200 1
137 222 1
138 292 1
138 236 1
138 269 1
138 270 1
138 181 1
138 220 1
139 293 1
139 263 1
139 232 1
139 238 1
139 260 1
139 156 1
139 222 1
139 191 1
140 149 1
140 155 1
140 259 1
140 170 1
140 269 1
140 223 1
140 157 1
140 245 1
140 145 1
140 210 1
140 227 1
140 251 1
140 180 1
141 257 1
141 195 1
141 293 1
141 235 1
141 239 1
141 245 1
141 244 1
141 220 1
141 222 1
142 224 1
142 194 1
142 231 1
142 253 1
142 250 1
142 218 1
143 293 1
143 263 1
143 200 1
143 282 1
143 285 1
144 289 1
144 231 1
144 295 1
144 238 1
144 244 1
144 154 1
144 219 1
145 196 1
145 211 1
145 269 1
145 181 1
145 280 1
145 218 1
145 220 1
145 285 1
146 161 1
146 214 1
146 201 1
146 192 1
146 210 1
146 259 1
146 238 1
146 182 1
146 216 1
146 190 1
146 287 1
147 256 1
147 194 1
147 260 1
147 235 1
147 207 1
147 179 1
147 277 1
147 156 1
148 192 1
148 235 1
148 290 1
148 184 1
148 278 1
148 249 1
148 218 1
149 289 1
149 260 1
149 209 1
149 175 1
149 189 1
149 278 1
149 185 1
149 252 1
149 222 1
150 259 1
150 197 1
150 230 1
150 231 1
150 242 1
150 296 1
150 253 1
150 265 1
150 248 1
151 192 1
151 260 1
151 198 1
151 266 1
151 173 1
151 207 1
151 211 1
151 254 1
151 152 1
151 184 1
151 186 1
151 222 1
152 292 1
152 293 1
152 230 1
152 173 1
152 240 1
152 210 1
152 246 1
152 239 1
152 285 1
153 195 1
153 166 1
153 232 1
153 297 1
153 167 1
153 270 1
153 293 1
153 248 1
153 218 1
153 264 1
153 287 1
154 160 1
154 171 1
154 238 1
154 243 1
154 244 1
154 254 1
154 201 1
154 239 1
154 220 1
154 277 1
155 193 1
155 200 1
155 179 1
155 212 1
155 249 1
155 286 1
156 268 1
156 270 1
156 260 1
156 284 1
156 290 1
156 295 1
156 177 1
156 180 1
156 195 1
156 209 1
156 210 1
156 293 1
156 233 1
157 226 1
157 167 1
157 249 1
157 268 1
157 297 1
157 269 1
157 208 1
157 242 1
157 180 1
157 217 1
157 219 1
157 273 1
157 296 1
158 271 1
158 213 1
158 186 1
158 188 1
158 221 1
158 287 1
159 230 1
159 266 1
159 269 1
159 187 1
160 258 1
160 227 1
160 169 1
160 216 1
160 179 1
160 282 1
160 215 1
160 218 1
161 261 1
161 169 1
161 202 1
161 183 1
161 216 1
162 193 1
162 241 1
162 208 1
162 209 1
162 210 1
162 275 1
162 245 1
162 184 1
162 220 1
163 226 1
163 164 1
163 200 1
163 252 1
163 253 1
164 268 1
164 294 1
164 297 1
164 243 1
164 215 1
164 244 1
164 264 1
164 232 1
165 200 1
165 173 1
165 177 1
165 215 1
165 228 1
166 224 1
166 193 1
166 196 1
166 294 1
166 239 1
166 284 1
166 282 1
166 187 1
166 220 1
167 197 1
167 194 1
167 183 1
167 243 1
167 254 1
167 282 1
168 194 1
168 196 1
168 205 1
169 258 1
169 229 1
169 193 1
169 234 1
169 269 1
169 288 1
169 176 1
169 285 1
170 283 1
170 260 1
170 274 1
170 206 1
170 212 1
170 280 1
170 185 1
170 251 1
170 284 1
170 255 1
171 195 1
171 233 1
171 202 1
171 182 1
172 194 1
172 198 1
172 270 1
172 240 1
172 250 1
173 235 1
173 289 1
173 241 1
173 247 1
174 291 1
174 268 1
174 239 1
174 178 1
174 281 1
174 287 1
175 225 1
175 214 1
175 298 1
175 242 1
175 286 1
176 224 1
176 252 1
176 258 1
176 239 1
176 280 1
176 220 1
177 295 1
177 188 1
177 221 1
178 204 1
178 291 1
178 252 1
179 225 1
179 281 1
179 186 1
180 288 1
180 262 1
180 210 1
180 200 1
180 212 1
180 190 1
180 214 1
180 261 1
181 256 1
181 271 1
181 274 1
181 219 1
182 210 1
182 199 1
183 235 1
183 294 1
183 237 1
183 287 1
184 295 1
184 231 1
184 204 1
184 241 1
184 187 1
184 253 1
185 227 1
185 229 1
185 276 1
185 251 1
185 291 1
185 244 1
185 196 1
185 217 1
185 187 1
185 190 1
186 202 1
186 266 1
187 198 1
187 263 1
187 202 1
187 207 1
187 287 1
187 286 1
187 293 1
187 221 1
188 197 1
188 237 1
188 232 1
188 206 1
188 278 1
189 256 1
189 283 1
189 207 1
189 271 1
189 209 1
189 280 1
190 195 1
190 274 1
190 213 1
190 279 1
191 237 1
191 275 1
191 245 1
191 254 1
192 212 1
192 214 1
192 230 1
192 234 1
192 295 1
192 238 1
192 240 1
193 218 1
194 258 1
194 265 1
194 271 1
194 281 1
194 282 1
194 286 1
194 195 1
194 201 1
194 270 1
194 252 1
195 228 1
195 237 1
195 240 1
196 299 1
196 207 1
196 247 1
197 278 1
197 259 1
197 285 1
197 293 1
198 292 1
198 271 1
198 240 1
198 274 1
198 213 1
198 268 1
198 282 1
198 221 1
199 224 1
199 256 1
199 259 1
199 278 1
199 272 1
199 209 1
199 215 1
200 258 1
200 248 1
201 242 1
201 234 1
202 232 1
202 271 1
202 227 1
202 218 1
203 258 1
203 219 1
203 229 1
203 268 1
203 240 1
203 207 1
203 296 1
203 211 1
203 278 1
203 247 1
203 216 1
203 222 1
204 224 1
204 231 1
204 274 1
204 205 1
204 209 1
204 264 1
205 261 1
205 296 1
206 262 1
206 267 1
206 246 1
207 275 1
207 290 1
207 296 1
207 298 1
207 299 1
207 236 1
207 242 1
207 243 1
208 240 1
208 278 1
208 209 1
209 229 1
209 249 1
209 233 1
210 291 1
210 297 1
210 282 1
211 279 1
211 292 1
211 281 1
211 234 1
211 299 1
211 213 1
212 283 1
212 276 1
212 263 1
212 296 1
212 277 1
212 217 1
213 298 1
213 281 1
214 227 1
214 270 1
214 275 1
214 247 1
215 266 1
215 264 1
216 219 1
216 235 1
216 248 1
216 285 1
216 222 1
216 223 1
217 273 1
217 255 1
217 286 1
218 299 1
218 295 1
218 272 1
218 285 1
219 292 1
219 266 1
219 247 1
220 265 1
220 222 1
220 250 1
221 292 1
221 272 1
222 260 1
222 298 1
222 254 1
223 230 1
223 236 1
223 227 1
223 264 1
224 297 1
224 254 1
224 247 1
224 248 1
225 262 1
225 232 1
225 275 1
226 290 1
226 285 1
226 246 1
226 234 1
226 283 1
227 237 1
227 269 1
228 235 1
228 253 1
228 272 1
229 290 1
229 232 1
229 241 1
229 283 1
230 261 1
230 240 1
230 284 1
231 236 1
231 270 1
231 255 1
232 264 1
232 236 1
232 296 1
232 253 1
233 268 1
233 270 1
234 293 1
234 294 1
234 292 1
234 275 1
234 256 1
234 237 1
235 297 1
235 245 1
236 256 1
236 288 1
236 278 1
236 241 1
236 281 1
237 243 1
237 288 1
237 241 1
237 280 1
238 294 1
238 297 1
238 266 1
238 242 1
238 270 1
239 290 1
239 295 1
239 298 1
239 275 1
239 252 1
240 294 1
241 295 1
241 248 1
241 245 1
242 258 1
242 267 1
242 264 1
243 285 1
243 248 1
244 266 1
244 273 1
245 298 1
245 270 1
245 269 1
245 290 1
246 294 1
246 276 1
246 296 1
247 265 1
247 292 1
247 285 1
248 289 1
248 299 1
248 249 1
249 256 1
249 264 1
249 277 1
249 280 1
249 254 1
250 264 1
250 279 1
251 269 1
251 252 1
252 292 1
252 258 1
252 280 1
253 279 1
253 283 1
254 296 1
254 299 1
254 269 1
255 276 1
256 297 1
256 298 1
256 296 1
257 262 1
257 273 1
257 285 1
258 279 1
258 286 1
259 267 1
259 295 1
260 280 1
261 294 1
262 290 1
262 292 1
262 276 1
264 293 1
267 291 1
267 282 1
268 271 1
268 276 1
270 271 1
270 287 1
271 292 1
271 296 1
273 282 1
273 274 1
273 283 1
273 286 1
275 278 1
275 291 1
276 288 1
276 279 1
276 297 1
276 280 1
276 285 1
278 279 1
278 285 1
279 284 1
279 290 1
283 297 1
283 287 1
284 289 1
284 299 1
285 286 1
285 293 1
286 288 1
286 290 1
287 288 1
298 299 1
