0 1152 1
0 1314 1
0 155 1
0 1133 1
0 215 1
1 1648 1
1 1579 1
2 1152 1
2 1829 1
2 958 1
3 767 1
4 137 1
4 1394 1
4 81 1
4 754 1
4 1851 1
4 1470 1
6 1030 1
7 1804 1
7 1229 1
8 1912 1
8 1348 1
8 375 1
9 864 1
9 1056 1
9 1347 1
9 489 1
9 87 1
9 174 1
9 1813 1
9 759 1
9 1049 1
10 618 1
10 1163 1
10 1044 1
10 855 1
11 199 1
11 1192 1
11 778 1
11 1519 1
11 882 1
11 858 1
12 1841 1
12 138 1
12 638 1
13 1580 1
13 365 1
13 573 1
14 1700 1
14 681 1
14 1230 1
14 1348 1
14 1850 1
14 1055 1
15 1512 1
15 1899 1
15 594 1
15 341 1
15 1144 1
15 1887 1
16 1352 1
16 1418 1
16 1420 1
16 878 1
16 1810 1
16 444 1
16 639 1
17 1680 1
17 441 1
17 1938 1
17 356 1
17 558 1
18 400 1
18 783 1
20 1040 1
20 1369 1
20 490 1
20 1332 1
21 805 1
21 22 1
22 1417 1
22 1866 1
22 1707 1
22 1220 1
23 38 1
23 1127 1
23 1676 1
23 628 1
23 952 1
23 1535 1
24 288 1
24 481 1
24 996 1
24 1985 1
24 1674 1
24 236 1
24 1182 1
24 1879 1
24 568 1
24 158 1
25 144 1
25 1660 1
25 1310 1
26 34 1
27 1442 1
27 644 1
28 1758 1
28 74 1
28 1203 1
28 1573 1
28 718 1
29 1371 1
30 194 1
30 156 1
30 303 1
31 232 1
31 1521 1
31 1878 1
31 1767 1
32 220 1
32 1189 1
32 1423 1
33 1097 1
33 443 1
33 135 1
34 1621 1
35 106 1
35 1900 1
35 1774 1
35 1808 1
35 786 1
35 1917 1
36 451 1
36 1893 1
36 715 1
36 1197 1
36 1134 1
36 1236 1
36 1786 1
36 1213 1
37 872 1
37 298 1
37 877 1
37 1038 1
37 886 1
37 798 1
38 1028 1
38 1608 1
38 558 1
38 1487 1
38 1616 1
38 1558 1
38 1336 1
39 1257 1
39 1513 1
39 574 1
39 495 1
40 665 1
40 1971 1
40 604 1
41 1692 1
41 596 1
42 226 1
42 1860 1
42 666 1
42 1689 1
42 1336 1
42 1305 1
42 730 1
42 1533 1
43 836 1
43 1101 1
43 718 1
43 1533 1
44 216 1
44 1882 1
44 47 1
45 1242 1
45 1308 1
45 647 1
46 1424 1
46 707 1
46 915 1
46 735 1
46 479 1
47 1741 1
47 558 1
47 397 1
47 1813 1
47 1037 1
48 310 1
48 1455 1
49 1312 1
49 1485 1
49 1389 1
49 531 1
49 1462 1
49 367 1
50 1169 1
50 1611 1
50 943 1
50 1747 1
50 695 1
51 145 1
51 865 1
51 565 1
51 713 1
52 363 1
52 1689 1
52 107 1
52 1941 1
54 1199 1
55 1056 1
55 1761 1
55 1928 1
55 1804 1
55 255 1
56 122 1
56 1894 1
57 1205 1
57 1515 1
57 61 1
57 253 1
58 1512 1
58 930 1
58 1554 1
58 1374 1
59 608 1
59 322 1
59 1340 1
59 159 1
60 1864 1
60 1193 1
60 1226 1
60 1029 1
60 1601 1
61 101 1
61 857 1
61 1591 1
61 698 1
61 1882 1
62 1264 1
62 1384 1
62 500 1
62 478 1
62 87 1
63 1784 1
63 1074 1
63 187 1
64 810 1
64 1566 1
65 1206 1
65 1767 1
65 593 1
65 338 1
65 1459 1
65 1590 1
65 759 1
66 1916 1
67 1477 1
67 551 1
67 103 1
67 941 1
67 1009 1
67 1789 1
68 1209 1
68 690 1
68 1741 1
69 920 1
69 1594 1
69 1717 1
70 1048 1
70 434 1
70 538 1
71 993 1
71 772 1
71 330 1
71 973 1
71 1711 1
71 1584 1
72 1508 1
72 1519 1
73 1107 1
74 292 1
74 1764 1
74 1293 1
74 1630 1
75 1736 1
75 1281 1
75 915 1
75 1950 1
75 543 1
76 1327 1
76 154 1
76 599 1
76 671 1
76 167 1
77 1587 1
77 619 1
77 1419 1
78 660 1
79 818 1
79 795 1
79 1212 1
79 1846 1
80 897 1
80 1832 1
80 1931 1
80 1548 1
80 205 1
80 1456 1
80 1045 1
80 412 1
80 373 1
81 1752 1
81 1203 1
82 160 1
82 1665 1
82 1012 1
82 1725 1
83 1818 1
83 170 1
83 1539 1
83 492 1
83 810 1
84 1491 1
84 1998 1
84 1295 1
85 1701 1
86 344 1
86 1577 1
86 1549 1
86 295 1
87 244 1
87 508 1
87 1903 1
88 1570 1
88 1192 1
88 527 1
88 1876 1
88 1967 1
88 382 1
88 1759 1
89 1328 1
89 1921 1
89 1005 1
89 1582 1
89 1053 1
90 416 1
90 819 1
90 675 1
90 1676 1
90 1464 1
91 937 1
91 1443 1
92 641 1
92 485 1
92 615 1
92 1005 1
92 1749 1
92 1045 1
92 154 1
92 767 1
93 904 1
93 1808 1
93 122 1
93 1299 1
93 1413 1
94 704 1
94 605 1
95 899 1
95 1481 1
95 1898 1
95 1395 1
95 211 1
95 956 1
96 632 1
96 1040 1
96 523 1
96 1651 1
97 1800 1
97 233 1
97 1358 1
97 368 1
97 1865 1
97 1148 1
99 578 1
99 1571 1
99 326 1
99 331 1
99 1308 1
99 830 1
100 436 1
100 259 1
100 324 1
100 253 1
100 937 1
101 994 1
101 1438 1
101 1191 1
102 153 1
102 738 1
102 1593 1
103 1008 1
103 914 1
103 837 1
103 551 1
104 657 1
104 314 1
104 291 1
104 1372 1
105 154 1
105 1443 1
105 342 1
106 238 1
106 1455 1
106 1010 1
106 1911 1
106 1231 1
106 1983 1
107 1873 1
107 722 1
107 826 1
107 1742 1
108 1803 1
108 1972 1
108 1171 1
108 1348 1
109 1345 1
109 1106 1
109 1827 1
110 272 1
110 1752 1
110 466 1
110 1931 1
111 1702 1
111 1680 1
111 852 1
111 1911 1
111 1400 1
111 756 1
111 1885 1
111 1790 1
112 882 1
112 1479 1
112 1927 1
112 533 1
112 615 1
113 1690 1
113 1645 1
114 819 1
114 556 1
114 502 1
115 804 1
115 1831 1
115 905 1
115 1099 1
115 214 1
115 1892 1
115 829 1
115 446 1
116 369 1
116 1595 1
117 1016 1
117 1049 1
117 1297 1
117 1533 1
117 719 1
118 1057 1
118 439 1
119 1769 1
119 474 1
119 604 1
119 1780 1
119 1295 1
120 136 1
120 1556 1
120 700 1
121 1105 1
121 842 1
121 307 1
121 1817 1
122 202 1
122 1484 1
122 977 1
122 532 1
123 680 1
123 1001 1
123 1180 1
123 572 1
123 557 1
124 868 1
124 1938 1
124 1107 1
124 556 1
124 1954 1
125 136 1
125 1243 1
126 202 1
126 1067 1
126 1277 1
126 1255 1
127 976 1
127 1841 1
127 1598 1
127 302 1
128 1260 1
128 1071 1
129 520 1
129 1548 1
129 883 1
129 1116 1
129 701 1
130 1368 1
130 459 1
130 1558 1
130 326 1
131 843 1
131 1415 1
132 417 1
132 542 1
132 1866 1
132 493 1
132 342 1
134 1417 1
134 522 1
134 658 1
134 1789 1
135 1050 1
135 1597 1
136 1120 1
136 739 1
136 1764 1
136 165 1
137 1116 1
137 1203 1
137 685 1
137 1460 1
138 608 1
138 1337 1
138 1123 1
138 1576 1
140 1089 1
140 293 1
141 1473 1
141 1459 1
141 284 1
141 1540 1
142 312 1
142 544 1
142 1500 1
142 1623 1
143 1049 1
143 1734 1
144 1108 1
144 1141 1
144 294 1
145 1734 1
146 1895 1
146 1741 1
146 1359 1
146 278 1
146 1048 1
146 702 1
147 1539 1
147 1759 1
148 1218 1
148 1987 1
148 1095 1
148 684 1
148 1378 1
148 1454 1
148 337 1
148 1337 1
149 232 1
149 1643 1
149 1194 1
149 267 1
150 1896 1
150 1347 1
151 1384 1
151 1489 1
151 755 1
151 1940 1
151 815 1
152 648 1
152 580 1
152 935 1
153 1881 1
153 794 1
153 444 1
153 1687 1
154 750 1
155 1323 1
155 805 1
155 809 1
155 747 1
155 1324 1
155 238 1
155 1910 1
155 1483 1
155 571 1
155 1182 1
156 192 1
156 770 1
156 1398 1
156 727 1
156 1085 1
157 1315 1
157 1705 1
157 174 1
157 771 1
157 1268 1
157 693 1
158 579 1
158 488 1
158 495 1
158 1528 1
158 1682 1
158 885 1
159 1954 1
159 1246 1
159 614 1
160 380 1
160 757 1
160 933 1
161 289 1
161 1514 1
161 1059 1
161 429 1
161 1701 1
162 650 1
162 1099 1
162 1916 1
162 1270 1
162 1102 1
163 881 1
163 756 1
164 1648 1
164 419 1
164 948 1
164 581 1
164 1733 1
165 1368 1
165 1342 1
166 456 1
166 1097 1
167 1537 1
167 770 1
167 1158 1
167 1519 1
167 185 1
167 1466 1
168 1860 1
168 230 1
168 1799 1
168 651 1
168 999 1
168 1789 1
169 1962 1
169 571 1
169 1238 1
170 946 1
171 424 1
171 627 1
171 533 1
172 1398 1
172 773 1
172 910 1
173 1544 1
173 1585 1
173 1207 1
174 512 1
174 1869 1
175 1738 1
175 298 1
175 1259 1
175 381 1
175 1493 1
176 1678 1
176 398 1
177 1888 1
177 872 1
177 971 1
177 1613 1
177 498 1
177 1939 1
177 1304 1
178 1921 1
178 1601 1
178 1346 1
178 548 1
178 1617 1
179 1768 1
179 281 1
179 1599 1
180 1041 1
181 1644 1
181 826 1
181 588 1
182 401 1
182 1339 1
182 1463 1
183 1208 1
183 837 1
183 855 1
184 297 1
184 485 1
184 783 1
185 1795 1
185 386 1
185 1419 1
186 1734 1
186 705 1
186 428 1
186 853 1
186 1270 1
187 480 1
188 1891 1
188 870 1
188 492 1
188 942 1
188 655 1
188 1552 1
188 1430 1
189 985 1
189 1244 1
189 374 1
190 1409 1
190 777 1
190 523 1
190 307 1
190 472 1
190 1853 1
191 1929 1
191 1598 1
191 1452 1
191 1525 1
191 1438 1
192 1974 1
193 1626 1
193 1419 1
193 687 1
194 1321 1
194 820 1
194 1996 1
194 1863 1
195 1894 1
195 844 1
195 1837 1
195 1230 1
195 1263 1
195 466 1
195 1998 1
195 1340 1
195 830 1
196 745 1
196 317 1
196 1613 1
196 1157 1
197 739 1
197 1383 1
197 1068 1
197 495 1
197 1338 1
197 380 1
198 1415 1
198 552 1
198 559 1
198 273 1
198 1522 1
198 500 1
198 1083 1
199 1760 1
199 609 1
199 339 1
201 209 1
201 1852 1
201 1798 1
202 1218 1
202 580 1
202 1705 1
202 1386 1
202 910 1
202 1138 1
202 1527 1
202 280 1
203 1941 1
203 989 1
203 718 1
203 1893 1
204 218 1
205 1819 1
205 1787 1
205 1726 1
206 1201 1
206 1212 1
207 1498 1
207 763 1
207 1837 1
207 1318 1
208 664 1
208 969 1
208 1200 1
208 596 1
208 1545 1
209 1056 1
209 1833 1
210 1203 1
210 1166 1
211 360 1
211 1959 1
211 1132 1
211 333 1
212 953 1
212 1116 1
212 989 1
212 1065 1
213 973 1
213 935 1
214 1191 1
214 1484 1
214 1078 1
214 312 1
214 955 1
214 1439 1
215 298 1
215 1895 1
215 1893 1
215 359 1
216 900 1
216 698 1
216 853 1
216 655 1
217 1317 1
217 423 1
217 1896 1
217 778 1
217 1357 1
217 440 1
217 1597 1
218 1805 1
218 464 1
218 1459 1
218 502 1
218 915 1
218 1437 1
218 1663 1
219 427 1
219 269 1
221 1201 1
221 986 1
221 1076 1
221 1934 1
222 1505 1
222 1635 1
222 1542 1
222 239 1
222 1715 1
222 501 1
223 1265 1
223 1860 1
223 925 1
224 392 1
224 418 1
224 1517 1
225 672 1
226 897 1
226 1159 1
226 1942 1
226 727 1
227 1820 1
227 1063 1
227 457 1
227 629 1
227 311 1
227 1242 1
227 1468 1
228 961 1
228 796 1
228 829 1
228 1732 1
228 1317 1
229 1778 1
229 1331 1
230 681 1
230 650 1
230 739 1
230 1935 1
231 523 1
231 964 1
231 687 1
232 1856 1
232 393 1
232 853 1
232 822 1
233 1051 1
233 1616 1
233 323 1
233 1049 1
234 563 1
235 851 1
235 483 1
235 372 1
236 1522 1
236 482 1
236 842 1
236 1751 1
237 763 1
237 287 1
238 527 1
239 1286 1
239 1773 1
239 582 1
239 599 1
240 1320 1
240 1933 1
240 1542 1
240 1270 1
240 407 1
241 919 1
242 351 1
243 369 1
243 938 1
243 1169 1
244 450 1
244 1323 1
244 1476 1
244 1486 1
245 826 1
245 1356 1
245 1670 1
246 1744 1
246 1561 1
246 1920 1
246 302 1
247 928 1
247 1123 1
247 1100 1
247 1259 1
248 1200 1
249 1538 1
249 1093 1
249 1771 1
249 1367 1
249 989 1
249 1086 1
250 793 1
250 1508 1
250 1669 1
251 1864 1
251 1322 1
251 870 1
252 816 1
252 1707 1
252 1855 1
253 301 1
253 869 1
254 835 1
254 451 1
254 1394 1
255 1244 1
255 415 1
255 908 1
255 1029 1
256 1786 1
256 730 1
256 1555 1
256 1021 1
257 1276 1
257 1236 1
257 733 1
258 939 1
259 1884 1
259 1076 1
259 938 1
260 1376 1
260 746 1
260 779 1
260 1206 1
260 1464 1
260 1114 1
261 1193 1
261 827 1
261 556 1
261 718 1
262 1600 1
262 1156 1
262 1871 1
263 1417 1
263 1258 1
263 647 1
264 1400 1
264 349 1
264 1783 1
265 424 1
265 1042 1
265 742 1
266 1383 1
267 667 1
267 1126 1
268 529 1
268 875 1
268 1171 1
268 1029 1
269 889 1
269 1002 1
269 1914 1
270 769 1
270 1501 1
271 593 1
272 1865 1
272 1362 1
272 1382 1
273 1843 1
273 559 1
274 1410 1
274 876 1
274 1570 1
274 1263 1
274 368 1
274 831 1
275 1604 1
275 1831 1
276 1816 1
276 706 1
277 1888 1
277 633 1
277 1491 1
278 1256 1
278 683 1
278 693 1
278 1733 1
279 418 1
279 1446 1
279 1930 1
279 1710 1
279 1199 1
279 1269 1
280 1672 1
280 1918 1
281 1538 1
281 355 1
281 1254 1
281 1837 1
281 382 1
282 677 1
282 1896 1
282 940 1
282 909 1
282 1529 1
282 601 1
283 1842 1
283 332 1
283 597 1
283 1606 1
284 663 1
285 1249 1
285 1583 1
285 311 1
286 300 1
287 746 1
287 589 1
288 1655 1
289 530 1
289 1028 1
289 677 1
289 1140 1
290 1520 1
290 921 1
290 963 1
290 1046 1
292 596 1
293 1795 1
293 326 1
293 554 1
293 622 1
293 463 1
293 1630 1
293 1214 1
294 1363 1
294 1715 1
294 1830 1
295 1639 1
295 1552 1
295 1457 1
295 1782 1
295 1979 1
295 1983 1
296 745 1
296 1004 1
296 1005 1
297 1377 1
297 676 1
297 809 1
297 1706 1
297 1900 1
298 1654 1
298 1166 1
298 1810 1
298 1430 1
298 1784 1
299 806 1
299 534 1
299 1397 1
301 1411 1
301 548 1
301 1172 1
301 533 1
301 1204 1
301 731 1
301 1244 1
301 989 1
302 1206 1
302 747 1
302 878 1
302 1200 1
302 985 1
303 905 1
303 1935 1
303 561 1
303 376 1
303 345 1
304 1632 1
304 1913 1
305 974 1
305 767 1
306 1637 1
306 1591 1
307 1808 1
307 646 1
307 1848 1
308 1294 1
308 1286 1
308 1223 1
309 402 1
309 1828 1
309 1829 1
310 930 1
310 875 1
310 1227 1
310 1567 1
311 1192 1
311 1728 1
311 1357 1
312 385 1
312 1160 1
312 907 1
312 1043 1
313 824 1
313 1849 1
313 1864 1
313 934 1
313 862 1
314 770 1
314 1443 1
314 1645 1
314 744 1
314 1723 1
315 1701 1
315 1698 1
315 853 1
315 1878 1
315 1247 1
316 546 1
316 1091 1
316 936 1
316 1880 1
316 1688 1
316 632 1
317 1676 1
317 1547 1
317 1910 1
318 352 1
318 884 1
318 1590 1
318 1751 1
318 729 1
318 1658 1
318 1307 1
319 1564 1
319 701 1
319 1527 1
320 1371 1
320 1501 1
321 963 1
321 356 1
321 965 1
321 998 1
321 1002 1
321 1935 1
321 1214 1
321 1061 1
322 1796 1
322 1205 1
322 707 1
323 1722 1
323 796 1
323 797 1
323 679 1
324 1400 1
324 842 1
324 1123 1
324 986 1
325 944 1
325 1881 1
325 1324 1
325 1669 1
325 1126 1
326 362 1
326 1546 1
327 1057 1
327 660 1
327 1913 1
327 1500 1
327 431 1
328 808 1
328 1057 1
328 1561 1
329 1753 1
329 1442 1
329 1612 1
330 897 1
330 585 1
330 1238 1
330 727 1
330 735 1
331 752 1
331 1981 1
331 443 1
331 755 1
332 1884 1
332 921 1
332 1204 1
333 832 1
333 1461 1
333 1845 1
334 1656 1
334 1380 1
334 1522 1
334 931 1
334 1348 1
335 552 1
335 1394 1
335 508 1
335 357 1
335 1142 1
336 1105 1
336 1502 1
336 1118 1
336 375 1
337 1340 1
337 1206 1
337 623 1
338 648 1
338 659 1
339 1152 1
339 1569 1
339 1518 1
339 598 1
339 1469 1
340 481 1
340 538 1
340 1748 1
340 1253 1
340 489 1
341 595 1
341 1694 1
342 1978 1
344 1176 1
344 1840 1
344 1235 1
345 864 1
345 1795 1
345 717 1
345 1101 1
345 1268 1
346 504 1
346 1422 1
346 358 1
347 1753 1
347 858 1
347 1036 1
347 1638 1
348 1306 1
349 1404 1
349 683 1
349 780 1
349 685 1
349 627 1
349 1940 1
349 1719 1
349 730 1
349 1244 1
350 848 1
350 380 1
350 590 1
351 823 1
351 567 1
352 1220 1
353 1427 1
353 1918 1
354 370 1
354 1579 1
354 1861 1
354 670 1
355 400 1
355 893 1
355 1358 1
355 1430 1
356 834 1
356 1220 1
356 374 1
356 1597 1
356 639 1
357 522 1
357 1479 1
358 544 1
358 1056 1
358 498 1
358 917 1
360 607 1
361 595 1
362 1543 1
362 1901 1
362 1582 1
362 1655 1
362 1912 1
362 1852 1
363 754 1
363 1702 1
363 1398 1
364 1144 1
364 1610 1
364 1213 1
364 1702 1
365 1503 1
366 525 1
366 1550 1
367 1386 1
367 1255 1
368 1340 1
369 961 1
369 1348 1
369 564 1
369 695 1
370 626 1
370 1159 1
371 1741 1
371 1743 1
372 1641 1
372 1426 1
373 1608 1
373 479 1
374 1090 1
374 1493 1
375 1858 1
375 1348 1
375 684 1
375 1426 1
375 466 1
376 1314 1
376 619 1
376 1875 1
377 1760 1
377 1587 1
377 1427 1
377 1325 1
377 1973 1
378 1832 1
378 1771 1
379 1481 1
379 1059 1
379 1060 1
379 1630 1
380 1699 1
380 393 1
380 751 1
382 1441 1
382 654 1
382 1648 1
382 1112 1
382 1742 1
382 986 1
383 1016 1
383 601 1
383 1776 1
383 1223 1
384 1402 1
384 1683 1
384 1510 1
384 910 1
385 464 1
385 1596 1
386 1708 1
386 1180 1
386 1855 1
387 933 1
387 1225 1
387 1802 1
387 1811 1
387 858 1
387 1531 1
388 1552 1
388 1567 1
389 1426 1
389 1324 1
389 1757 1
390 515 1
390 908 1
390 1271 1
390 729 1
390 698 1
390 1148 1
391 569 1
391 859 1
391 1708 1
391 599 1
392 1449 1
392 1638 1
393 859 1
393 431 1
394 912 1
394 1930 1
394 1236 1
394 1230 1
395 431 1
396 1073 1
396 1090 1
396 1803 1
396 670 1
396 1391 1
397 755 1
397 1852 1
397 1502 1
398 1412 1
398 1226 1
398 580 1
398 845 1
399 1154 1
399 932 1
399 1543 1
399 428 1
399 1826 1
399 1552 1
399 1497 1
400 1057 1
400 1844 1
400 1596 1
400 1247 1
401 1316 1
401 1622 1
401 1647 1
402 1432 1
402 1681 1
402 684 1
403 817 1
403 1836 1
403 1629 1
403 1406 1
403 1313 1
404 1663 1
405 424 1
405 715 1
405 1211 1
405 550 1
406 842 1
406 620 1
406 845 1
406 1906 1
406 1050 1
406 1051 1
406 1726 1
407 962 1
407 1459 1
407 1342 1
407 1927 1
408 657 1
408 618 1
408 603 1
408 1021 1
408 1222 1
409 478 1
410 833 1
410 1058 1
411 1827 1
411 1924 1
411 1966 1
411 526 1
412 1871 1
413 1332 1
413 1108 1
413 1622 1
414 1128 1
414 779 1
414 1692 1
414 1630 1
415 699 1
416 1092 1
416 999 1
416 776 1
416 1223 1
416 936 1
416 1960 1
416 854 1
416 1559 1
417 1369 1
417 901 1
418 1322 1
418 1778 1
418 1427 1
418 1368 1
418 1177 1
418 445 1
419 1188 1
419 1733 1
419 1387 1
419 434 1
419 1236 1
419 824 1
419 1757 1
420 1926 1
420 1488 1
420 657 1
420 1748 1
420 1182 1
420 895 1
421 1064 1
421 1320 1
421 1427 1
422 707 1
422 1992 1
422 1495 1
422 1876 1
422 789 1
422 1881 1
422 1561 1
424 1210 1
425 1563 1
425 506 1
425 1323 1
426 963 1
426 1925 1
426 1642 1
426 1361 1
426 1107 1
426 1493 1
427 1008 1
428 930 1
428 1063 1
428 1612 1
428 820 1
429 1002 1
429 1054 1
430 995 1
430 1957 1
431 838 1
431 1382 1
431 1734 1
431 1812 1
431 1048 1
432 465 1
432 1436 1
432 1941 1
433 1302 1
434 1162 1
434 1789 1
434 887 1
435 1857 1
435 1965 1
435 791 1
436 673 1
436 1516 1
436 780 1
437 1176 1
438 1128 1
438 1057 1
439 849 1
439 1748 1
440 667 1
440 558 1
441 1778 1
441 1347 1
441 1081 1
441 1055 1
442 457 1
442 1026 1
442 869 1
442 1865 1
442 933 1
443 864 1
443 1726 1
443 910 1
444 960 1
444 1820 1
445 1345 1
445 1019 1
445 1490 1
445 1842 1
446 828 1
446 1965 1
447 504 1
447 546 1
447 683 1
447 837 1
448 1568 1
450 1096 1
450 549 1
451 1057 1
451 1190 1
452 1771 1
452 1085 1
452 526 1
452 1685 1
453 1220 1
453 730 1
453 707 1
453 844 1
453 717 1
454 552 1
454 1228 1
455 1224 1
455 1922 1
455 1772 1
456 810 1
456 1329 1
456 725 1
456 476 1
456 1898 1
457 1884 1
457 1493 1
457 1159 1
458 1706 1
458 1076 1
458 1726 1
459 1296 1
459 562 1
460 1256 1
460 1609 1
461 1985 1
461 1931 1
461 1820 1
463 1217 1
463 1031 1
463 1194 1
463 1319 1
463 1101 1
463 534 1
463 639 1
464 1956 1
464 1305 1
464 1188 1
464 639 1
465 938 1
465 1132 1
465 1586 1
465 534 1
465 1879 1
465 1147 1
466 805 1
466 774 1
466 659 1
466 1203 1
467 1892 1
467 1130 1
467 1148 1
467 1358 1
467 1262 1
468 972 1
468 844 1
469 670 1
470 531 1
470 1628 1
470 653 1
470 1638 1
470 1853 1
471 1570 1
471 595 1
471 1611 1
472 1778 1
473 913 1
473 1162 1
473 1761 1
473 732 1
473 1289 1
474 1929 1
474 1043 1
475 1881 1
475 635 1
475 1636 1
475 845 1
475 1406 1
476 569 1
476 1768 1
476 1806 1
477 1097 1
477 555 1
478 1063 1
478 1488 1
478 540 1
478 1117 1
479 1032 1
479 588 1
479 1588 1
479 1946 1
479 1693 1
480 562 1
480 1362 1
481 709 1
482 1233 1
482 1900 1
482 1316 1
483 546 1
483 1425 1
483 1363 1
483 604 1
483 1821 1
483 1630 1
484 1691 1
485 1289 1
485 1050 1
486 864 1
486 921 1
486 1748 1
486 1073 1
486 639 1
487 585 1
487 650 1
487 1399 1
487 1210 1
487 1303 1
488 1089 1
488 1302 1
489 1443 1
489 525 1
489 1614 1
489 1111 1
489 1944 1
490 586 1
490 1909 1
491 1812 1
491 1582 1
492 928 1
492 1088 1
492 1818 1
492 1406 1
493 1080 1
493 1817 1
493 883 1
493 1531 1
494 632 1
494 904 1
494 1135 1
494 1705 1
494 1105 1
495 1448 1
495 816 1
495 1021 1
495 895 1
496 1635 1
496 1042 1
496 621 1
496 658 1
496 1781 1
496 1369 1
496 1052 1
496 1407 1
497 657 1
497 817 1
498 1511 1
498 1748 1
498 961 1
500 1701 1
500 1165 1
500 1519 1
500 986 1
501 709 1
501 1961 1
501 852 1
501 1148 1
501 1285 1
502 1223 1
502 1199 1
502 1139 1
502 1687 1
503 1336 1
503 1653 1
503 749 1
503 1437 1
504 1200 1
504 1139 1
504 1858 1
505 1737 1
505 890 1
505 958 1
505 1487 1
506 1219 1
507 745 1
507 891 1
507 1691 1
507 1446 1
508 1967 1
508 1010 1
508 1493 1
509 1164 1
510 1574 1
510 1485 1
510 822 1
512 729 1
512 1558 1
513 1328 1
513 1378 1
513 845 1
513 1863 1
514 1646 1
514 1455 1
515 1688 1
515 1771 1
515 756 1
515 1955 1
516 1128 1
516 1711 1
516 1836 1
516 1607 1
517 1300 1
517 1678 1
518 1424 1
518 562 1
518 963 1
519 1053 1
520 880 1
520 1956 1
520 1444 1
520 1288 1
521 1752 1
521 633 1
521 1880 1
521 1084 1
522 1057 1
522 1067 1
522 1904 1
522 1553 1
522 1462 1
523 1410 1
523 1315 1
523 1063 1
523 1779 1
524 1702 1
524 1448 1
524 1388 1
524 1393 1
524 1814 1
524 1339 1
525 1830 1
525 1709 1
525 1425 1
525 949 1
526 644 1
526 872 1
526 850 1
526 1796 1
527 1234 1
527 1006 1
527 975 1
527 785 1
527 722 1
528 1646 1
528 1329 1
528 611 1
528 1414 1
528 638 1
529 962 1
529 1799 1
529 1034 1
529 1900 1
529 602 1
530 1488 1
530 1642 1
530 1754 1
530 1517 1
531 547 1
531 1220 1
531 965 1
531 972 1
532 1203 1
532 1190 1
533 1135 1
534 1664 1
534 1787 1
534 1255 1
534 535 1
534 763 1
534 1790 1
535 1190 1
535 710 1
535 1737 1
535 1291 1
535 1968 1
536 934 1
536 938 1
536 1847 1
536 856 1
536 1305 1
536 699 1
538 628 1
538 1275 1
539 1219 1
539 1908 1
539 1707 1
539 1686 1
539 1831 1
540 1699 1
540 1382 1
541 1224 1
541 674 1
542 556 1
542 1642 1
542 621 1
542 1725 1
543 1625 1
543 1234 1
543 1838 1
544 832 1
544 1344 1
544 1859 1
544 1063 1
544 1042 1
544 1428 1
545 1524 1
545 628 1
546 671 1
547 944 1
547 1579 1
547 1541 1
547 974 1
548 1974 1
548 1221 1
549 1701 1
549 715 1
549 1133 1
549 782 1
549 1103 1
549 571 1
550 1873 1
550 1863 1
550 1323 1
550 1477 1
551 1794 1
551 987 1
552 940 1
552 1650 1
552 1978 1
552 668 1
553 1131 1
554 1074 1
554 1468 1
554 1886 1
555 1512 1
555 1343 1
556 1470 1
557 602 1
558 615 1
558 1948 1
558 1148 1
559 1287 1
559 967 1
559 1166 1
559 698 1
560 812 1
562 1281 1
562 1297 1
562 1470 1
562 734 1
563 1878 1
563 874 1
563 1286 1
563 687 1
564 1110 1
564 1095 1
564 1494 1
564 1079 1
564 1052 1
565 640 1
565 575 1
566 759 1
567 673 1
567 1229 1
567 1679 1
567 1778 1
567 639 1
568 1444 1
569 1368 1
569 900 1
570 1657 1
570 1642 1
570 1799 1
572 706 1
572 1028 1
572 1471 1
573 744 1
573 1178 1
573 781 1
574 1154 1
574 1285 1
574 1576 1
574 1557 1
574 1271 1
575 1562 1
575 1268 1
575 1910 1
576 683 1
576 1284 1
576 1349 1
577 729 1
577 1482 1
577 1606 1
578 882 1
578 1085 1
579 600 1
579 1150 1
579 1775 1
580 1768 1
581 936 1
581 1456 1
582 921 1
582 1561 1
583 1462 1
583 1103 1
584 1047 1
584 1439 1
584 1955 1
584 727 1
585 1543 1
585 757 1
586 1448 1
586 1793 1
586 722 1
587 1864 1
587 705 1
587 1724 1
587 1060 1
587 745 1
588 1240 1
588 1981 1
589 1896 1
589 634 1
589 1827 1
591 809 1
591 1379 1
592 986 1
592 1469 1
593 1541 1
593 624 1
593 1079 1
593 1788 1
594 1849 1
594 1538 1
594 1875 1
594 1230 1
595 738 1
595 1647 1
595 952 1
595 1531 1
596 1124 1
596 816 1
597 1193 1
597 1061 1
597 1787 1
598 1980 1
598 1212 1
598 1797 1
599 1424 1
599 899 1
599 816 1
600 1739 1
601 898 1
601 998 1
601 1140 1
601 1495 1
602 1612 1
602 1495 1
602 794 1
602 861 1
603 704 1
603 1986 1
603 1830 1
603 1678 1
603 1688 1
603 700 1
603 861 1
604 1541 1
605 1313 1
605 1956 1
605 734 1
605 990 1
605 927 1
606 1491 1
607 880 1
607 1282 1
607 1578 1
608 1296 1
608 1907 1
608 1261 1
609 635 1
610 1978 1
610 1420 1
611 1548 1
612 737 1
612 901 1
612 1638 1
612 1767 1
613 1699 1
613 988 1
613 1285 1
613 1846 1
613 895 1
614 1700 1
614 1573 1
615 1824 1
615 1070 1
615 693 1
615 1080 1
615 1885 1
616 865 1
616 1315 1
616 1125 1
617 876 1
617 1421 1
617 1039 1
617 1937 1
617 1389 1
617 991 1
618 1131 1
618 1130 1
619 927 1
619 719 1
620 1482 1
620 1451 1
621 1443 1
621 694 1
621 955 1
621 1692 1
622 1177 1
622 1589 1
623 1548 1
623 1774 1
623 1074 1
623 728 1
623 1339 1
624 1547 1
624 1563 1
624 1355 1
625 1027 1
625 964 1
625 814 1
626 1971 1
626 1703 1
627 1830 1
628 676 1
628 847 1
628 925 1
629 1151 1
630 1345 1
630 866 1
630 1610 1
630 1843 1
630 1371 1
630 1162 1
631 1585 1
631 995 1
631 925 1
631 1597 1
632 992 1
632 871 1
632 1132 1
633 1186 1
633 1890 1
633 1153 1
634 1790 1
634 1772 1
634 1606 1
634 1837 1
635 1221 1
635 902 1
635 1815 1
636 1851 1
637 936 1
637 1571 1
637 1538 1
637 939 1
637 860 1
638 1776 1
638 1636 1
638 921 1
638 958 1
639 1561 1
639 925 1
640 1632 1
640 945 1
640 1881 1
640 1361 1
641 1878 1
642 1198 1
643 760 1
643 1601 1
643 1800 1
644 713 1
644 1364 1
645 1610 1
646 717 1
648 855 1
649 1872 1
649 1763 1
649 676 1
649 1246 1
650 1760 1
651 1689 1
651 1739 1
651 844 1
652 1537 1
652 1418 1
652 1268 1
652 1759 1
653 672 1
653 1951 1
654 818 1
654 1420 1
655 1016 1
655 987 1
655 1281 1
656 1754 1
656 1405 1
656 1038 1
657 1734 1
657 807 1
658 1540 1
658 1637 1
658 1895 1
659 1155 1
659 1771 1
660 1907 1
660 1086 1
661 770 1
661 1525 1
661 1655 1
662 1689 1
663 1797 1
663 1446 1
663 1938 1
663 1565 1
663 1221 1
664 1801 1
664 850 1
664 686 1
665 732 1
665 1879 1
666 1844 1
666 1092 1
666 1813 1
666 1758 1
667 1828 1
667 1396 1
667 1523 1
669 1900 1
670 677 1
670 714 1
670 1521 1
670 1588 1
670 1148 1
671 1610 1
671 1806 1
671 1103 1
672 1128 1
672 1909 1
672 1361 1
673 900 1
673 906 1
673 1907 1
673 757 1
673 1732 1
675 1683 1
676 1258 1
676 1742 1
676 1940 1
677 736 1
677 910 1
677 1616 1
677 1586 1
677 1870 1
677 703 1
678 780 1
678 885 1
678 774 1
678 1901 1
679 784 1
679 1808 1
679 1778 1
679 1718 1
680 1881 1
680 1093 1
680 1718 1
681 1377 1
681 1957 1
681 1832 1
681 1548 1
681 723 1
681 1717 1
681 790 1
682 1656 1
682 1418 1
682 1526 1
683 1704 1
683 850 1
684 1958 1
684 1138 1
684 1294 1
684 701 1
684 1213 1
687 1122 1
687 1254 1
688 1458 1
688 901 1
689 1614 1
689 1807 1
690 868 1
690 1960 1
690 1228 1
690 1618 1
690 1490 1
690 948 1
690 1723 1
691 1432 1
691 1385 1
691 1611 1
691 1116 1
692 1972 1
692 1013 1
693 1053 1
693 942 1
695 1696 1
695 1439 1
695 1201 1
696 800 1
696 956 1
697 899 1
697 863 1
698 779 1
698 1886 1
699 1731 1
699 1387 1
699 1968 1
699 1689 1
700 847 1
701 874 1
702 706 1
702 1673 1
702 1559 1
702 1564 1
702 1661 1
703 1536 1
703 1819 1
703 804 1
704 1329 1
704 1876 1
705 800 1
705 970 1
705 754 1
705 1846 1
706 1304 1
706 1242 1
706 1309 1
707 1256 1
707 1202 1
708 1580 1
708 1252 1
708 965 1
709 1674 1
709 892 1
709 1367 1
710 919 1
711 1412 1
711 1227 1
711 1380 1
711 910 1
712 1784 1
712 938 1
712 798 1
713 1640 1
713 1720 1
714 1904 1
714 1292 1
714 880 1
714 1558 1
714 1755 1
715 1125 1
716 1422 1
716 799 1
717 1937 1
718 841 1
720 1899 1
720 1371 1
720 1412 1
721 753 1
721 1251 1
721 1167 1
722 1216 1
722 1133 1
722 1170 1
722 1207 1
722 1994 1
723 746 1
723 829 1
723 1262 1
724 1915 1
725 1509 1
726 1648 1
726 1855 1
726 1059 1
726 1086 1
726 1631 1
727 1217 1
728 1848 1
729 1843 1
729 1689 1
730 1411 1
730 1618 1
730 1721 1
731 1504 1
731 1824 1
731 1386 1
731 910 1
731 1011 1
731 1557 1
731 1304 1
732 897 1
732 1629 1
733 1155 1
733 1068 1
733 1173 1
733 762 1
733 1083 1
733 990 1
734 1522 1
734 1815 1
734 1541 1
735 1891 1
735 1284 1
736 1235 1
736 876 1
736 1957 1
737 1848 1
737 1260 1
737 851 1
737 1595 1
738 757 1
739 1961 1
739 1171 1
740 1731 1
740 1444 1
740 1590 1
740 1519 1
741 1305 1
741 1071 1
741 839 1
743 1114 1
743 1259 1
743 1438 1
743 1342 1
743 983 1
744 977 1
744 975 1
746 1402 1
746 1893 1
747 895 1
748 1350 1
748 918 1
749 1379 1
750 1136 1
750 1670 1
750 1510 1
751 1084 1
751 1970 1
751 765 1
752 825 1
752 1644 1
752 1541 1
754 1202 1
754 1625 1
755 1483 1
755 1156 1
755 1874 1
755 793 1
756 1580 1
756 1551 1
756 951 1
757 800 1
757 1253 1
757 1325 1
758 1429 1
758 1278 1
760 1524 1
760 1802 1
760 1028 1
761 1122 1
761 1364 1
761 1866 1
761 862 1
762 1560 1
762 1650 1
762 955 1
762 933 1
763 1145 1
763 1221 1
764 1000 1
764 853 1
764 989 1
765 1507 1
765 935 1
765 1880 1
765 1176 1
765 1722 1
766 1241 1
767 1627 1
767 1287 1
767 892 1
767 1871 1
767 854 1
767 1050 1
767 1243 1
769 1601 1
769 1441 1
769 1515 1
769 1497 1
770 1902 1
771 883 1
771 1796 1
771 1710 1
772 1829 1
772 1087 1
772 1245 1
773 1733 1
773 1134 1
774 1211 1
775 978 1
775 1959 1
776 1552 1
776 1478 1
776 1142 1
776 1877 1
777 1042 1
778 1769 1
778 1583 1
778 1747 1
778 1975 1
778 1391 1
779 1573 1
779 876 1
779 974 1
779 1167 1
779 1361 1
780 784 1
780 929 1
781 1562 1
781 1622 1
782 1032 1
782 818 1
783 1257 1
783 1435 1
783 1023 1
784 1965 1
784 1937 1
784 1272 1
784 831 1
785 823 1
785 1902 1
787 1563 1
787 1973 1
788 1129 1
789 1648 1
790 1188 1
791 1477 1
791 1230 1
793 1408 1
793 1915 1
793 995 1
794 1704 1
794 850 1
794 942 1
795 1794 1
796 1721 1
797 1843 1
797 1859 1
797 1943 1
798 865 1
798 1730 1
798 1325 1
798 1688 1
799 1697 1
799 1932 1
799 1012 1
799 1973 1
799 1724 1
800 993 1
800 1117 1
800 949 1
801 1963 1
801 812 1
802 1158 1
803 1618 1
803 1527 1
804 896 1
804 1920 1
804 1196 1
805 1959 1
805 1416 1
805 1867 1
805 876 1
805 1807 1
805 1209 1
806 1329 1
806 1915 1
807 1742 1
807 1342 1
808 985 1
808 1988 1
808 1213 1
808 1102 1
809 1230 1
810 1160 1
812 890 1
812 1308 1
813 1836 1
813 1818 1
813 1212 1
813 1421 1
814 1319 1
814 1303 1
815 1196 1
816 1344 1
816 1960 1
817 1729 1
817 1162 1
817 910 1
817 1299 1
817 1146 1
818 1548 1
818 1974 1
818 1881 1
818 1080 1
818 1593 1
818 1339 1
818 1150 1
819 1667 1
819 1487 1
821 1712 1
821 1736 1
821 1506 1
822 1370 1
823 1432 1
823 1973 1
823 1877 1
824 1258 1
824 1093 1
825 1417 1
825 1564 1
826 1925 1
826 1279 1
826 1471 1
827 1989 1
827 1999 1
827 1527 1
827 1977 1
827 1244 1
828 921 1
828 1658 1
828 1769 1
828 1097 1
829 1851 1
829 1815 1
830 1287 1
830 1345 1
830 987 1
831 915 1
831 1117 1
831 1863 1
832 1954 1
832 1467 1
832 1676 1
833 1865 1
833 1603 1
834 1298 1
835 906 1
835 1306 1
836 1185 1
836 1490 1
836 1116 1
837 1816 1
837 962 1
838 1768 1
838 1348 1
838 1084 1
839 1928 1
839 1871 1
840 922 1
841 1725 1
841 1770 1
841 1310 1
841 1565 1
843 1768 1
843 1923 1
843 1947 1
844 1387 1
844 1391 1
844 848 1
845 1542 1
845 989 1
846 1772 1
846 1683 1
846 1148 1
846 1501 1
846 878 1
848 1028 1
848 1334 1
848 1351 1
849 1788 1
850 1858 1
850 1803 1
850 1647 1
850 1712 1
850 1433 1
850 1531 1
851 1594 1
851 1825 1
853 854 1
854 1426 1
854 943 1
855 1913 1
856 1950 1
857 1255 1
858 888 1
858 1480 1
859 898 1
860 1217 1
860 1657 1
860 1145 1
860 1146 1
860 991 1
861 891 1
861 1922 1
861 1006 1
862 1669 1
862 1351 1
862 1117 1
863 1445 1
864 1258 1
864 1909 1
865 1442 1
865 1919 1
866 1438 1
866 1165 1
866 1039 1
868 1492 1
868 1333 1
868 890 1
868 924 1
869 1277 1
870 1290 1
870 1869 1
871 1267 1
871 1238 1
874 1818 1
874 1466 1
874 899 1
875 1690 1
875 1053 1
876 1334 1
877 1479 1
878 899 1
878 1419 1
878 1373 1
879 1834 1
880 1186 1
880 1389 1
880 1326 1
880 1328 1
880 1698 1
881 1010 1
881 1914 1
882 1842 1
882 1943 1
883 1555 1
883 1367 1
884 1752 1
884 900 1
886 1211 1
886 1755 1
886 1461 1
889 931 1
890 1536 1
890 1737 1
890 1903 1
890 1816 1
890 1887 1
891 1225 1
892 1783 1
892 1943 1
893 1641 1
894 1817 1
894 1596 1
895 1961 1
895 1970 1
895 1748 1
895 1796 1
895 1820 1
896 1604 1
896 1194 1
896 1506 1
897 1121 1
897 1692 1
897 1421 1
898 1860 1
898 1529 1
898 1425 1
899 1009 1
900 1215 1
901 1547 1
902 1404 1
902 1269 1
902 1646 1
902 1365 1
903 1337 1
903 1538 1
903 1811 1
903 1891 1
904 1793 1
904 1348 1
904 1119 1
905 1896 1
906 1164 1
907 1329 1
907 1395 1
908 1810 1
908 1155 1
908 1173 1
909 976 1
909 1713 1
909 1253 1
909 1895 1
910 1060 1
910 1852 1
911 1032 1
911 1179 1
911 1949 1
912 1689 1
912 1670 1
913 1717 1
915 1516 1
915 1333 1
915 1689 1
916 1312 1
917 1225 1
917 1919 1
919 1807 1
919 1453 1
919 1103 1
920 1026 1
920 981 1
921 1301 1
921 1062 1
922 1378 1
922 1062 1
923 1882 1
923 1836 1
923 1375 1
925 1802 1
926 1956 1
926 1749 1
926 1110 1
927 1960 1
927 1996 1
928 1143 1
928 1717 1
930 1811 1
931 1576 1
931 1228 1
931 1081 1
932 1121 1
932 1199 1
933 1679 1
933 1308 1
934 1321 1
935 1104 1
936 1441 1
936 1674 1
936 1039 1
937 1756 1
937 1603 1
938 1991 1
938 1865 1
938 974 1
938 1987 1
938 1790 1
939 1913 1
939 1806 1
940 1731 1
940 1225 1
940 1048 1
940 1279 1
941 1803 1
941 1649 1
942 1876 1
942 1578 1
943 1563 1
943 1206 1
945 1700 1
945 1934 1
945 1262 1
945 1102 1
945 1881 1
945 1636 1
946 1738 1
946 1047 1
947 1402 1
947 1716 1
947 1845 1
949 1939 1
950 1332 1
950 1563 1
950 1004 1
950 1502 1
950 1985 1
951 1760 1
951 1739 1
951 1301 1
952 1312 1
952 1346 1
952 1931 1
952 1698 1
952 1596 1
953 1800 1
953 1889 1
953 1946 1
953 1831 1
954 1074 1
954 1203 1
955 1746 1
955 1803 1
956 1848 1
958 1229 1
958 1153 1
959 1424 1
959 1801 1
959 1147 1
959 1150 1
959 1103 1
960 1493 1
960 1629 1
961 974 1
961 981 1
961 1270 1
961 985 1
961 1439 1
962 1639 1
962 1645 1
962 1688 1
962 1980 1
963 1467 1
963 1726 1
964 994 1
964 1457 1
964 1560 1
964 1629 1
965 1819 1
965 1775 1
966 972 1
967 1461 1
968 1070 1
970 1026 1
970 1941 1
971 1307 1
972 1405 1
972 1667 1
973 1682 1
973 1134 1
974 1477 1
974 1883 1
975 1441 1
975 1444 1
975 1773 1
975 1039 1
975 1648 1
977 1857 1
978 1024 1
978 1463 1
979 1016 1
980 1232 1
981 1683 1
981 1905 1
982 1257 1
983 1544 1
983 1976 1
984 1424 1
984 1627 1
984 1547 1
984 1622 1
985 1505 1
985 1672 1
985 1206 1
985 1210 1
986 1315 1
986 997 1
986 1924 1
988 1584 1
988 1239 1
990 1348 1
990 1129 1
990 1686 1
990 1851 1
992 1041 1
993 1338 1
994 1253 1
995 1476 1
995 1701 1
996 1308 1
997 1789 1
998 1915 1
998 1589 1
999 1789 1
1000 1329 1
1000 1790 1
1000 1047 1
1001 1969 1
1001 1444 1
1002 1991 1
1002 1262 1
1003 1203 1
1004 1177 1
1004 1562 1
1005 1756 1
1006 1121 1
1006 1731 1
1007 1850 1
1007 1031 1
1009 1462 1
1009 1262 1
1010 1649 1
1010 1113 1
1010 1130 1
1011 1454 1
1012 1773 1
1012 1494 1
1012 1815 1
1012 1370 1
1013 1579 1
1013 1499 1
1013 1071 1
1014 1866 1
1014 1331 1
1014 1815 1
1015 1570 1
1016 1410 1
1016 1485 1
1016 1807 1
1017 1896 1
1017 1491 1
1017 1318 1
1017 1294 1
1017 1853 1
1018 1307 1
1019 1890 1
1019 1638 1
1019 1199 1
1020 1933 1
1020 1573 1
1020 1598 1
1020 1749 1
1022 1188 1
1023 1876 1
1023 1212 1
1023 1997 1
1023 1526 1
1024 1921 1
1024 1179 1
1025 1441 1
1026 1982 1
1027 1082 1
1027 1596 1
1027 1798 1
1028 1508 1
1028 1660 1
1028 1715 1
1028 1598 1
1029 1483 1
1029 1647 1
1029 1235 1
1029 1935 1
1030 1936 1
1032 1615 1
1032 1915 1
1032 1692 1
1033 1336 1
1033 1760 1
1033 1595 1
1033 1501 1
1034 1283 1
1034 1957 1
1034 1958 1
1035 1620 1
1036 1659 1
1036 1914 1
1036 1853 1
1036 1183 1
1037 1186 1
1037 1179 1
1037 1132 1
1038 1912 1
1038 1693 1
1039 1926 1
1039 1853 1
1041 1371 1
1041 1963 1
1042 1157 1
1042 1594 1
1043 1144 1
1043 1405 1
1044 1490 1
1045 1582 1
1045 1727 1
1046 1567 1
1047 1440 1
1047 1443 1
1048 1279 1
1049 1160 1
1049 1712 1
1049 1778 1
1049 1876 1
1049 1097 1
1050 1777 1
1051 1613 1
1052 1601 1
1052 1251 1
1052 1907 1
1053 1623 1
1055 1644 1
1055 1757 1
1056 1831 1
1057 1920 1
1057 1730 1
1057 1675 1
1057 1133 1
1057 1844 1
1058 1072 1
1058 1653 1
1059 1387 1
1060 1798 1
1060 1999 1
1060 1682 1
1060 1582 1
1060 1239 1
1060 1880 1
1060 1274 1
1060 1470 1
1063 1121 1
1063 1159 1
1063 1384 1
1064 1603 1
1064 1381 1
1064 1544 1
1064 1936 1
1064 1394 1
1064 1141 1
1065 1564 1
1065 1171 1
1066 1840 1
1068 1711 1
1068 1582 1
1069 1259 1
1070 1987 1
1070 1994 1
1070 1170 1
1070 1642 1
1071 1528 1
1071 1165 1
1072 1619 1
1072 1127 1
1073 1113 1
1073 1418 1
1073 1557 1
1074 1454 1
1075 1497 1
1077 1394 1
1078 1796 1
1081 1253 1
1081 1479 1
1081 1649 1
1081 1394 1
1081 1243 1
1082 1592 1
1082 1379 1
1082 1984 1
1083 1825 1
1083 1838 1
1084 1452 1
1084 1765 1
1085 1728 1
1085 1378 1
1085 1374 1
1086 1564 1
1087 1584 1
1087 1342 1
1089 1152 1
1089 1434 1
1089 1342 1
1090 1977 1
1090 1350 1
1091 1281 1
1091 1797 1
1093 1114 1
1093 1627 1
1094 1385 1
1094 1114 1
1094 1703 1
1095 1210 1
1095 1966 1
1097 1636 1
1098 1770 1
1098 1459 1
1099 1546 1
1100 1863 1
1100 1391 1
1100 1254 1
1101 1754 1
1101 1686 1
1102 1508 1
1103 1618 1
1104 1922 1
1104 1239 1
1104 1460 1
1104 1358 1
1105 1904 1
1105 1764 1
1105 1640 1
1105 1485 1
1106 1416 1
1107 1902 1
1108 1817 1
1109 1680 1
1110 1923 1
1110 1174 1
1111 1320 1
1111 1682 1
1111 1141 1
1112 1259 1
1114 1839 1
1114 1552 1
1115 1541 1
1116 1568 1
1116 1601 1
1116 1162 1
1116 1582 1
1116 1686 1
1116 1404 1
1117 1999 1
1117 1716 1
1118 1992 1
1118 1962 1
1118 1675 1
1119 1313 1
1119 1399 1
1120 1379 1
1120 1524 1
1121 1450 1
1121 1359 1
1122 1422 1
1123 1708 1
1124 1934 1
1124 1806 1
1124 1175 1
1125 1964 1
1125 1133 1
1126 1159 1
1126 1129 1
1126 1259 1
1126 1870 1
1126 1212 1
1127 1422 1
1128 1440 1
1128 1779 1
1129 1867 1
1130 1686 1
1130 1437 1
1131 1550 1
1132 1145 1
1132 1946 1
1133 1674 1
1133 1771 1
1133 1808 1
1134 1913 1
1134 1653 1
1135 1878 1
1135 1836 1
1135 1565 1
1137 1892 1
1137 1415 1
1138 1760 1
1138 1320 1
1138 1512 1
1138 1778 1
1138 1340 1
1138 1770 1
1139 1725 1
1139 1974 1
1140 1634 1
1141 1693 1
1143 1753 1
1143 1610 1
1143 1228 1
1144 1172 1
1147 1437 1
1149 1518 1
1150 1862 1
1150 1177 1
1150 1438 1
1151 1692 1
1151 1422 1
1153 1346 1
1153 1484 1
1153 1717 1
1154 1442 1
1155 1709 1
1155 1903 1
1155 1778 1
1156 1266 1
1157 1993 1
1158 1512 1
1158 1633 1
1159 1871 1
1160 1826 1
1161 1664 1
1164 1538 1
1164 1480 1
1164 1260 1
1164 1747 1
1164 1269 1
1165 1841 1
1167 1768 1
1167 1707 1
1168 1844 1
1168 1742 1
1168 1494 1
1169 1339 1
1169 1603 1
1170 1972 1
1172 1741 1
1173 1593 1
1173 1526 1
1173 1773 1
1174 1824 1
1174 1508 1
1174 1597 1
1175 1186 1
1175 1501 1
1176 1970 1
1177 1572 1
1177 1589 1
1178 1780 1
1179 1299 1
1181 1864 1
1181 1289 1
1181 1659 1
1184 1217 1
1184 1413 1
1184 1625 1
1185 1277 1
1186 1632 1
1187 1268 1
1187 1758 1
1189 1299 1
1190 1575 1
1190 1330 1
1191 1684 1
1192 1272 1
1192 1900 1
1193 1580 1
1193 1482 1
1194 1536 1
1195 1850 1
1195 1934 1
1196 1984 1
1196 1836 1
1197 1648 1
1198 1237 1
1198 1302 1
1198 1519 1
1199 1587 1
1200 1859 1
1202 1940 1
1202 1645 1
1202 1342 1
1203 1752 1
1205 1819 1
1205 1935 1
1205 1255 1
1208 1736 1
1208 1420 1
1209 1789 1
1210 1897 1
1211 1668 1
1211 1293 1
1212 1453 1
1213 1906 1
1213 1532 1
1214 1254 1
1214 1759 1
1215 1733 1
1215 1453 1
1215 1869 1
1215 1264 1
1215 1669 1
1217 1700 1
1218 1862 1
1218 1759 1
1219 1579 1
1219 1349 1
1220 1799 1
1221 1863 1
1221 1748 1
1222 1724 1
1222 1414 1
1225 1574 1
1225 1328 1
1226 1486 1
1227 1320 1
1227 1718 1
1228 1738 1
1228 1308 1
1229 1924 1
1229 1322 1
1229 1267 1
1230 1494 1
1230 1746 1
1230 1903 1
1230 1302 1
1231 1826 1
1231 1566 1
1232 1641 1
1233 1737 1
1233 1301 1
1233 1830 1
1233 1693 1
1234 1735 1
1234 1355 1
1234 1678 1
1234 1363 1
1234 1302 1
1235 1881 1
1235 1727 1
1236 1618 1
1237 1553 1
1237 1506 1
1237 1801 1
1239 1475 1
1239 1919 1
1240 1521 1
1241 1728 1
1243 1893 1
1243 1990 1
1243 1588 1
1247 1532 1
1248 1343 1
1249 1753 1
1250 1852 1
1251 1848 1
1251 1362 1
1251 1398 1
1252 1351 1
1253 1642 1
1254 1472 1
1254 1562 1
1255 1794 1
1255 1517 1
1255 1970 1
1255 1661 1
1256 1516 1
1257 1302 1
1258 1630 1
1259 1415 1
1259 1816 1
1261 1910 1
1262 1535 1
1263 1340 1
1264 1504 1
1265 1696 1
1265 1958 1
1265 1484 1
1265 1966 1
1265 1455 1
1265 1815 1
1267 1518 1
1270 1467 1
1271 1936 1
1272 1884 1
1272 1484 1
1273 1618 1
1274 1485 1
1276 1294 1
1278 1815 1
1280 1856 1
1282 1561 1
1282 1715 1
1282 1454 1
1284 1803 1
1284 1797 1
1284 1309 1
1285 1434 1
1286 1410 1
1286 1895 1
1286 1648 1
1286 1336 1
1286 1918 1
1287 1475 1
1288 1884 1
1288 1460 1
1288 1454 1
1290 1670 1
1291 1903 1
1292 1728 1
1292 1549 1
1294 1356 1
1295 1786 1
1295 1686 1
1296 1321 1
1297 1870 1
1297 1574 1
1298 1416 1
1298 1999 1
1299 1957 1
1299 1427 1
1300 1362 1
1300 1646 1
1300 1437 1
1301 1753 1
1302 1712 1
1304 1932 1
1305 1728 1
1306 1947 1
1307 1835 1
1309 1573 1
1310 1340 1
1311 1419 1
1311 1452 1
1312 1428 1
1313 1955 1
1313 1707 1
1313 1367 1
1314 1613 1
1315 1829 1
1316 1907 1
1316 1764 1
1317 1658 1
1317 1895 1
1319 1640 1
1319 1486 1
1321 1852 1
1322 1679 1
1323 1805 1
1324 1986 1
1325 1776 1
1325 1399 1
1325 1628 1
1325 1631 1
1326 1498 1
1326 1907 1
1328 1428 1
1330 1737 1
1330 1940 1
1330 1374 1
1331 1603 1
1332 1620 1
1332 1887 1
1333 1413 1
1333 1350 1
1333 1900 1
1333 1918 1
1334 1531 1
1335 1641 1
1335 1618 1
1336 1650 1
1336 1565 1
1337 1449 1
1337 1421 1
1337 1907 1
1339 1505 1
1339 1891 1
1339 1852 1
1339 1981 1
1339 1950 1
1340 1391 1
1341 1822 1
1341 1671 1
1342 1959 1
1343 1713 1
1343 1647 1
1344 1819 1
1344 1780 1
1345 1912 1
1347 1979 1
1349 1576 1
1349 1976 1
1350 1948 1
1351 1908 1
1351 1458 1
1354 1469 1
1354 1909 1
1355 1749 1
1355 1925 1
1359 1490 1
1360 1866 1
1360 1396 1
1361 1835 1
1363 1573 1
1363 1928 1
1363 1386 1
1363 1436 1
1364 1858 1
1364 1796 1
1365 1843 1
1365 1997 1
1366 1624 1
1366 1637 1
1367 1697 1
1367 1800 1
1369 1421 1
1369 1913 1
1370 1795 1
1370 1395 1
1370 1989 1
1371 1873 1
1371 1738 1
1371 1676 1
1371 1962 1
1372 1384 1
1372 1724 1
1372 1494 1
1377 1512 1
1378 1924 1
1378 1927 1
1378 1519 1
1379 1766 1
1379 1546 1
1380 1874 1
1380 1447 1
1381 1787 1
1381 1582 1
1382 1452 1
1382 1997 1
1382 1855 1
1384 1612 1
1384 1598 1
1385 1627 1
1385 1910 1
1386 1626 1
1387 1573 1
1387 1830 1
1388 1977 1
1389 1547 1
1390 1906 1
1390 1501 1
1390 1935 1
1391 1456 1
1392 1937 1
1393 1616 1
1393 1836 1
1393 1803 1
1394 1804 1
1395 1954 1
1396 1692 1
1398 1627 1
1399 1687 1
1399 1498 1
1399 1596 1
1400 1431 1
1401 1560 1
1404 1868 1
1404 1852 1
1405 1935 1
1407 1949 1
1408 1791 1
1408 1409 1
1409 1612 1
1410 1730 1
1410 1798 1
1412 1763 1
1412 1645 1
1412 1727 1
1414 1863 1
1416 1474 1
1416 1731 1
1416 1909 1
1416 1913 1
1417 1738 1
1420 1601 1
1422 1626 1
1423 1892 1
1423 1428 1
1423 1445 1
1424 1513 1
1424 1752 1
1425 1795 1
1425 1926 1
1425 1512 1
1426 1838 1
1426 1691 1
1427 1742 1
1427 1624 1
1427 1659 1
1430 1528 1
1432 1876 1
1432 1733 1
1433 1589 1
1434 1507 1
1434 1607 1
1434 1752 1
1434 1914 1
1434 1467 1
1436 1610 1
1436 1597 1
1437 1972 1
1438 1819 1
1439 1486 1
1440 1863 1
1440 1444 1
1441 1473 1
1442 1770 1
1442 1517 1
1443 1691 1
1443 1915 1
1444 1780 1
1445 1450 1
1445 1732 1
1445 1743 1
1446 1885 1
1447 1787 1
1448 1562 1
1449 1996 1
1450 1749 1
1455 1609 1
1456 1835 1
1457 1539 1
1457 1807 1
1457 1956 1
1457 1917 1
1457 1695 1
1459 1482 1
1459 1582 1
1459 1998 1
1460 1493 1
1460 1694 1
1461 1750 1
1461 1816 1
1463 1787 1
1464 1873 1
1464 1550 1
1465 1914 1
1465 1694 1
1469 1813 1
1469 1944 1
1469 1470 1
1470 1996 1
1471 1854 1
1475 1684 1
1477 1782 1
1478 1772 1
1480 1833 1
1480 1783 1
1481 1505 1
1482 1697 1
1482 1577 1
1482 1897 1
1483 1806 1
1484 1549 1
1484 1999 1
1485 1597 1
1486 1824 1
1487 1965 1
1487 1507 1
1488 1766 1
1490 1902 1
1491 1889 1
1493 1522 1
1493 1674 1
1494 1756 1
1495 1521 1
1498 1516 1
1499 1664 1
1502 1876 1
1503 1573 1
1504 1730 1
1504 1669 1
1504 1993 1
1504 1719 1
1506 1798 1
1506 1646 1
1506 1629 1
1508 1831 1
1508 1869 1
1508 1744 1
1509 1876 1
1510 1767 1
1511 1856 1
1511 1750 1
1511 1975 1
1513 1827 1
1514 1624 1
1514 1558 1
1515 1854 1
1516 1622 1
1517 1525 1
1518 1977 1
1519 1999 1
1521 1578 1
1522 1741 1
1522 1681 1
1523 1651 1
1524 1617 1
1525 1910 1
1526 1682 1
1529 1998 1
1530 1984 1
1534 1768 1
1536 1578 1
1540 1968 1
1540 1984 1
1542 1985 1
1543 1749 1
1544 1599 1
1545 1882 1
1546 1991 1
1546 1561 1
1547 1592 1
1549 1556 1
1550 1640 1
1550 1578 1
1550 1694 1
1552 1857 1
1553 1641 1
1553 1788 1
1555 1755 1
1556 1857 1
1560 1745 1
1561 1774 1
1563 1972 1
1566 1688 1
1566 1803 1
1566 1888 1
1567 1583 1
1569 1954 1
1570 1762 1
1570 1588 1
1571 1664 1
1571 1941 1
1571 1692 1
1571 1727 1
1575 1941 1
1576 1969 1
1579 1612 1
1582 1992 1
1582 1993 1
1582 1999 1
1582 1842 1
1583 1614 1
1584 1785 1
1585 1674 1
1586 1671 1
1589 1979 1
1592 1891 1
1593 1671 1
1593 1640 1
1593 1907 1
1595 1932 1
1596 1975 1
1597 1647 1
1599 1919 1
1599 1895 1
1600 1826 1
1602 1846 1
1605 1740 1
1605 1615 1
1608 1929 1
1610 1835 1
1610 1623 1
1610 1645 1
1610 1946 1
1611 1740 1
1611 1934 1
1613 1673 1
1614 1912 1
1614 1667 1
1615 1883 1
1617 1855 1
1618 1661 1
1619 1965 1
1620 1702 1
1624 1919 1
1625 1820 1
1626 1671 1
1627 1680 1
1627 1685 1
1627 1654 1
1627 1918 1
1628 1709 1
1629 1921 1
1629 1650 1
1631 1813 1
1633 1744 1
1634 1999 1
1635 1971 1
1637 1839 1
1640 1810 1
1644 1821 1
1646 1894 1
1647 1908 1
1647 1972 1
1648 1822 1
1649 1654 1
1650 1966 1
1650 1781 1
1653 1831 1
1660 1843 1
1661 1933 1
1662 1703 1
1664 1848 1
1666 1888 1
1666 1833 1
1666 1714 1
1667 1973 1
1667 1807 1
1669 1792 1
1673 1967 1
1678 1747 1
1680 1985 1
1682 1979 1
1685 1816 1
1685 1691 1
1686 1878 1
1687 1887 1
1694 1963 1
1694 1903 1
1695 1993 1
1696 1975 1
1696 1716 1
1696 1885 1
1697 1792 1
1697 1824 1
1698 1798 1
1699 1881 1
1704 1978 1
1706 1726 1
1708 1947 1
1711 1949 1
1714 1743 1
1721 1944 1
1721 1765 1
1723 1799 1
1724 1742 1
1727 1790 1
1728 1867 1
1728 1850 1
1729 1933 1
1731 1921 1
1734 1760 1
1734 1798 1
1735 1958 1
1741 1995 1
1746 1762 1
1746 1802 1
1750 1920 1
1753 1809 1
1754 1953 1
1754 1779 1
1754 1916 1
1758 1908 1
1760 1932 1
1760 1977 1
1764 1924 1
1766 1919 1
1769 1979 1
1770 1861 1
1770 1811 1
1773 1867 1
1773 1936 1
1775 1881 1
1778 1894 1
1778 1962 1
1778 1915 1
1785 1796 1
1788 1898 1
1789 1860 1
1793 1853 1
1796 1921 1
1797 1967 1
1798 1997 1
1798 1944 1
1799 1929 1
1805 1814 1
1806 1944 1
1806 1821 1
1807 1920 1
1808 1823 1
1811 1990 1
1813 1834 1
1814 1857 1
1815 1990 1
1817 1977 1
1818 1880 1
1819 1906 1
1819 1850 1
1826 1975 1
1829 1879 1
1829 1982 1
1839 1929 1
1849 1931 1
1853 1915 1
1854 1955 1
1854 1886 1
1855 1913 1
1862 1976 1
1865 1994 1
1867 1935 1
1871 1940 1
1872 1945 1
1873 1986 1
1873 1947 1
1874 1950 1
1875 1887 1
1879 1902 1
1879 1935 1
1881 1987 1
1886 1893 1
1887 1973 1
1891 1994 1
1903 1940 1
1904 1984 1
1912 1932 1
1912 1939 1
1926 1955 1
1956 1991 1
1957 1984 1
1958 1984 1
1973 1981 1
1981 1991 1
